14 0.33992873281249997 0 0.3351492078125 0.0139241546875 0.1104054078125 0.9153223 0.2167043265625 0.928527809375 0.2467068765625 0.557024375 0.49338399375 0.0035102234375 0.4731303359375 0 0.33992873281249997 0
47 0.2859375 0.53671875 0.1125 0.240625
36 0.32734375 0.5578125 0.1078125 0.2671875
48 0.353125 0.58515625 0.1 0.2578125
51 0.3859375 0.59296875 0.109375 0.278125
34 0.42109375 0.60546875 0.10625 0.2296875
53 0.465625 0.5703125 0.14375 0.45
38 0.48515625 0.646875 0.134375 0.290625
2 0.5009198828125 0.9262535156249999 0.5857162265625 0.940746725 0.603144971875 0.78219565625 0.738665803125 0.46027176875000003 0.6483204875 0.4310974109375 0.5009198828125 0.9262535156249999
0 0.7131736531249999 0.6068392984375001 0.6732937406249999 0.5777601125 0.5761795578125 0.8386363546875 0.632276734375 0.8758939984375 0.7131736531249999 0.6068392984375001
0 0.70546875 0.71640625 0.1328125 0.271875