14 0.32878967812500004 0.984334128125 0.268026209375 0.616607659375 0.37346877031250003 0.0198586484375 0.2257083828125 0.03062539375 0.22245359062499998 0.06824370156250001 0.22245359062499998 0.997236915625 0.32878967812500004 0.984334128125
47 0.3015625 0.5875 0.0578125 0.2328125
36 0.34609375 0.59765625 0.0453125 0.2640625
48 0.378125 0.61796875 0.0390625 0.25625
51 0.41171875 0.61796875 0.04375 0.275
34 0.44921875 0.62109375 0.053125 0.2234375
53 0.48359375 0.5765625 0.034375 0.4546875
38 0.52109375 0.64609375 0.0671875 0.2828125
2 0.7219652796875 0.4037133828125 0.627245690625 0.3972621390625 0.6040126171875 0.913369425 0.689796371875 0.90691803125 0.668350434375 0.7488602125 0.7219652796875 0.4037133828125
0 0.6558402484375 0.8101479046875 0.7192845390625 0.8327277015625001 0.73268825 0.552094340625 0.68695805 0.5335267546875 0.6558402484375 0.8101479046875
0 0.7515625 0.66015625 0.071875 0.2625