12 0.06171875 0.44765625 0.103125 0.5953125
34 0.128125 0.43984375 0.0625 0.325
49 0.203125 0.53984375 0.1109375 0.8015625
20 0.3328125 0.4375 0.1328125 0.703125
58 0.413175009375 1 0.45833235937500005 0.3028601890625 0.356340675 0.312812240625 0.40124794374999995 0.6167244828125 0.3406925984375 0.95938765625 0.4074602203125 1 0.413175009375 1
51 0.46875 0.621875 0.0875 0.3609375
48 0.53125 0.5546875 0.071875 0.2828125
57 0.5701714578125 0.55705470625 0.5055009953125 0.9357089203125 0.6532129984374999 0.8839491921875 0.6124696140625 0.5376539578124999 0.6438331640625 0.28204335937499997 0.5355530421875 0.3280493765625 0.5701714578125 0.55705470625
38 0.6578125 0.5265625 0.0859375 0.3234375
47 0.73984375 0.54609375 0.11875 0.4859375
5 0.8801151109375001 0.5103838984375 0.89955465 0.14406335625 0.8192104718750001 0.3718822703125 0.85556021875 0.8840525703125 0.9095596296874999 0.7638710328125 0.8801151109375001 0.5103838984375
0 0.8959150203125 0.7320850125 0.9585116109375 0.729899090625 0.9256615125 0.2506933578125 0.8715416265625 0.3700548265625 0.8959150203125 0.7320850125