12 0.0640625 0.43203125 0.0828125 0.5921875
34 0.13046875 0.4265625 0.0515625 0.3234375
49 0.2015625 0.5296875 0.0828125 0.7984375
20 0.33515625 0.43203125 0.1078125 0.7
58 0.465237821875 0.30152610156250004 0.362960946875 0.30791263281250003 0.397234475 0.6132069796875 0.324757246875 0.9535480609375 0.3954449390625 1 0.465237821875 0.30152610156250004
51 0.46484375 0.62109375 0.075 0.3578125
48 0.5296875 0.55546875 0.0625 0.28125
57 0.63972003125 0.8890623578125 0.611086996875 0.5415561531249999 0.651352121875 0.2871958375 0.541532375 0.32939490781249997 0.56813753125 0.5594688984375 0.49029162187499997 0.9356354796874999 0.63972003125 0.8890623578125
38 0.65703125 0.53203125 0.075 0.3203125
47 0.73828125 0.5546875 0.1015625 0.4828125
5 0.9117332625 0.1582244390625 0.8234872624999999 0.3831006015625 0.8419403796875 0.8962274890625 0.9001011703125 0.7780037140625 0.8795211625 0.5236433984375 0.9117332625 0.1582244390625
0 0.8875741890625 0.7457608671875 0.9502089359375001 0.7457608671875 0.9341028874999999 0.26570060156249997 0.8758503140625 0.3831006015625 0.8875741890625 0.7457608671875