12 0.06953125 0.4015625 0.1234375 0.596875
34 0.13671875 0.40078125 0.0734375 0.3265625
49 0.2 0.50859375 0.1390625 0.8015625
20 0.340625 0.4203125 0.15625 0.70625
58 0.3895878875 0.605762653125 0.293546215625 0.9402189234374999 0.36082139375 0.9914886328125 0.479167340625 0.2995846875 0.3766941046875 0.29882118750000003 0.3895878875 0.605762653125
51 0.45625 0.61796875 0.1 0.3625
48 0.52578125 0.55703125 0.08125 0.284375
57 0.6658279031250001 0.29827200781249996 0.5533320140625 0.3327076453125 0.5638232109375 0.56407706875 0.45992687656250003 0.9338970718749999 0.6122400625 0.8978609984375 0.607917584375 0.5492039609375 0.6658279031250001 0.29827200781249996
38 0.6546875 0.54296875 0.096875 0.325
47 0.73359375 0.57109375 0.134375 0.4890625
5 0.8134679984375 0.9191148546875001 0.8797339859375001 0.8052361578125 0.8769473874999999 0.5500598625 0.934571359375 0.18777804843749998 0.830853753125 0.40595069375000004 0.8134679984375 0.9191148546875001
0 0.9493893343750001 0.2965528296875 0.8830892515625001 0.4096033546875 0.869486665625 0.7721980140625 0.9319688375 0.7765671937499999 0.9493893343750001 0.2965528296875