10 0.08046875 0.52578125 0.103125 0.43125
59 0.15234375 0.565625 0.065625 0.3328125
42 0.2078125 0.55078125 0.0421875 0.403125
53 0.2421875 0.528125 0.046875 0.4953125
41 0.290625 0.58203125 0.059375 0.4140625
51 0.35390625 0.62421875 0.0796875 0.3296875
48 0.409375 0.63046875 0.0515625 0.2234375
36 0.478125 0.62265625 0.05 0.2734375
42 0.5109375 0.5234375 0.04375 0.378125
47 0.57109375 0.6375 0.08125 0.3359375
5 0.72109375 0.57421875 0.075 0.35
0 0.7734375 0.575 0.0421875 0.3015625
0 0.81328125 0.58515625 0.0453125 0.3015625
46 0.88046875 0.55078125 0.096875 0.3234375
40 0.80907011875 0.9613062828125001 0.9442884234375001 1 0.982044103125 0.3871624921875 0.9253403312499999 0.389718075 0.92497143125 0.7223562828125 0.8424357 0.70908119375 0.80907011875 0.9613062828125001