10 0.08359375 0.5546875 0.1328125 0.4375
59 0.1578125 0.58984375 0.0890625 0.3359375
42 0.21171875 0.57109375 0.0703125 0.4046875
53 0.24453125 0.54609375 0.08125 0.496875
41 0.296875 0.59609375 0.0875 0.4171875
51 0.36328125 0.634375 0.103125 0.334375
48 0.41875 0.63671875 0.0671875 0.2265625
36 0.48671875 0.62421875 0.06875 0.2765625
42 0.5125 0.52265625 0.0703125 0.3796875
47 0.58046875 0.63203125 0.1046875 0.340625
5 0.72578125 0.55859375 0.1 0.3546875
0 0.778125 0.55546875 0.0625 0.303125
0 0.81875 0.56328125 0.065625 0.3046875
46 0.8828125 0.52421875 0.11875 0.3296875
40 0.972998721875 0.35381166249999996 0.9166113453125 0.36031647499999997 0.9394470125 0.692170125 0.8561863109375001 0.684684775 0.8404963390625 0.938622921875 0.9780843953125 0.9677900312500001 0.972998721875 0.35381166249999996