28 0.1109375 0.63984375 0.2125 0.421875
51 0.22421875 0.6640625 0.1828125 0.31875
42 0.275 0.57890625 0.1234375 0.325
45 0.325 0.5921875 0.14375 0.3765625
48 0.390625 0.63359375 0.1359375 0.271875
36 0.46796875 0.65390625 0.15 0.3125
44 0.52265625 0.55 0.21875 0.4640625
1 0.74296875 0.5328125 0.1484375 0.3890625
0 0.80625 0.56875 0.1515625 0.35
46 0.88046875 0.503125 0.178125 0.278125
40 1 0.62908474375 0.9464426984375001 0.3226508140625 0.8954101265625001 0.3497373640625 0.9633871218750001 0.60480669375 0.870217234375 0.6775541031250001 0.9137718687499999 0.8991756515624999 1 0.881156625 1 0.62908474375