15 0.140625 0.475 0.1453125 0.6015625
42 0.20234375 0.4515625 0.0921875 0.565625
45 0.24140625 0.52265625 0.0875 0.5546875
48 0.26640625 0.609375 0.08125 0.378125
37 0.33515625 0.53125 0.1328125 0.5578125
48 0.38671875 0.5921875 0.0734375 0.3359375
57 0.440625 0.56953125 0.1 0.375
42 0.48984375 0.51171875 0.065625 0.475
47 0.51953125 0.60859375 0.096875 0.371875
2 0.659375 0.54140625 0.1234375 0.5484375
0 0.71484375 0.58046875 0.075 0.3625
0 0.759375 0.6 0.0796875 0.41875
46 0.8359375 0.53671875 0.121875 0.3765625
40 0.8335104921875001 1 0.945392628125 0.3258075296875 0.8972300765625001 0.309451328125 0.8582303234375 0.6797749078125 0.783481159375 0.749124965625 0.750656075 0.9917794453125 0.7671059062500001 1 0.8335104921875001 1