10 0.09140625 0.5984375 0.1765625 0.4421875
59 0.16875 0.625 0.121875 0.3390625
42 0.22109375 0.60078125 0.1109375 0.4046875
53 0.25078125 0.57265625 0.1328125 0.4953125
41 0.3078125 0.6171875 0.1296875 0.41875
51 0.37734375 0.64765625 0.1359375 0.3390625
48 0.43359375 0.64453125 0.0890625 0.2296875
36 0.5 0.62421875 0.096875 0.278125
42 0.51484375 0.52109375 0.109375 0.3796875
47 0.59375 0.6234375 0.1390625 0.3453125
5 0.73046875 0.534375 0.134375 0.3578125
0 0.78203125 0.5265625 0.09375 0.3046875
0 0.8234375 0.5296875 0.096875 0.3046875
46 0.88359375 0.48359375 0.1515625 0.3359375
40 1 0.7005778890625 0.9551267421875 0.30517066718749997 0.8997282 0.31753393124999996 0.9571269234375 0.6451826765625001 0.8735398999999999 0.6464414453125 0.88447964375 0.9006285406250001 1 0.9127067546875001 1 0.7005778890625