28 0.0953125 0.43984375 0.190625 0.4203125
51 0.1796875 0.515625 0.1734375 0.31875
42 0.26484375 0.4640625 0.1125 0.3265625
45 0.30234375 0.49921875 0.13125 0.378125
48 0.34140625 0.56640625 0.128125 0.271875
36 0.39921875 0.62109375 0.1390625 0.3125
44 0.496875 0.5546875 0.2046875 0.465625
1 0.69921875 0.64296875 0.1359375 0.390625
0 0.73828125 0.7046875 0.140625 0.3515625
46 0.834375 0.68125 0.1703125 0.275
40 0.8314635703125001 1 0.97744590625 0.5530021140625 0.9196704531250001 0.552959778125 0.85994278125 0.81008589375 0.7435258140625 0.8305774328125001 0.69211096875 1 0.8314635703125001 1