28 0.08828125 0.534375 0.1109375 0.40625
51 0.19140625 0.5875 0.1078125 0.3015625
42 0.2625 0.51796875 0.040625 0.325
45 0.30703125 0.54375 0.0484375 0.3765625
48 0.36015625 0.60078125 0.0703125 0.2625
36 0.42890625 0.640625 0.0734375 0.303125
44 0.509375 0.55390625 0.1046875 0.453125
1 0.7265625 0.59453125 0.05 0.3890625
0 0.778125 0.64609375 0.0640625 0.3453125
46 0.86640625 0.6015625 0.115625 0.25625
40 0.9771318796875 0.4442417140625 0.920827684375 0.45719711093750004 0.9204716203125001 0.7211689046875 0.8116480046874999 0.767323365625 0.7963586734375 0.9926661109375001 0.9276666265625 1 0.9771318796875 0.4442417140625