15 0.13984375 0.50625 0.09375 0.5953125
42 0.19921875 0.47734375 0.04375 0.5640625
45 0.24453125 0.5453125 0.0390625 0.553125
48 0.2765625 0.6296875 0.0484375 0.375
37 0.33828125 0.5453125 0.084375 0.553125
48 0.3953125 0.6015625 0.0453125 0.3328125
57 0.446875 0.57421875 0.06875 0.3703125
42 0.490625 0.5125 0.025 0.475
47 0.52890625 0.60625 0.065625 0.3671875
2 0.6625 0.52734375 0.0765625 0.54375
0 0.72109375 0.56171875 0.04375 0.359375
0 0.7671875 0.57734375 0.04375 0.4171875
46 0.8375 0.50703125 0.090625 0.3703125
40 0.79256365625 0.9680619593750001 0.8734240874999999 1 0.9285159000000001 0.28765185937500004 0.879111084375 0.275555540625 0.8725355640625001 0.6478689796875 0.8041151 0.723469959375 0.79256365625 0.9680619593750001