21 0.13671875 0.33046875 0.1109375 0.3953125
58 0.11598648593750001 0.8339484671875 0.2647911984375 0.8440426671875001 0.2550480640625 0.2955905109375 0.1912746140625 0.28213162187499996 0.1983605265625 0.507568978125 0.1478732109375 0.5344869328125 0.11598648593750001 0.8339484671875
36 0.27421875 0.41640625 0.053125 0.2828125
48 0.32421875 0.4234375 0.0578125 0.309375
36 0.38125 0.42265625 0.0515625 0.2765625
54 0.43203125 0.40546875 0.071875 0.2515625
51 0.50234375 0.4078125 0.0671875 0.30625
38 0.578125 0.4390625 0.0859375 0.359375
2 0.759375 0.378125 0.075 0.4
5 0.840625 0.346875 0.0859375 0.36875
0 0.9234375 0.353125 0.08125 0.36875