12 0.075 0.5609375 0.0734375 0.5796875
45 0.12578125 0.53359375 0.05 0.3609375
48 0.1703125 0.58203125 0.046875 0.3421875
49 0.234375 0.5921875 0.0640625 0.4078125
42 0.27734375 0.49609375 0.05 0.334375
51 0.3296875 0.5421875 0.0578125 0.296875
48 0.37578125 0.5328125 0.0421875 0.3015625
57 0.43515625 0.53359375 0.06875 0.3375
12 0.5703125 0.46796875 0.0578125 0.453125
51 0.6390625 0.475 0.0828125 0.3140625
38 0.70078125 0.48359375 0.046875 0.34375
34 0.7546875 0.490625 0.0625 0.321875
46 0.84453125 0.4390625 0.1359375 0.325