21 0.1640625 0.28125 0.165625 0.40625
58 0.2002426625 0.4655152171875 0.14650043125 0.48514473125 0.07324703593750001 0.7772541515625 0.21919875000000003 0.8079597296875001 0.285880221875 0.2634890890625 0.2246005265625 0.2412856328125 0.2002426625 0.4655152171875
36 0.28828125 0.3859375 0.0921875 0.2875
48 0.33671875 0.4 0.1 0.3140625
36 0.39296875 0.40703125 0.0890625 0.28125
54 0.44609375 0.396875 0.10625 0.259375
51 0.51484375 0.409375 0.109375 0.3125
38 0.5859375 0.45078125 0.134375 0.3671875
2 0.7734375 0.415625 0.1296875 0.40625
5 0.85859375 0.39609375 0.1359375 0.3765625
0 0.93671875 0.41328125 0.1265625 0.3765625