12 0.08125 0.47890625 0.1625 0.5828125
45 0.1265625 0.46171875 0.1171875 0.3640625
48 0.1609375 0.51796875 0.1109375 0.3453125
49 0.221875 0.53984375 0.140625 0.4125
42 0.28203125 0.45390625 0.1125 0.3375
51 0.325 0.50859375 0.1140625 0.303125
48 0.371875 0.50859375 0.0984375 0.3046875
57 0.4296875 0.5203125 0.13125 0.34375
12 0.575 0.48203125 0.14375 0.45625
51 0.64140625 0.50234375 0.140625 0.3234375
38 0.7 0.521875 0.1109375 0.346875
34 0.7515625 0.5390625 0.1234375 0.328125
46 0.85 0.50625 0.1953125 0.3453125