10 0.20859375 0.71875 0.2453125 0.5625
45 0.3568267859375 1 0.3666743421875 0.995595175 0.31309808906250003 0.5391989578125 0.2382073203125 0.5546538875 0.3320345515625 1 0.3568267859375 1
34 0.36875 0.8359375 0.103125 0.2328125
53 0.4 0.75078125 0.159375 0.440625
51 0.45625 0.76640625 0.1296875 0.2890625
48 0.50546875 0.70390625 0.1390625 0.325
45 0.5765625 0.74296875 0.1734375 0.490625
37 0.72265625 0.63203125 0.2265625 0.5703125
51 0.83046875 0.76796875 0.1328125 0.2890625
48 0.875 0.6921875 0.1515625 0.33125
49 0.93671875 0.70703125 0.1265625 0.3859375