12 0.1458539859375 0.785976165625 0.19850005625 0.802551665625 0.1850031734375 0.1936587078125 0.0947715 0.1920167921875 0.1458539859375 0.785976165625
38 0.22265625 0.6421875 0.0984375 0.2890625
49 0.28828125 0.72265625 0.1140625 0.5546875
53 0.3109375 0.5140625 0.153125 0.6953125
42 0.38359375 0.64765625 0.11875 0.509375
37 0.46015625 0.55390625 0.1578125 0.640625
2 0.58515625 0.496875 0.1671875 0.6734375
0 0.67421875 0.6234375 0.1 0.3734375
0 0.75703125 0.66953125 0.1296875 0.484375
46 0.82265625 0.57265625 0.128125 0.3578125
40 0.90703125 0.56875 0.1375 0.60625