10 0.1640625 0.646875 0.1140625 0.559375
45 0.2156828875 0.95486338125 0.25073935937499997 0.9486194843750001 0.3091667890625 0.49281891718750004 0.232761709375 0.4896970515625 0.2156828875 0.95486338125
34 0.29140625 0.79453125 0.05 0.228125
53 0.3421875 0.71875 0.0546875 0.440625
51 0.39296875 0.74765625 0.0625 0.2828125
48 0.45625 0.69921875 0.0640625 0.31875
45 0.515625 0.75390625 0.05625 0.4921875
37 0.684375 0.68203125 0.0921875 0.5640625
51 0.75625 0.83984375 0.0671875 0.28125
48 0.8171875 0.77734375 0.075 0.3234375
49 0.8984375 0.8125 0.090625 0.375