12 0.27502339062500003 0.12256985625000001 0.188291246875 0.09763021250000001 0.083905140625 0.68457203125 0.130467284375 0.7142085390624999 0.27502339062500003 0.12256985625000001
38 0.19609375 0.565625 0.103125 0.2890625
49 0.23671875 0.66875 0.1234375 0.56875
53 0.3140625 0.4640625 0.1640625 0.6953125
42 0.34921875 0.6125 0.128125 0.509375
37 0.44765625 0.54140625 0.16875 0.640625
2 0.58359375 0.51875 0.178125 0.671875
0 0.6359375 0.6640625 0.10625 0.3734375
0 0.7046875 0.7296875 0.1375 0.484375
46 0.79296875 0.65390625 0.134375 0.3578125
40 0.875 0.671875 0.146875 0.60625