12 0.11364200937499999 0.740685 0.16387561875 0.763552890625 0.2246847234375 0.15755367343749999 0.1353257234375 0.144927521875 0.11364200937499999 0.740685
38 0.2078125 0.60703125 0.0640625 0.2828125
49 0.2625 0.70390625 0.0453125 0.56875
53 0.3109375 0.490625 0.06875 0.6921875
42 0.36640625 0.63203125 0.0578125 0.50625
37 0.45390625 0.5484375 0.08125 0.6359375
2 0.58515625 0.50703125 0.0859375 0.6671875
0 0.6578125 0.64375 0.05625 0.36875
0 0.734375 0.69921875 0.071875 0.4796875
46 0.81171875 0.61171875 0.0859375 0.35
40 0.8953125 0.61796875 0.0640625 0.603125