22 0.0765625 0.66171875 0.1046875 0.4328125
54 0.153125 0.7234375 0.05625 0.2015625
49 0.21015625 0.71171875 0.0640625 0.325
51 0.275 0.74609375 0.071875 0.253125
34 0.3375 0.7265625 0.0578125 0.20625
45 0.3890625 0.6046875 0.0578125 0.4296875
40 0.4359375 0.7875 0.0578125 0.3078125
42 0.49453125 0.66875 0.0421875 0.340625
47 0.55234375 0.69765625 0.078125 0.25
49 0.6171875 0.71328125 0.0703125 0.503125
45 0.678125 0.5578125 0.0453125 0.4625
54 0.71171875 0.66640625 0.0453125 0.2265625
52 0.7640625 0.67265625 0.071875 0.275
5 0.85078125 0.70859375 0.0765625 0.2734375
0 0.9015625 0.703125 0.0484375 0.203125
0 0.95078125 0.7171875 0.0609375 0.2859375