22 0.11484375 0.73984375 0.184375 0.4421875
54 0.20234375 0.78515625 0.09375 0.20625
49 0.25546875 0.7625 0.1234375 0.328125
51 0.3265625 0.784375 0.11875 0.259375
34 0.38359375 0.753125 0.0953125 0.2109375
45 0.41171875 0.62421875 0.1375 0.4296875
40 0.4921875 0.79453125 0.115625 0.3109375
42 0.5265625 0.6671875 0.10625 0.340625
47 0.5890625 0.68359375 0.1234375 0.2578125
49 0.65546875 0.6875 0.1640625 0.503125
45 0.6859375 0.52265625 0.1328125 0.4609375
54 0.7390625 0.6234375 0.0875 0.2296875
52 0.7921875 0.61953125 0.121875 0.28125
5 0.88359375 0.63828125 0.1265625 0.28125
0 0.9328125 0.62265625 0.0859375 0.2078125
0 0.96328125 0.6265625 0.0734375 0.290625