22 0.0734375 0.6546875 0.096875 0.43125
54 0.14921875 0.7171875 0.053125 0.2
49 0.20625 0.70625 0.0578125 0.3234375
51 0.27109375 0.7421875 0.0671875 0.2515625
34 0.33359375 0.7234375 0.0546875 0.2046875
45 0.3875 0.603125 0.05 0.428125
40 0.43125 0.78671875 0.053125 0.30625
42 0.49140625 0.66875 0.0359375 0.340625
47 0.54921875 0.6984375 0.0734375 0.2484375
49 0.61328125 0.715625 0.0609375 0.5015625
45 0.67734375 0.5609375 0.0375 0.4625
54 0.70859375 0.6703125 0.040625 0.2265625
52 0.7609375 0.67734375 0.0671875 0.2734375
5 0.846875 0.71484375 0.071875 0.271875
0 0.89765625 0.71015625 0.0453125 0.203125
0 0.946875 0.725 0.05625 0.284375