21 0.1646803546875 0.458827925 0.1587355078125 0.507244809375 0.1404833140625 0.5172904265625 0.12444199687499999 0.45388727500000003 0.1247858875 0.3679225640625 0.1132400875 0.3787916234375 0.107295240625 0.4272085078125 0.1110292109375 0.4522403921875 0.0604242546875 0.64261416875 0.051506985937500006 0.715239496875 0.058213378125000007 0.7160629375 0.0678921953125 0.6926779375 0.0768094640625 0.620052609375 0.11663016562499999 0.48978821874999995 0.1173917125 0.5390285453125 0.1278320765625 0.5648838703125 0.14795125468749998 0.5673541953125001 0.137928546875 0.676703909375 0.1446349390625 0.67752735 0.1594970546875 0.5564851359375 0.1691758703125 0.5331001359374999 0.182171 0.3995419796875 0.1646803546875 0.458827925
48 0.226904875 0.478754840625 0.206785696875 0.476284515625 0.19600144375 0.5363939015625 0.1863226265625 0.5597789015625 0.17443293437500001 0.6566126734375 0.1800338890625 0.6941605 0.21169886875000002 0.685761765625 0.2310565015625 0.6389917640625 0.237001346875 0.5905748765625 0.226904875 0.478754840625
57 0.25262500781249997 0.518772990625 0.2466801625 0.5671898765625001 0.2571205265625 0.5930452015625 0.2511756796875 0.6414620875 0.23181804687500002 0.688232090625 0.2161943859375 0.7600339765624999 0.229607171875 0.761680859375 0.25007024218749996 0.6781864734374999 0.256776634375 0.6790099140625 0.26797854375 0.7541055671875 0.2795243453125 0.7432365078125 0.2683224359375 0.6681408546875 0.27426728125 0.6197239703124999 0.2936249140625 0.5729539671875 0.2947303515625 0.53622958125 0.2880239578125 0.5354061406249999 0.2686663265625 0.5821761421875 0.257464415625 0.507080490625 0.25262500781249997 0.518772990625
42 0.33759724062499996 0.6029264999999999 0.34727605625 0.5795414984375 0.345409071875 0.5670255562500001 0.333863271875 0.577894615625 0.30856079375 0.6730815046874999 0.2996435234375 0.7457068328124999 0.3130563109375 0.747353715625 0.32197357968749996 0.6747283875 0.3316523953125 0.6513433859375 0.33759724062499996 0.6029264999999999
42 0.33752347656250004 0.38175675 0.3382850234375 0.43099707656249997 0.3550878875 0.5436405546875 0.36552825 0.5694958812500001 0.3837804453125 0.5594502640625 0.3848858828125 0.5227258796875 0.371473096875 0.5210789953125 0.3490692765625 0.3708876921875 0.33752347656250004 0.38175675
45 0.3823311140625 0.6821393609374999 0.3726522984375 0.7055243625000001 0.36076260625 0.8023581328124999 0.37417539375 0.804005015625 0.3890375078125 0.682962803125 0.3987163234375 0.6595778015625 0.40466117031250004 0.6111609140625001 0.4143399859375 0.5877759140625 0.4262296765625 0.49094214375 0.43590849374999996 0.46755714218750005 0.441853340625 0.41914025781250003 0.436252384375 0.38159243125 0.42173416093749994 0.41666993281250003 0.40092720000000004 0.58612903125 0.3912483828125 0.60951403125 0.3823311140625 0.6821393609374999
48 0.44600496562499997 0.5793771796875 0.421807925 0.6378396828125 0.41289065625 0.7104650109375 0.42222558125000004 0.7730447218750001 0.44718416875000006 0.7638225453125 0.4732481921875 0.717875984375 0.491844278125 0.6218656546875 0.4862433234375 0.584317828125 0.44600496562499997 0.5793771796875
36 0.5161150812499999 0.784572903125 0.5265554453125 0.810428228125 0.55151403125 0.8012060515625 0.5775780562499999 0.7552594906250001 0.5622982859375 0.741096665625 0.5526194703125 0.7644816671875 0.5257938984375 0.7611879015625 0.5201929421875 0.7236400749999999 0.5291102125 0.6510147468749999 0.5417614515625 0.603421303125 0.5331880734375 0.5900819187499999 0.51196345625 0.624335978125 0.5156974265625001 0.6493678640625 0.5067801578125 0.7219931921875 0.5161150812499999 0.784572903125
42 0.5880184203125001 0.7811148171875 0.6058529578125 0.635864159375 0.5972795796875 0.6225247765625 0.5746056328125 0.7794679343750001 0.5880184203125001 0.7811148171875
42 0.599834346875 0.4631112953125 0.6110362578124999 0.5382069484375 0.608063834375 0.562415390625 0.6136647890625 0.5999632171875 0.618504196875 0.588270715625 0.627421465625 0.5156453890625 0.618086540625 0.45306567812500004 0.6046737546875 0.4514187953125 0.599834346875 0.4631112953125
47 0.62970610625 0.6633663703125 0.64014646875 0.6892216953125 0.6156055375 0.833648909375 0.635724715625 0.836119234375 0.6550823484375 0.7893492328125 0.6639996171875 0.7167239046875 0.685224234375 0.6824698437500001 0.6975315828124999 0.7208411124999999 0.6982931296875 0.7700814390625 0.685641890625 0.8176748828125 0.6942152671875 0.8310142656249999 0.713916790625 0.6982795515625 0.7083158359375 0.6607317265625 0.6479583 0.653320753125 0.64422433125 0.6282888671875 0.62970610625 0.6633663703125
13 0.9308060062499999 0.8723506609375 0.942695696875 0.775516890625 0.9389617265625001 0.75048500625 0.9449065718749999 0.7020681203125 0.93107613125 0.5652161984374999 0.9243697390625 0.5643927578125 0.8972002765625 0.647063703125 0.8645036234375001 0.9133565718750001 0.8846228015625 0.9158268968750001 0.91628778125 0.9074281624999999 0.9308060062499999 0.8723506609375