21 0.1656995078125 0.633395603125 0.129890096875 0.5786692890625 0.1022278796875 0.497276096875 0.09484973125 0.5113119390625 0.10499176406249999 0.55902645625 0.1166718859375 0.58147890625 0.1308036 0.777956209375 0.14601665 0.849527984375 0.1526257546875 0.8481231765624999 0.1541638453125 0.822861109375 0.13895079375 0.7512893328125 0.1341920703125 0.6151575796875 0.15094320781249998 0.6614672890625 0.1692324375 0.6825149296874999 0.189059753125 0.678300503125 0.21518388125 0.7849557625 0.2217929859375 0.7835509546874999 0.19643790156250002 0.6642646609375 0.197975990625 0.63900259375 0.16678084531249998 0.5084900765625 0.1695447296875 0.5702404359375 0.1796867640625 0.617954953125 0.1656995078125 0.633395603125
48 0.2244124125 0.633383359375 0.2228743234375 0.6586454265625 0.24315839062500003 0.7540744609375001 0.26067857499999997 0.7877531359375001 0.287884040625 0.7695028671874999 0.2909602171875 0.7189787328125 0.280818184375 0.6712642140625 0.23486673906250002 0.5688233828125 0.21503942343750002 0.5730378078125 0.2244124125 0.633383359375
57 0.3006455 0.6670497890625 0.310787534375 0.71476430625 0.30771135625 0.765288440625 0.3163153015625 0.8382650249999999 0.32953351406250003 0.8354554078125 0.3216986125 0.749847790625 0.3283077171875 0.74844298125 0.36334808281250003 0.81580033125 0.370726234375 0.8017644875000001 0.3356858671875 0.7344071390625 0.3255438328125 0.686692621875 0.32862001093750004 0.6361684859375 0.31770893125 0.601085003125 0.3110998265625 0.6024898125 0.30802364843749996 0.653013946875 0.2729832828125 0.585656596875 0.27221423906250003 0.5982876312500001 0.282356271875 0.6460021484375 0.3006455 0.6670497890625
42 0.37565279218750003 0.6137037921874999 0.36827464375 0.627739634375 0.37534049999999997 0.7259782875 0.39055355 0.7975500624999999 0.4037717609375 0.7947404437500001 0.3885587109375 0.72316866875 0.3900968 0.6979066015625001 0.379954765625 0.650192084375 0.38149285312500003 0.6249300171875001 0.37565279218750003 0.6137037921874999
42 0.37719088125 0.588441725 0.395480109375 0.609489365625 0.40946736406250006 0.5940487140624999 0.3985562859375 0.55896523125 0.385338075 0.5617748484375 0.3152573421875 0.4270601515625 0.30787919218750004 0.44109599375 0.32463033124999996 0.48740570156249996 0.37719088125 0.588441725
45 0.4667866375 0.8312164921875 0.4800048484375 0.8284068734375 0.454649765625 0.7091205828125 0.456187853125 0.683858515625 0.44604581874999993 0.636143996875 0.4475839078125 0.6108819296875 0.4272998390625 0.5154528953125 0.4288379296875 0.490190828125 0.4186958953125 0.4424763125 0.4011757109375 0.40879763750000003 0.3988685796875 0.4466907375 0.43436569687500004 0.6136915468749999 0.43282760781249996 0.6389536140625001 0.44804065781249997 0.710525390625 0.44650257031249996 0.7357874578125 0.4667866375 0.8312164921875
48 0.486157203125 0.7273586062499999 0.515357509375 0.7834897296875 0.53595386875 0.7666442703125 0.5456391515625 0.7147153265624999 0.5319641890625 0.6178814828125 0.51444400625 0.584202809375 0.47478937343750005 0.5926316609375 0.47094415312500004 0.65578683125 0.486157203125 0.7273586062499999
36 0.6467705718750001 0.7680245890624999 0.6564558546875 0.716095646875 0.6373975828125 0.7076790390625 0.6358594937500001 0.73294110625 0.6094230734375 0.738560340625 0.5919028890625 0.704881665625 0.5766898390625 0.633309890625 0.5731569109375 0.5841905640625 0.56070774375 0.5743691484375 0.5517915046875 0.6136670578125 0.5634716281250001 0.6361195078125 0.5786846796875 0.7076912828124999 0.6078849843749999 0.7638224078125 0.6261742124999999 0.7848700484375 0.6467705718750001 0.7680245890624999
42 0.6318698140625 0.58417831875 0.661526871875 0.7399529046875 0.6747450828125 0.7371432875 0.64431898125 0.593999734375 0.6318698140625 0.58417831875
42 0.6224968265624999 0.52383276875 0.640017009375 0.55751144375 0.640786053125 0.5448804093749999 0.625573003125 0.47330863437500004 0.5963726968749999 0.4171775109375 0.5831544875 0.419987128125 0.5823854421875 0.43261816093750005 0.617425809375 0.499975509375 0.6224968265624999 0.52383276875
47 0.7179326421875001 0.7778337609375 0.737759959375 0.773619334375 0.7408361359375 0.7230952 0.7256230859375 0.6515234249999999 0.734539325 0.6122255156249999 0.7586686140625 0.64449938125 0.775419753125 0.6908090890625 0.7789526812500001 0.7399284140625 0.791401846875 0.74974983125 0.76681580625 0.6178325046875 0.749295625 0.58415383125 0.689813675 0.596797109375 0.678133553125 0.5743446578125 0.6758264203125 0.6122377593749999 0.6941156484375 0.6332854015625 0.7179326421875001 0.7778337609375
13 1 0.6004689187500001 0.9965964078124999 0.5939262671875001 0.9864543734375 0.54621175 0.9288228078125 0.4213184671875 0.922213703125 0.42272327499999995 0.9234394968749999 0.5097357015624999 0.9792206828125 0.7721655453125 0.9990479999999999 0.76795111875 1 0.7673124875 1 0.6004689187500001