21 0.16216216249999998 0.5 0.16216216249999998 0.5487804875 0.1452702703125 0.560975609375 0.121621621875 0.5 0.11148648593749999 0.414634146875 0.1013513515625 0.42682926875 0.1013513515625 0.47560975625 0.10810810781249999 0.5 0.08108108124999999 0.6951219515625 0.08108108124999999 0.7682926828125 0.0878378375 0.7682926828125 0.0945945953125 0.7439024390625 0.0945945953125 0.6707317078125 0.11824324374999999 0.5365853656249999 0.125 0.585365853125 0.1385135140625 0.609756096875 0.15878378437500001 0.609756096875 0.16216216249999998 0.7195121953125 0.16891891875 0.7195121953125 0.16891891875 0.597560975 0.175675675 0.5731707312500001 0.172297296875 0.43902439062500004 0.16216216249999998 0.5
48 0.22635135156250002 0.5121951218749999 0.20608108125000002 0.5121951218749999 0.202702703125 0.5731707312500001 0.1959459453125 0.597560975 0.1959459453125 0.6951219515625 0.20608108125000002 0.7317073171875 0.2364864859375 0.7195121953125 0.25 0.6707317078125 0.25 0.62195121875 0.22635135156250002 0.5121951218749999
57 0.25675675625 0.5487804875 0.25675675625 0.597560975 0.2702702703125 0.62195121875 0.2702702703125 0.6707317078125 0.25675675625 0.7195121953125 0.25 0.7926829265625 0.2635135140625 0.7926829265625 0.2736486484375 0.7073170734375 0.2804054046875 0.7073170734375 0.30067567500000003 0.7804878046875 0.31081081093749996 0.7682926828125 0.290540540625 0.6951219515625 0.290540540625 0.6463414640625 0.3040540546875 0.597560975 0.30067567500000003 0.560975609375 0.29391891875 0.560975609375 0.2804054046875 0.609756096875 0.260135134375 0.5365853656249999 0.25675675625 0.5487804875
42 0.3513513515625 0.62195121875 0.3581081078125 0.597560975 0.3547297296875 0.585365853125 0.3445945953125 0.597560975 0.33108108125 0.6951219515625 0.33108108125 0.7682926828125 0.3445945953125 0.7682926828125 0.3445945953125 0.6951219515625 0.3513513515625 0.6707317078125 0.3513513515625 0.62195121875
42 0.32432432499999997 0.40243902499999995 0.33108108125 0.4512195125 0.3614864859375 0.560975609375 0.375 0.585365853125 0.3918918921875 0.5731707312500001 0.3885135140625 0.5365853656249999 0.375 0.5365853656249999 0.334459459375 0.390243903125 0.32432432499999997 0.40243902499999995
45 0.40540540468749997 0.6951219515625 0.3986486484375 0.7195121953125 0.3986486484375 0.8170731703125 0.41216216250000004 0.8170731703125 0.41216216250000004 0.6951219515625 0.41891891875000004 0.6707317078125 0.41891891875000004 0.62195121875 0.42567567500000003 0.597560975 0.42567567500000003 0.5 0.4324324328125 0.47560975625 0.4324324328125 0.42682926875 0.42229729687499995 0.390243903125 0.41216216250000004 0.42682926875 0.41216216250000004 0.597560975 0.40540540468749997 0.62195121875 0.40540540468749997 0.6951219515625
48 0.45608108124999996 0.585365853125 0.4391891890625 0.6463414640625 0.4391891890625 0.7195121953125 0.45608108124999996 0.7804878046875 0.47972972968749994 0.7682926828125 0.5 0.7195121953125 0.5067567562499999 0.62195121875 0.496621621875 0.585365853125 0.45608108124999996 0.585365853125
36 0.550675675 0.7804878046875 0.5641891890624999 0.8048780484375 0.5878378375 0.7926829265625 0.6081081078125 0.7439024390625 0.591216215625 0.7317073171875 0.584459459375 0.7560975609375 0.5574324328125 0.7560975609375 0.547297296875 0.7195121953125 0.547297296875 0.6463414640625 0.5540540546875 0.597560975 0.54391891875 0.585365853125 0.5270270265625 0.62195121875 0.533783784375 0.6463414640625 0.533783784375 0.7195121953125 0.550675675 0.7804878046875
42 0.6216216218749999 0.7682926828125 0.6216216218749999 0.62195121875 0.6114864859375 0.609756096875 0.6081081078125 0.7682926828125 0.6216216218749999 0.7682926828125
42 0.5945945953125 0.4512195125 0.614864865625 0.52439024375 0.614864865625 0.5487804875 0.625 0.585365853125 0.6283783781250001 0.5731707312500001 0.6283783781250001 0.5 0.6114864859375 0.43902439062500004 0.5979729734375 0.43902439062500004 0.5945945953125 0.4512195125
47 0.6486486484375 0.6463414640625 0.6621621625 0.6707317078125 0.6554054046875 0.8170731703125 0.675675675 0.8170731703125 0.6891891890624999 0.7682926828125 0.6891891890624999 0.6951219515625 0.70608108125 0.6585365859375 0.7229729734375 0.6951219515625 0.7297297296874999 0.7439024390625 0.7229729734375 0.7926829265625 0.7331081078125 0.8048780484375 0.7364864859375 0.6707317078125 0.7263513515625 0.6341463421875 0.665540540625 0.6341463421875 0.658783784375 0.609756096875 0.6486486484375 0.6463414640625
13 0.9729729734375001 0.8170731703125 0.9729729734375001 0.7195121953125 0.966216215625 0.6951219515625 0.966216215625 0.6463414640625 0.9358108109375 0.5121951218749999 0.9290540546875 0.5121951218749999 0.9121621624999999 0.597560975 0.9121621624999999 0.8658536578125 0.9324324328125 0.8658536578125 0.9628378375000001 0.8536585359375 0.9729729734375001 0.8170731703125