10 0 0.7744377859375 0.032267503125 0.7064093437500001 0.0481045484375 0.6180642046875 0.0767681640625 0.5713728203125 0.09168565625 0.5674010234375 0.055577910937499996 0.71222128125 0.0672331140625 0.71512725 0.133746909375 0.48559431249999996 0.1693802625 0.28681775 0.1424590796875 0.2954878390625 0.0095281625 0.6238283234375 0 0.6656068187499999 0 0.7744377859375
47 0.106729053125 0.6249897890625 0.148441821875 0.5507873375 0.09963341249999999 0.7155144046874999 0.1670959953125 0.5938940781250001 0.16117171875 0.72316648125 0.186669721875 0.552627478125 0.1394778375 0.617772684375 0.15670883124999999 0.499010509375 0.1113852890625 0.5876949859375 0.106729053125 0.6249897890625
36 0.38914516875 0.764624353125 0.3605782265625 0.6805903484375 0.3997256796875 0.598057146875 0.40799268906249997 0.5462803203125 0.376415271875 0.5922452093749999 0.3518368234375 0.6784108718749999 0.3487004421875 0.746849203125 0.38914516875 0.764624353125
58 0.45787579218749996 0.5510264265625 0.44191284062499997 0.577811003125 0.41524347187500005 0.70960221875 0.4335491578125 0.76031321875 0.35607713125 0.9717316671875 0.49239624375 0.6980739781249999 0.510798603125 0.6180595921875 0.4527743984375 0.726650875 0.4265501875 0.7201124453125 0.45787579218749996 0.5510264265625
37 0.5005665796875001 0.7770225390625 0.5401884265625 0.748445640625 0.539965846875 0.8176104640625 0.5738567640625 0.6568551953124999 0.6874365375 0.3006164890625 0.7216759421875001 0.1322569640625 0.7031476750000001 0.1507107859375 0.6380278265625 0.3498266859375 0.7043190421875 0.1894585734375 0.5542830375000001 0.698121796875 0.4925221515625 0.7596345437500001 0.48286119375 0.8418284078125 0.511650715625 0.8566975890625 0.5005665796875001 0.7770225390625
53 0.2032641859375 0.615845653125 0.1906184234375 0.6966467265625 0.20936649687500003 0.6966570984375 0.177505971875 0.8846060937500001 0.24255948749999998 0.6349713718750001 0.2749717703125 0.6290603124999999 0.2596865109375 0.5926003515625 0.3598086359375 0.221114134375 0.38006736406249997 0.11793614375000001 0.2885086140625 0.4318784765625 0.2304144609375 0.6272790109375 0.2032641859375 0.615845653125
34 0.281099684375 0.8451372718749999 0.304837959375 0.67848380625 0.2676560046875 0.7298466875 0.26776624375 0.6692407890625 0.3269972 0.5451972046875 0.2857419171875 0.6084249796875 0.2539238546875 0.698438209375 0.24350168125 0.7891219875 0.27213721562500004 0.7682769453125 0.281099684375 0.8451372718749999
24 0.8019789562499999 0.42930592812499996 0.797675925 0.367599678125 0.7562963875000001 0.414507159375 0.689372040625 0.6064508859375 0.6057826656249999 0.8514640984374999 0.5726575796875 0.9504795218750001 0.6699451468750001 0.7182099515625 0.726689921875 0.6297476125 0.8019789562499999 0.42930592812499996
45 0.6686297234375 0.8438129968749999 0.6544648328125 0.938227659375 0.678228715625 0.9068396796875 0.6753006140625 0.8734609203125 0.733394771875 0.6780603703125 0.8149643421875 0.5351539484375001 0.875137890625 0.391577165625 0.860455040625 0.32261866875 0.7818475546875 0.5175689218749999 0.6930352734375 0.7133722125 0.7175408437499999 0.6927639250000001 0.6686297234375 0.8438129968749999
54 0.8134707671875001 0.6840332250000001 0.7755080125 0.7911707812500001 0.7218355625 0.8710710359375 0.7575406109375 0.735385903125 0.748255771875 0.723742634375 0.700227253125 0.8750117796874999 0.693514053125 0.9432996734374999 0.7680902281249999 0.8359625703125 0.8084887484375001 0.7340963671875 0.8134707671875001 0.6840332250000001
52 0.7853091625 1 0.825361284375 0.7942725140625 0.894887584375 0.6996686671875 0.9189739640625 0.6030634765625 0.8353250015624999 0.69414613125 0.7960831890625 0.7740246953125001 0.820243553125 0.7696758859374999 0.781041578125 0.9231457359374999 0.7691007578125 1 0.7853091625 1