10 0.078078078125 0.9029850749999999 0.09609609687500001 0.8134328359375 0.090090090625 0.7238805968750001 0.10660660625 0.6716417906250001 0.1201201203125 0.6641791046875001 0.1201201203125 0.8134328359375 0.1321321328125 0.8134328359375 0.141141140625 0.574626865625 0.127627628125 0.373134328125 0.10360360312500001 0.38805970156249997 0.0540540546875 0.7388059703125001 0.0570570578125 0.8880597015625 0.078078078125 0.9029850749999999
47 0.1666666671875 0.5820895515625 0.14414414375 0.679104478125 0.1486486484375 0.7164179109375 0.171171171875 0.6343283578125 0.1636636640625 0.8059701499999999 0.19969969999999998 0.6716417906250001 0.22522522500000003 0.7985074625 0.20870870937500002 0.626865671875 0.178678678125 0.7014925375 0.1666666671875 0.5820895515625
36 0.39939939999999996 0.7089552234375 0.41291291250000006 0.7761194031249999 0.45645645625000003 0.7835820890625 0.4084084078125 0.7089552234375 0.4264264265625 0.619402984375 0.421921921875 0.5671641796875 0.402402403125 0.619402984375 0.39939939999999996 0.7089552234375
58 0.5090090093749999 0.7313432828125 0.48198198124999997 0.7313432828125 0.471471471875 0.5597014921875 0.4624624625 0.5895522390625 0.46846846875 0.7238805968750001 0.4984984984375 0.7686567171875 0.47447447499999995 0.9925373140625 0.540540540625 0.69402985 0.5390390390625 0.6119402984375 0.5090090093749999 0.7313432828125
37 0.5660660656250001 0.8358208953125 0.597597596875 0.8432835828125 0.5675675671875 0.7686567171875 0.5990990984375 0.7313432828125 0.615615615625 0.7985074625 0.609609609375 0.6343283578125 0.633633634375 0.2611940296875 0.6261261265625 0.08955223906250001 0.6126126125 0.1119402984375 0.597597596875 0.320895521875 0.6231231234375 0.14925373125000002 0.6006006 0.679104478125 0.5555555562500001 0.75373134375 0.5660660656250001 0.8358208953125
53 0.2783107234375 0.4850663734375 0.2692138828125 0.688716925 0.2401041078125 0.6841914328125 0.24738152812499997 0.76565165625 0.2655752125 0.7611261500000001 0.2801300578125 0.951200015625 0.2828591015625 0.6932426421875 0.3128785859375 0.679665925 0.2892269015625 0.6479868203125 0.296504321875 0.263313596875 0.2912002640625 0.158299403125 0.2783107234375 0.4850663734375
34 0.3210657171875 0.8425863874999999 0.34380778125 0.8154329703125001 0.37109822187499997 0.887842 0.35381424687499996 0.7203960453125 0.33016256093749996 0.7792283578125 0.31560763125 0.7203960453125 0.343070315625 0.5857078203125 0.31833667499999996 0.657038015625 0.309239915625 0.7520749546875 0.3210657171875 0.8425863874999999
24 0.7176868140625 0.6706147312499999 0.7513450515625 0.5710522984375 0.775906446875 0.358350521875 0.756803140625 0.299518209375 0.7280007000000001 0.35504295468749997 0.70949968125 0.557475596875 0.6876673296875 0.8154329703125001 0.6794801984375 0.9195208953125 0.7176868140625 0.6706147312499999
45 0.7389207109375 0.6603346859375 0.757712765625 0.63441011875 0.7467965921874999 0.792805059375 0.7558934328125 0.887842 0.7713579875 0.8516373734375 0.7604418109375 0.819958478125 0.7695386515625 0.6163079109375 0.8141130656250001 0.45791295468750004 0.8377648343749999 0.3040437171875 0.8068355578125 0.2406856859375 0.7777257843750001 0.4488619546875 0.7389207109375 0.6603346859375
54 0.8414035046875 0.7611261500000001 0.8559583515625 0.6525125218750001 0.8486810124999999 0.602731209375 0.8377648343749999 0.71587034375 0.80501630625 0.8063817609375 0.8068355578125 0.6660892234375 0.79500975625 0.657038015625 0.7850032078125 0.8154329703125001 0.79500975625 0.8833164921875 0.8414035046875 0.7611261500000001
52 0.8750616609374999 0.8425863874999999 0.8832487921875 0.9330976124999999 0.8650552765624999 0.9874044171874999 0.8996230578125 0.951200015625 0.886887628125 0.70681934375 0.9314619578125001 0.5982057015625 0.9314619578125001 0.49864307500000005 0.872332615625 0.6072567015625 0.8535808265625 0.694255984375 0.8759714531249999 0.6841914328125 0.8750616609374999 0.8425863874999999