21 0 0.6963508109375 0.014142725 0.616340153125 0.0698826875 0.44670629531249995 0.084611590625 0.43555238125000006 0.084572521875 0.5003732734375 0.0369312765625 0.650555821875 0.0449686734375 0.6819042390625001 0.10580369999999999 0.50625229375 0.13373200000000002 0.44334824375000004 0.0766903125 0.6863182046875 0.09156378281250001 0.7067304984375 0.11026994062499999 0.61049565625 0.1518650453125 0.43285602812499996 0.1535672453125 0.3736147046875 0.0952409671875 0.49193427968750003 0.1016099484375 0.42483952187499996 0.0857575625 0.383211475 0.059447918749999995 0.42365252187499997 0.0038024656249999998 0.623090775 0 0.6402287765625 0 0.6963508109375
58 0.1280025171875 0.5859086062500001 0.1183129546875 0.6155633359375 0.12265687968750001 0.7022616546875 0.054207153125 0.8746812734375 0.053995632812500007 0.9201954328124999 0.13249096093749999 0.70417320625 0.1499398203125 0.7093170171875001 0.17730623437499998 0.679594128125 0.19538388281250002 0.57447648125 0.176750296875 0.56735020625 0.1291203390625 0.6649713671875 0.1280025171875 0.5859086062500001
48 0.2408443515625 0.553139953125 0.1926414765625 0.6633016203125 0.17168813125 0.7731166593750001 0.1874460046875 0.78494024375 0.25036115312499996 0.66926483125 0.2638721359375 0.575524425 0.2408443515625 0.553139953125
53 0.4161414453125 0.20037919531249998 0.40431041562500003 0.2208570734375 0.3091168203125 0.5773073828124999 0.2916736109375 0.545882840625 0.277061409375 0.6008625484375 0.2988488078125 0.59984121875 0.2614865625 0.79407273125 0.2722829765625 0.7768980484375 0.30966745625000003 0.5966877796875 0.32885727343750004 0.5969136390625 0.3390530140625 0.5585967390625 0.32452995625000003 0.55051736875 0.40290856562500005 0.290669440625 0.4161414453125 0.20037919531249998
51 0.3782948875 0.5364384796875 0.3789343671875 0.6119039984375 0.3452490265625 0.7104835546875 0.37019586875 0.6750339765625 0.39467568750000004 0.5834256124999999 0.41333711093750003 0.578292475 0.41725303125 0.5440111765625 0.39226173124999997 0.551418184375 0.37724370937499996 0.4994395921875 0.34256288437500004 0.5365013484375 0.34285232187500003 0.5677150890625 0.3782948875 0.5364384796875
42 0.42816585937499996 0.68980639375 0.4213131859375 0.6604404421875001 0.43156461718749994 0.5976046312500001 0.4408759296875 0.5678763796874999 0.43749967500000003 0.5549551921875 0.42099628281249996 0.6095672765625 0.4043592859375 0.6991958703125001 0.41484411093749995 0.72401146875 0.42816585937499996 0.68980639375
42 0.5006412171875 0.3225932671875 0.48322188906249997 0.41666445 0.48465131250000004 0.4537368625 0.503535478125 0.350528153125 0.5006412171875 0.3225932671875
45 0.5863604375 0.2589371421875 0.6129372531249999 0.14846311406249998 0.6047752265625 0.135333565625 0.4770664359375 0.6354242484375 0.4351597296875 0.8550542390625001 0.4426687125 0.8810435734375 0.5104736703125 0.540294840625 0.5863604375 0.2589371421875
0 0.6172136453125 0.550530246875 0.6157398 0.48541528749999996 0.602870325 0.502687128125 0.5618800421875 0.588833953125 0.537978725 0.68756315 0.5430124843749999 0.7323447109375001 0.5849855328125 0.67392279375 0.6172136453125 0.550530246875
5 0.70001643125 0.556106415625 0.7389469984375 0.4567943453125 0.9112085249999999 0.3708802890625 0.9186921281249999 0.335794371875 0.7469734421875 0.42155996875 0.7112802296875 0.47594620625 0.6790298984375001 0.5853174140624999 0.670068678125 0.746522871875 0.6594058484375 0.7286811265625001 0.6428580453125 0.7552505828125 0.662014396875 0.7940166640624999 0.6763206421875 0.7547465984375 0.685048171875 0.62503390625 0.70001643125 0.556106415625
46 0.860715946875 0.5855911421875 0.8268024984375 0.6893827156250001 0.826062609375 0.7295377296875001 0.8462648343750001 0.7124391859375 0.8644813843750001 0.6651685609375 0.8385778453125001 0.6934237078125001 0.8641923140625 0.6020359796875 0.882992953125 0.5356055937499999 0.8555542421875 0.54954534375 0.82465010625 0.613623115625 0.8373767609374999 0.5319950765625 0.8083972875000001 0.5579002265625 0.7895243562500001 0.6085474578125 0.8060334015624999 0.5276546421874999 0.7625029953125 0.5577398437500001 0.7419948203125 0.5905480187500001 0.7445655546875 0.6221608421875 0.7845128515625001 0.5777872265624999 0.7828663062500001 0.6125096359375 0.7434295453125 0.72048394375 0.741176709375 0.7603448734375 0.7850021500000001 0.6479672640625 0.82057303125 0.5760360515625 0.8122406328125 0.626980059375 0.7866539968749999 0.706108371875 0.7878109015625 0.7203501734375 0.829867465625 0.6251499968750001 0.8575398812499999 0.5797174187499999 0.860715946875 0.5855911421875
40 0.8172749671874999 1 0.8189700515625 0.9962337281250001 0.8807395390625 0.81375496875 0.8963973015625 0.8220549015625 0.8974653625 0.7802115796875 0.8872030125 0.776464603125 0.9293987906250001 0.6199671921875 0.9482050765625001 0.5272560875 0.9432714171875001 0.48599824687500004 0.9154989015625 0.5279071203125 0.8986450984375001 0.5701862656250001 0.8718014421875001 0.6315489703125 0.8622063609374999 0.691008171875 0.9016262390625001 0.661876059375 0.9195868968750001 0.6320769578125 0.8943728578125001 0.7375595265625 0.874515425 0.7932717625000001 0.8318193890625001 0.8130064062500001 0.7942515484375 0.9073270875 0.7663454515625 0.9842523765625 0.76406865 1 0.8172749671874999 1