21 0.1385139453125 0.7808655812499999 0.1385139453125 0.682829540625 0.145449590625 0.5005169328125 0.1358167390625 0.44203924375000003 0.10113851874999999 0.569314134375 0.0945882 0.5022368375 0.0710840609375 0.4643983921875 0.052974315625000004 0.509116540625 0.0364058390625 0.715508203125 0.033323325 0.8324635 0.047602929687500004 0.8439768781250001 0.0452680390625 0.7069085953124999 0.0676162359375 0.529755703125 0.0799462609375 0.5159963109375 0.09227631875 0.579633715625 0.0741665578125 0.736147365625 0.0880378453125 0.765386215625 0.11423919062500001 0.5813536218750001 0.12965170937499998 0.514276325 0.12001889375000001 0.7636663109375 0.1385139453125 0.7808655812499999
58 0.1955403296875 0.62779174375 0.16741246406250002 0.7327075546875 0.15122929375 0.6553106890625 0.1473761453125 0.6862694328125001 0.168183078125 0.7705460000000001 0.13389018125000002 0.9528586078125001 0.1423670578125 0.9975769046874999 0.178201221875 0.7705460000000001 0.19631098125 0.7722659046875 0.21750320312500002 0.7378673515624999 0.21519132187499998 0.631231634375 0.1955403296875 0.62779174375
48 0.2872449734375 0.713788296875 0.282621209375 0.6191921484375 0.2557453515625 0.6016128515625 0.22944793593749999 0.71894808125 0.2298332609375 0.8307435953125 0.2475576640625 0.8393432031250001 0.2872449734375 0.713788296875
53 0.337393003125 0.5830704859375 0.3647502546875 0.3130413515625 0.36051181875 0.221885040625 0.352805521875 0.24424414843750003 0.3273748265625 0.61230925625 0.3042560125 0.5847903921875 0.30040290000000003 0.6415481078124999 0.321595125 0.6363883109375 0.3219804484375 0.8341802968750001 0.32930141874999996 0.8152611078125 0.3316133 0.6312285140625 0.3504936421875 0.627788634375 0.35319084843750004 0.588230284375 0.337393003125 0.5830704859375
51 0.3524202328125 0.565871134375 0.358660215625 0.5964561625 0.38748374218750004 0.5589914328125001 0.40251097343750003 0.6329484187500001 0.38825439375 0.73614425625 0.40597879375 0.6965859046875 0.41252914843750005 0.601989675 0.42986826093749997 0.59339008125 0.4271710546875 0.5589914328125001 0.4040522390625 0.57103091875 0.3793921578125 0.5228728921875 0.3524202328125 0.565871134375
42 0.4441248390625 0.7137851890625 0.4591520671875 0.73614425625 0.465702421875 0.700025715625 0.45337236406250003 0.6725068515625 0.451445809375 0.6088694453125 0.4549136296875 0.5779107031249999 0.4491339265625 0.565871134375 0.44335422500000005 0.6226288375 0.4441248390625 0.7137851890625
42 0.4761058875 0.4575155140625 0.4749499484375 0.3525997703125 0.4667786359375 0.325730378125 0.46762897812500004 0.42139697343750004 0.4761058875 0.4575155140625
45 0.516428590625 0.8849820546875 0.5179698578124999 0.537556040625 0.538776790625 0.246887796875 0.543785878125 0.13337239218750002 0.5332685749999999 0.122041459375 0.5033279546875 0.6373120546875 0.5040985703125 0.8609030000000001 0.516428590625 0.8849820546875
0 0.586555684375 0.719868715625 0.6166101421875 0.6545113375 0.6247017265625 0.5272364453125 0.6108304390625 0.4635990546875 0.6014930359374999 0.483009175 0.5776934484375 0.5753945546875 0.5730696843749999 0.6768704046875 0.586555684375 0.719868715625
5 0.721689078125 0.7164226218749999 0.705505909375 0.587427825 0.707047175 0.5169106484375 0.7263128421875 0.41199491874999994 0.8790162640625001 0.29479029687499997 0.8796676640625 0.2589210671875 0.72746878125 0.37587637812499997 0.7028087359375 0.4360739734375 0.6920199453125 0.5495893781250001 0.71398281875 0.70954291875 0.7001115296875 0.694063540625 0.6889374484374999 0.7233023109375 0.7151387609375 0.7577009453125 0.721689078125 0.7164226218749999
46 0.847686615625 0.559908959375 0.8661816671875 0.510030959375 0.8704201390625 0.5151907437500001 0.8569341421875001 0.623546365625 0.8638697843750001 0.663104796875 0.88043828125 0.6424656343749999 0.8893004812499999 0.592587621875 0.8692641999999999 0.6252662703125 0.8769704578124999 0.530670121875 0.8827501609375 0.46187291874999997 0.85847540625 0.48079210781250004 0.84036568125 0.5495893781250001 0.8372831484375001 0.467032715625 0.8137790453125 0.497991459375 0.804916809375 0.551309284375 0.8056874609375001 0.46875262187500005 0.7686973578125 0.5065910671875 0.7548260703125 0.5427096078125 0.763381584375 0.5732510953125 0.7941280515625 0.5220704453125 0.79913710625 0.55646908125 0.781027378125 0.6699844859375 0.7864217578125 0.70954291875 0.8079993421875 0.590867715625 0.8291915640624999 0.5134708375 0.8307328296875 0.56506875625 0.8207146875 0.64762541875 0.8245678 0.6613848109375 0.847686615625 0.559908959375
40 0.8538516453125 0.9245341890625 0.8569341421875001 0.9881716624999999 0.890456421875 1 0.9077955328125 0.9262541625 0.9336115515625 0.7353418781250001 0.9505653390625 0.740501675 0.9436296937499999 0.6992233375 0.9328409359375 0.6975033515625 0.9444003453125 0.5358299046874999 0.94517099375 0.44123375625000005 0.9324556125000001 0.40167532499999997 0.9131899453125 0.448113459375 0.9047130359375 0.49283167499999997 0.8900711296875 0.5581889859375 0.8919976875 0.61838658125 0.9251346421875001 0.582268040625 0.937079375 0.5495893781250001 0.9324556125000001 0.657945 0.9235934125 0.7164226218749999 0.8854473703125001 0.7439414734375001 0.8665669906250001 0.8436975 0.8538516453125 0.9245341890625