23 0.096491228125 0.35 0.0561403515625 0.41875 0.0561403515625 0.53125 0.031578946875 0.65625 0.04912280625 0.71875 0.1298245609375 0.50625 0.124561403125 0.375 0.096491228125 0.35
47 0.47192982499999997 0.6 0.46491228125 0.475 0.4421052625 0.50625 0.4596491234375 0.51875 0.45789473750000004 0.65 0.5 0.575 0.5192982453125 0.64375 0.5105263156250001 0.525 0.47192982499999997 0.6
1 0.645614034375 0.68125 0.63508771875 0.59375 0.661403509375 0.425 0.6280701750000001 0.56875 0.6280701750000001 0.65625 0.645614034375 0.68125
0 0.6842105265625 0.64375 0.7263157890625 0.53125 0.7 0.4 0.6596491234374999 0.59375 0.661403509375 0.6375 0.6842105265625 0.64375
48 0.4 0.66875 0.43157894687500004 0.60625 0.4228070171875 0.5125 0.3842105265625 0.575 0.368421053125 0.65625 0.4 0.66875
40 0.9469865328125 0.4238337875 0.9263009859375 0.4591113625 0.9155085578125 0.41421260000000004 0.8884390171875 0.4102564 0.8768357375000001 0.5392879875000001 0.9047161265625 0.5521161875 0.9272003015625 0.5232526375 0.910112340625 0.6868127625 0.864244515625 0.7317116625 0.83906223125 0.8888576125000001 0.864244515625 0.975448275 0.9065149187499999 0.8215093250000001 0.9307978875 0.5970151 0.9469865328125 0.4238337875
46 0.8867286875 0.5553232 0.8876281687500001 0.5200456250000001 0.8525527687500001 0.548909175 0.864244515625 0.462318525 0.8399615468749999 0.4462831625 0.819276 0.5360808375 0.8246722171875 0.43666198749999996 0.8012887265625 0.44307615 0.785999396875 0.51363145 0.7797037859375 0.44949017500000005 0.7453890875 0.50641025 0.772508859375 0.4975961 0.7572195265625 0.6290856625 0.7833012874999999 0.5873939125 0.80758425625 0.48476790000000003 0.8012887265625 0.606636275 0.8237729015624999 0.561737375 0.8381627546875 0.5232526375 0.829169115625 0.5938079375 0.8489551828125 0.590600925 0.8867286875 0.5553232
46 0.251774109375 0.6130503 0.22839045625 0.5873939125 0.2238936390625 0.5200456250000001 0.189717634375 0.5745655625 0.189717634375 0.48476790000000003 0.158239659375 0.561737375 0.1537428421875 0.49118207500000005 0.1246063609375 0.5737179375 0.149246025 0.5457020124999999 0.12766116562500002 0.6803985875 0.1348560875 0.7124693 0.169032090625 0.561737375 0.1816233125 0.5360808375 0.16723337968750002 0.6579492124999999 0.1816233125 0.6579492124999999 0.21220181093749999 0.5873939125 0.20590628125000002 0.6707774 0.251774109375 0.6130503
42 0.2643652484375 0.6771915749999999 0.2661639609375 0.5970151 0.27156017499999996 0.5104244375 0.2460638484375 0.5929487124999999 0.239182884375 0.6515350375 0.2544722171875 0.6290856625 0.2643652484375 0.6771915749999999
42 0.27785578593750004 0.43024781250000005 0.2805538953125 0.36610668749999997 0.2649572390625 0.366987175 0.25986843125000003 0.4238337875 0.27785578593750004 0.43024781250000005
37 0.353402796875 0.5360808375 0.2976419375 0.561737375 0.28684950468750003 0.664363375 0.30933368125 0.7285045125 0.36329583125 0.69964095 0.3695914421875 0.548909175 0.41006305625 0.1384052875 0.39657251875 0.08709236249999999 0.365993940625 0.22499595 0.384880690625 0.2410313 0.353402796875 0.5360808375