23 0.05530534687500001 0.4846828421875 0.017812434375 0.6064307140625 0.028727157812499998 0.6704221640625 0.1311991171875 0.46752189218750007 0.139684153125 0.33644074375 0.11438096093750001 0.3086435640625 0.06706479843749999 0.3727991296875 0.05530534687500001 0.4846828421875
47 0.4417691125 0.5001641140624999 0.4579102609375 0.5144294703125001 0.442446125 0.6447770859374999 0.49216036562500004 0.5745891421875 0.5041665609375 0.6449797390625001 0.5078554390625001 0.525963346875 0.46163075 0.5965180578125 0.46771770625000003 0.4714692875 0.4417691125 0.5001641140624999
1 0.668358959375 0.44228211875 0.6201822609375001 0.581760359375 0.6110360203125 0.668781025 0.6258705609375 0.6954779046875 0.6245481500000001 0.6073569390625 0.668358959375 0.44228211875
0 0.709357225 0.42145350312499996 0.6489750046875 0.6099243046875 0.6461466609375 0.6536180218750001 0.6681754359375 0.662217765625 0.72180949375 0.5547352515624999 0.709357225 0.42145350312499996
48 0.42192328281249997 0.504362659375 0.3770051984375 0.562485846875 0.35280928437500003 0.6416403015625 0.3829086328125 0.6573727234375 0.42084761562499995 0.5985160031250001 0.42192328281249997 0.504362659375
40 0.8168198500000001 1 0.8706811125 0.86224044375 0.9182970921875 0.6415142828125 0.95249943125 0.47097385 0.928239690625 0.5038959421875 0.9221995828124999 0.45811502343750005 0.89569186875 0.4513509578125 0.8706646796875 0.578462825 0.8970514250000001 0.5941350437499999 0.922429490625 0.5677798484375 0.8883384515625 0.7286577953125 0.8380286828125 0.768516240625 0.7965581234375 0.9221690640625001 0.8105838296875 1 0.8168198500000001 1
46 0.8455090468750001 0.5854930453125 0.8661879328125 0.5005988671875 0.8437141406249999 0.4821130875 0.8137554984375001 0.5692566125 0.8295142546875001 0.4709464484375 0.8055883984375001 0.4748812328125 0.7830077875 0.543451853125 0.783451253125 0.47900387968749997 0.7433747671875001 0.532025278125 0.7712673031249999 0.5260942015625 0.7423173249999999 0.6552652796875 0.7726141828124999 0.6165282078125001 0.807491465625 0.5170026531249999 0.788491709375 0.6375453578125 0.8155459265625 0.5952426546875 0.8338797015624999 0.5584728906249999 0.8175602937500001 0.6277015890625 0.83757319375 0.6265803531249999 0.8788272984375001 0.5954442890625 0.8834093624999999 0.5604539890625 0.8455090468750001 0.5854930453125
46 0.223310840625 0.4910748390625 0.1836231703125 0.5417237453125 0.19300958125 0.45241800468750004 0.1536585453125 0.5256754875 0.15656140000000002 0.4550366515625 0.118957184375 0.5340747828125 0.14639033125 0.5087878781249999 0.11084408906250001 0.6404903390625 0.1146472953125 0.6731374390625 0.1643918546875 0.5268036046875 0.1795959390625 0.50260375625 0.152546121875 0.6223003671875 0.166857225 0.6238045249999999 0.20464324843749998 0.5568320578125 0.1896662578125 0.6391006984375001 0.24131694218750002 0.586484328125 0.2207432109375 0.5585242312500001 0.223310840625 0.4910748390625
42 0.2717219421875 0.48648886718749995 0.23773915156249997 0.5658959734375 0.22477194374999998 0.6234421 0.24232411874999998 0.6027138765625 0.24713451718749999 0.6515903625 0.2573041 0.57204111875 0.2717219421875 0.48648886718749995
42 0.2801484546875 0.343147175 0.269145434375 0.39915045 0.2863638046875 0.4074095296875 0.29575170625 0.3439018046875 0.2801484546875 0.343147175
37 0.2708365140625 0.64118268125 0.28649294531249997 0.7073226828125 0.34317655 0.68425781875 0.3651934328125 0.5350098390625 0.44835267968750003 0.1309851703125 0.44029970625 0.07854319843749999 0.395473790625 0.212495003125 0.41258092656249995 0.2304167125 0.350434396875 0.5205596031249999 0.29229716250000004 0.5402469937500001 0.2708365140625 0.64118268125