10 0.1795438265625 0.987568375 0.176955175 0.89625818125 0.15095823125000002 0.81035221875 0.1553002546875 0.75573688125 0.1667886796875 0.7454255843750001 0.2003634640625 0.8908539515625 0.21206760937500002 0.8881518375 0.1671260625 0.6534398625 0.108632940625 0.46015144531249996 0.0885821296875 0.48009851093749994 0.11920327500000001 0.8330014 0.1557040953125 0.9777542390624999 0.1795438265625 0.987568375
47 0.193676109375 0.6549692859375 0.193554446875 0.7545641921875 0.20633719843749998 0.789907990625 0.2098163390625 0.704855921875 0.24111224999999997 0.8737873687500001 0.24600737968750003 0.7347954921875 0.299417253125 0.8526676109375 0.244713053125 0.6891403953124999 0.23224008125 0.7686098671875 0.193676109375 0.6549692859375
36 0.448982484375 0.7262299249999999 0.4772583 0.7886328125000001 0.5213645640625 0.7861090640625 0.4577605921875 0.7242033390625 0.45517193906250003 0.632893146875 0.43903171093750004 0.5830065125 0.43176365 0.6382973765625 0.448982484375 0.7262299249999999
58 0.560819025 0.7233873828124999 0.534484696875 0.7294671421875 0.4856325703125 0.56458886875 0.48356941718749996 0.5957011296875 0.519638796875 0.725235603125 0.55897159375 0.7621088265625 0.58592548125 0.9856556078125 0.5831487078125 0.6799372406249999 0.563219559375 0.600289403125 0.560819025 0.7233873828124999
37 0.6399160609375001 0.8123521968749999 0.67231818125 0.8125305640624999 0.6262704265625 0.7465716671875 0.6486001109374999 0.7031215234375 0.6798019640625 0.7648488812500001 0.637017628125 0.6062287328125 0.5764889578125 0.23725358437500002 0.530562865625 0.0716997828125 0.52243191875 0.0965539171875 0.5548064359375 0.303531275 0.5410667421875 0.130546659375 0.6383119546875 0.6518838312499999 0.6112088046874999 0.7347309453124999 0.6399160609375001 0.8123521968749999
53 0.28063327031249996 0.5353183578125 0.3175809875 0.735795703125 0.28819927968750003 0.7379344734375 0.31361474375 0.8156698125 0.3303241078125 0.80716760625 0.3872632296875 0.9890957640625 0.3318945453125 0.7371359203125001 0.358090534375 0.7171542578125 0.32791879375 0.6916075578124999 0.248477046875 0.315156421875 0.219685878125 0.21402688749999998 0.28063327031249996 0.5353183578125
34 0.4027169609375 0.8740573765624999 0.41876795624999996 0.8424840484375 0.46164743281250004 0.906898225 0.40713930156249994 0.7476319484375 0.397328196875 0.8102768640625 0.36991191875 0.7562265671875 0.366372478125 0.6188126328125 0.35831856093750003 0.6938784984375 0.3708336109375 0.7885259718750001 0.4027169609375 0.8740573765624999
24 0.7504874781249999 0.6172730078125 0.760886384375 0.5126908984375 0.7369707828125 0.2999155421875 0.705122703125 0.2468884078125 0.6895488171874999 0.30746919687499996 0.7170594140625 0.5088753265625 0.7538144078125 0.7651324796875 0.7692517999999999 0.8683943421875 0.7504874781249999 0.6172730078125
45 0.7688646453125 0.602479853125 0.7813433015625 0.5729924375000001 0.80633801875 0.72978333125 0.8365803671875 0.8203381375 0.8435042984375001 0.781582665625 0.8257417015625 0.753171303125 0.78879398125 0.5526939421875 0.7965948421875 0.38833157812499997 0.7850273718749999 0.23308550781249998 0.7406383546875001 0.1783089125 0.7591041328125 0.3876979109375 0.7688646453125 0.602479853125
54 0.8913939578125 0.677634425 0.8811430140625 0.5685304296875 0.862853834375 0.521662053125 0.8776682046875001 0.6343570453125 0.8661196578125001 0.7299154765625 0.836333328125 0.5928093859375 0.8227745421874999 0.5866503859375001 0.8486555734375001 0.743236671875 0.873676125 0.807129359375 0.8913939578125 0.677634425
52 0.9425140234375 0.7494354046875 0.9708519156250001 0.8357851281249999 0.9653410703124999 0.8927927046875 0.9908786640624999 0.8497401609375 0.923495953125 0.614487796875 0.9424950921875 0.4986308734375 0.9200983734375001 0.40162003124999995 0.8869172624999999 0.5207511046875 0.8882166609375 0.6097388359375 0.9077693859375 0.59489544375 0.9425140234375 0.7494354046875