12 0.11787564843750001 0.6744186046875 0.108808290625 0.598837209375 0.141191709375 0.4302325578125 0.19818652812499998 0.30232558125 0.2007772015625 0.255813953125 0.1437823828125 0.3720930234375 0.10103626875 0.5755813953125 0.11010362656249999 0.6976744187499999 0.1554404140625 0.73837209375 0.11787564843750001 0.6744186046875
48 0.152849740625 0.6453488375 0.152849740625 0.7267441859375 0.17098445625 0.73837209375 0.199481865625 0.5755813953125 0.19559585468750001 0.4767441859375 0.18005181406249998 0.4767441859375 0.152849740625 0.6453488375
34 0.2474093265625 0.51162790625 0.22020725312499997 0.73837209375 0.2357512953125 0.7848837203125 0.25388601093749996 0.75 0.25259067343749997 0.7209302328125 0.23186528437499998 0.755813953125 0.23056994843749998 0.7151162796875 0.2642487046875 0.48255813906249995 0.22150259062500002 0.44186046562500003 0.2072538859375 0.5174418609375 0.22279792812500002 0.5639534890625 0.19430051875 0.76162790625 0.2474093265625 0.51162790625
34 0.31865285 0.7151162796875 0.30569948125 0.691860465625 0.31476683906249997 0.5 0.296632125 0.48837209374999996 0.2642487046875 0.610465115625 0.25647668437500004 0.73837209375 0.2746113984375 0.76162790625 0.29404145000000004 0.709302325 0.31865285 0.7151162796875
45 0.3212435234375 0.76162790625 0.31865285 0.8430232562500001 0.32901554375000003 0.8546511625000001 0.3264248703125 0.796511628125 0.380829015625 0.389534884375 0.3898963734375 0.2325581390625 0.3212435234375 0.76162790625
36 0.3769430046875 0.744186046875 0.404145078125 0.73837209375 0.41968911875000003 0.691860465625 0.3847150265625 0.7209302328125 0.37564766875 0.65697674375 0.40544041406250003 0.5 0.42098445624999997 0.4767441859375 0.427461140625 0.5174418609375 0.42098445624999997 0.44186046562500003 0.3950777203125 0.48837209374999996 0.3678756484375 0.6453488375 0.3769430046875 0.744186046875
34 0.41968911875000003 0.703488371875 0.42616580312499996 0.744186046875 0.44300518125000005 0.73837209375 0.46502590625 0.6860465109375 0.4805699484375 0.7209302328125 0.51036269375 0.6453488375 0.47797927500000004 0.6860465109375 0.47538860156249996 0.5697674421875 0.459844559375 0.6744186046875 0.43393782343750004 0.709302325 0.4507772015625 0.598837209375 0.436528496875 0.5697674421875 0.41968911875000003 0.703488371875
45 0.5077720203125 0.6337209296874999 0.5 0.7267441859375 0.5077720203125 0.7732558140625 0.573834196875 0.1860465109375 0.5077720203125 0.6337209296874999
13 0.664507771875 0.3953488375 0.6269430046875 0.6220930234375001 0.6347150265625 0.6453488375 0.664507771875 0.3953488375
13 0.6787564765625 0.3779069765625 0.6787564765625 0.505813953125 0.6489637312500001 0.6744186046875 0.6230569953125 0.7325581390625 0.597150259375 0.7209302328125 0.5880829015625 0.6337209296874999 0.597150259375 0.4767441859375 0.5829015546874999 0.5523255812500001 0.5880829015625 0.73837209375 0.6217616578125 0.7732558140625 0.6593264249999999 0.6976744187499999 0.6865284968750001 0.5290697671875 0.6865284968750001 0.3546511625 0.66968911875 0.2674418609375 0.6437823828125 0.255813953125 0.6217616578125 0.3662790703125 0.62564766875 0.45348837187499996 0.6437823828125 0.30232558125 0.664507771875 0.30232558125 0.6787564765625 0.3779069765625
57 0.7240932640625 0.4302325578125 0.727979275 0.5523255812500001 0.7046632125000001 0.6802325578125 0.7124352328125 0.691860465625 0.7344559578125 0.5813953484375001 0.7655440421875 0.6860465109375 0.796632125 0.6860465109375 0.8238341968749999 0.5755813953125 0.79404145 0.651162790625 0.768134715625 0.651162790625 0.743523315625 0.5639534890625 0.76165803125 0.41279069843749994 0.7370466328124999 0.5 0.7240932640625 0.4302325578125