12 0.1453347890625 0.41154959687500003 0.20894563281249998 0.28680079062499997 0.21396698593750002 0.240488490625 0.1509647 0.3536253265625 0.097627409375 0.554597665625 0.1002924859375 0.6769979140625 0.1434371890625 0.7200125578125001 0.10927097187499998 0.6541807265624999 0.10417166562499999 0.5782283640625 0.1453347890625 0.41154959687500003
48 0.1589599296875 0.7208260703125 0.195938090625 0.559749909375 0.1972301453125 0.460844775 0.1817074078125 0.4600312625 0.145718528125 0.6269812015625 0.1414586234375 0.708265 0.1589599296875 0.7208260703125
34 0.22120377656249998 0.7706635890625 0.2411393125 0.7367767734374999 0.24136714375 0.7076790515625 0.2188444859375 0.7414302828125 0.21968087656250002 0.700720590625 0.26548462968750003 0.47024377343749996 0.22492705000000002 0.427364715625 0.20674224843750003 0.502096809375 0.21983075625 0.5493582078125 0.181026921875 0.7452702796875 0.24714693593749998 0.49839239687500003 0.2081152671875 0.7234021921875 0.22120377656249998 0.7706635890625
34 0.3150206953125 0.4903056453125 0.297519390625 0.4777445765625 0.258790496875 0.5979754578125 0.24433499374999998 0.7253003875 0.2612277390625 0.7494734265624999 0.283369671875 0.6982364453125001 0.30764306406249997 0.70533049375 0.2959245625 0.6814286234375 0.3150206953125 0.4903056453125
45 0.31068886406249996 0.8452164906249999 0.3111445296875 0.7870210484375 0.3867736328125 0.38344934531249997 0.4040440921875 0.2271622796875 0.30779595625 0.7519139625 0.3009489296875 0.833062178125 0.31068886406249996 0.8452164906249999
36 0.40975798125 0.6873943812500001 0.373310425 0.71459390625 0.3676025609375 0.6502535140625 0.4055700046875 0.495051134375 0.422309859375 0.472640703125 0.426647715625 0.5136215671875 0.42413553281249994 0.4378047890625 0.3958300703125 0.482896821875 0.36044975 0.6382347875 0.3643319390625 0.7374110921875 0.3918010125 0.7330287546875 0.40975798125 0.6873943812500001
34 0.43060785937499996 0.735062534375 0.45533691562499995 0.6839611375 0.46903398125000006 0.719610565625 0.502741521875 0.6456919828125 0.46827253124999996 0.684639065625 0.471770984375 0.5683837671874999 0.4507712265625 0.6720779968749999 0.423074321875 0.70555805625 0.4456719203125 0.596125634375 0.43296413593749994 0.5663499859375001 0.40914942343750005 0.6990063515625 0.41348727968750004 0.739987215625 0.43060785937499996 0.735062534375
45 0.4934602640625 0.7732880828125 0.590164065625 0.19034095625 0.50076295625 0.6339444265624999 0.48813312656249996 0.7264334406249999 0.4934602640625 0.7732880828125
13 0.626923434375 0.65220008125 0.6697593390625001 0.40410192968749997 0.620379178125 0.6285693828125 0.626923434375 0.65220008125
13 0.6396312171874999 0.6819757296875 0.610717196875 0.73867973125 0.5854545234375 0.7257119078125001 0.5809637750000001 0.6381475734375 0.5982342328125 0.48186050937499997 0.58004943125 0.556592603125 0.57548675625 0.742655315625 0.6072936828125 0.7792538390625 0.64876259375 0.7057420140625 0.6847514718750001 0.538792075 0.6938798359375 0.3646125046875 0.68162771875 0.276641415625 0.6563650437499999 0.263673590625 0.6285932 0.37283484375 0.627909703125 0.4601280046875 0.6539308140625 0.310121475 0.6746278 0.311206159375 0.6849013515625 0.3874296921875 0.67820721875 0.5151613765625 0.6396312171874999 0.6819757296875
57 0.6949500859375 0.6906968 0.7021028968749999 0.7027155281249999 0.729874740625 0.593554275 0.7554432015625 0.6996890421875 0.7864886796875 0.7013160671875001 0.8194347687500001 0.5924259859375 0.7857272265625 0.6663445671875 0.759855996875 0.6649887140625 0.7398425078125 0.57661086875 0.7658636203125 0.42660433906249995 0.7367217687500001 0.5124060625 0.7274374984375 0.44205630625000003 0.7249283281250001 0.564185384375 0.6949500859375 0.6906968