12 0.16292060625 0.31148318124999996 0.126983315625 0.4358927578125 0.1202219953125 0.64371246875 0.15035283125 0.7623760953125001 0.20206792812500002 0.7945828296874999 0.1539684484375 0.7381239921875 0.1319142734375 0.665265378125 0.134527825 0.49359888749999997 0.16844595 0.35773805937500003 0.16292060625 0.31148318124999996
48 0.1961821078125 0.52995671875 0.180874215625 0.5326559140625 0.18336329375 0.7034226718750001 0.1974974484375 0.7835814421875 0.217375821875 0.7918836359375 0.2171719828125 0.6266175703125 0.1961821078125 0.52995671875
34 0.294713509375 0.7605359843749999 0.2803604796875 0.79848866875 0.272017746875 0.7586342171875 0.26480155 0.523760903125 0.2156377671875 0.49110430312500003 0.2147301046875 0.568011709375 0.23811465781250002 0.6111175265625 0.24437599062499998 0.8107373484375 0.2532659109375 0.5553131625 0.2658508140625 0.7833361859375 0.289235365625 0.8264420031249999 0.30103707968750004 0.788939184375 0.294713509375 0.7605359843749999
34 0.2870123625 0.649724684375 0.3015692296875 0.777038065625 0.3234667671875 0.7967915109375 0.333515390625 0.7418868796875 0.35876247031249997 0.7433387828125 0.3419675625 0.7226856046875 0.317580946875 0.5321654015624999 0.297702575 0.523863209375 0.2870123625 0.649724684375
45 0.363457425 0.411906921875 0.345128303125 0.2557404765625 0.3693904453125 0.7886939265625 0.380973284375 0.8693025640625001 0.393197709375 0.878954353125 0.3805505703125 0.8221479546875001 0.363457425 0.411906921875
36 0.4047955859375 0.6761854703125 0.4068769859375 0.5164201 0.41814655 0.4908183984375 0.431591915625 0.5297731203125 0.41208905625 0.456464640625 0.3946525609375 0.5067683109375001 0.39512247500000003 0.666083815625 0.4212149796875 0.761844934375 0.446994209375 0.75139571875 0.45422544218749994 0.7028915125 0.424830596875 0.73759283125 0.4047955859375 0.6761854703125
34 0.5192292671875001 0.7209477984375 0.535444821875 0.6413411984375 0.5106204562500001 0.6870439046875 0.48787749375 0.5729812421875 0.490742084375 0.6787417125 0.4712864234375 0.7175941296875 0.4686879078125 0.6058831 0.4496077609375 0.5797292281249999 0.45624460625 0.7143427640625 0.469689971875 0.7532974859375 0.485263940625 0.7446477328125 0.497863878125 0.689293234375 0.5192292671875001 0.7209477984375
45 0.5308743421875 0.6303398109375 0.5393737140625 0.7232994328125 0.5551043203125 0.7677548468750001 0.5181950375000001 0.177994996875 0.5308743421875 0.6303398109375
13 0.6462156859375 0.598194734375 0.6579079640625001 0.61974764375 0.6438360453125 0.3683722484375 0.6462156859375 0.598194734375
13 0.6340384609374999 0.700703840625 0.6099651203125 0.6163939734375 0.5916359984375 0.460227528125 0.5907283359375 0.537134934375 0.6281376046875 0.71945525 0.6673621984375 0.7479607546875 0.6912317015625 0.66700455625 0.688742621875 0.49623779843750004 0.6584551484375 0.3244690046875 0.6267278625 0.24150873593750002 0.59919554375 0.2345561390625 0.596691428125 0.34716690156249996 0.6156621390625 0.4323765 0.607272203125 0.2803611515625 0.6276827265625 0.27676222500000003 0.6548395328125001 0.3487211078125 0.677050346875 0.47468488906250006 0.6769881109375 0.6459015140625 0.6615707796875 0.7076564359375 0.6340384609374999 0.700703840625
57 0.7450281984375 0.5394459203124999 0.79381646875 0.6371088078125 0.8244322546875 0.63171041875 0.832039 0.5181999265624999 0.8158234421874999 0.5978065265625 0.790310290625 0.6023051828125 0.7509290562500001 0.5206945125 0.7425391218749999 0.3686791640625 0.7334453625 0.45883728437500004 0.7085737953125 0.39237909531250004 0.7336020000000001 0.511942453125 0.7328509734375 0.6419550265625 0.7425240843750001 0.6520566828125001 0.7450281984375 0.5394459203124999