10 0.037123321875 0.5683203781249999 0.039749228125 0.549636075 0.05212787343750001 0.5227957546875001 0.057754396875 0.5235865109375 0.075008675 0.5641181421875 0.0926376609375 0.6428091359375 0.108016921875 0.635443875 0.1290241828125 0.48596944999999997 0.12602356718750002 0.46649439062500003 0.162786271875 0.2049141453125 0.13315335 0.191222834375 0.08213845625 0.2888465859375 0.0495034421875 0.3985801375 0.0442516265625 0.43594874375000003 0.019494335937500003 0.489629384375 0.02249495 0.50910444375 0.0093654125 0.6025259593750001 0.0164922453125 0.6130542453125 0.037123321875 0.5683203781249999
59 0.1627818453125 0.6336139078125 0.17516049218750002 0.6067735890625 0.185664121875 0.532036375 0.21154701406249998 0.4499339015625 0.23967962968749998 0.45388768281249997 0.24418055156250001 0.483100271875 0.2389287359375 0.520468878125 0.200292490625 0.591252309375 0.1991668921875 0.6196741421875 0.2104199375 0.6212556546875 0.21867236874999998 0.6033621078125 0.231425721875 0.6146811515625 0.2209220921875 0.6894183625 0.2126696609375 0.707311909375 0.20741784531250002 0.744680515625 0.1924132921875 0.790205140625 0.164280678125 0.786251359375 0.1436496015625 0.8309852265625001 0.14102369374999998 0.8496695296875 0.14552461562500002 0.8788821171875 0.1721569234375 0.87309836875 0.1927880015625 0.828364503125 0.2081672625 0.8209992406250001 0.2077925546875 0.7828398796875 0.2295492296875 0.7096841781250001 0.2606854140625 0.44731317812500004 0.2505579671875 0.41730983281249995 0.2224253515625 0.4133560515625 0.214172921875 0.43124959687500003 0.1972933515625 0.428877328125 0.18266350625 0.512561315625 0.174411075 0.5304548625 0.1627818453125 0.6336139078125
42 0.2963180921875 0.642854528125 0.317325353125 0.49338010312499997 0.31019852187499997 0.48285181718750003 0.29294276875 0.58522010625 0.28206443124999997 0.6217979578125 0.286565353125 0.6510105453125 0.2963180921875 0.642854528125
42 0.3439591359375 0.3446964328125 0.3634646125 0.3283843984375 0.368716428125 0.2910157921875 0.36421550625 0.261803203125 0.3432097203125 0.2683777078125 0.332706090625 0.343114921875 0.3439591359375 0.3446964328125
36 0.369088184375 0.614974996875 0.37696590625000004 0.5589220874999999 0.4017231984375 0.505241446875 0.4069750140625 0.467872840625 0.3942216609375 0.45655379687500003 0.36008633749999996 0.55654981875 0.3522086140625 0.6126027281249999 0.359710153125 0.6612903765625 0.3975955078125 0.657088140625 0.3735891078125 0.6441875859375 0.369088184375 0.614974996875
42 0.5337606140625 0.36184461562500003 0.5450136609375 0.363426128125 0.5517657828125 0.335795053125 0.5472648609374999 0.3065824625 0.5247587671875 0.3034194375 0.510128921875 0.387103425 0.5157554453125 0.38789418124999997 0.518381353125 0.369209878125 0.5307599984375 0.3423695578125 0.5337606140625 0.36184461562500003
42 0.4257281234375 0.661041921875 0.43022904687499997 0.6902545124999999 0.445608309375 0.68288925 0.4452336 0.6447298890625001 0.46624086093750006 0.4952554625 0.4617399390625 0.46604287343750006 0.4493612921875 0.49288319375 0.4257281234375 0.661041921875
47 0.50375003125 0.595793784375 0.5161286765625 0.5689534640625 0.5273817249999999 0.5705349765625 0.5348832625 0.619222625 0.527005540625 0.675275534375 0.5382585859375 0.676857046875 0.5487622171875 0.602119834375 0.5438865859375001 0.534747884375 0.5326335390625 0.5331663718749999 0.5296329234375 0.5136913109375 0.5213804921875 0.5315848578125 0.494748184375 0.53736860625 0.4977488015625 0.556843665625 0.4924969859375 0.594212271875 0.4842445546875 0.61210581875 0.48049304687500005 0.6592119546874999 0.49024578593749996 0.6510559390624999 0.50375003125 0.595793784375
5 0.7085560625 0.5674173437500001 0.7261850484375 0.6461083375000001 0.723559140625 0.664792640625 0.7096801875 0.6818954328125 0.7111804953124999 0.6916329609375 0.7321862796875 0.6850584578125 0.740438709375 0.6671649093750001 0.745690525 0.629796303125 0.741189603125 0.6005837140625 0.72993655625 0.5990022015625 0.722435015625 0.550314553125 0.7374395703125 0.5047899296875 0.7404401875 0.5242649890625 0.7528188328125001 0.49742466875 0.763697171875 0.46084681875 0.7565703390625 0.4503185328125 0.713807878125 0.5300487375 0.7085560625 0.5674173437500001
0 0.8102081875 0.6198103203125 0.826338340625 0.5458638625 0.8345907718750001 0.527970315625 0.8330904640625001 0.5182327859375 0.824463325 0.49796697031250003 0.8049578484375 0.5142790046875 0.7651960015625 0.6134842703125 0.7588185875 0.679274709375 0.7798243734375 0.6727002046874999 0.7895771109374999 0.6645441859375001 0.8102081875 0.6198103203125
0 0.9077355718750001 0.5382501468750001 0.894607509375 0.4887717421875 0.87210141875 0.4856087171875 0.859722771875 0.5124490390625 0.8627233875 0.531924096875 0.854845665625 0.5879770062499999 0.8383408015624999 0.6237641015625 0.8278371718749999 0.6985013140625 0.8503432656250001 0.7016643390625 0.894606034375 0.6316716640625 0.9077355718750001 0.5382501468750001