10 0.028409090625 0.6698113203125 0.03693181875 0.6792452828125 0.051136364062499995 0.632075471875 0.051136364062499995 0.613207546875 0.059659090625 0.5849056609375001 0.065340909375 0.5849056609375001 0.08806818125 0.622641509375 0.1164772734375 0.6981132078125001 0.13068181875 0.6886792453125 0.13068181875 0.5377358484375 0.125 0.518867925 0.125 0.25471698125 0.09375 0.24528301875 0.05681818125 0.34905660312500003 0.0397727265625 0.4622641515625 0.0397727265625 0.5 0.0227272734375 0.5566037734375 0.028409090625 0.5754716984375 0.028409090625 0.6698113203125
59 0.1875 0.5566037734375 0.18181818125 0.5754716984375 0.18465909062500002 0.6792452828125 0.19318181875 0.650943396875 0.19318181875 0.5754716984375 0.2073863640625 0.4905660375 0.2357954546875 0.4905660375 0.24431818125000002 0.518867925 0.24431818125000002 0.5566037734375 0.215909090625 0.632075471875 0.21875 0.6603773578125 0.2301136359375 0.6603773578125 0.2357954546875 0.641509434375 0.25 0.650943396875 0.25 0.72641509375 0.24431818125000002 0.74528301875 0.24431818125000002 0.7830188671875 0.2357954546875 0.8301886796875 0.2073863640625 0.8301886796875 0.19318181875 0.877358490625 0.19318181875 0.896226415625 0.2017045453125 0.9245283015625001 0.2272727265625 0.9150943390625 0.2414772734375 0.8679245281249999 0.25568181874999996 0.8584905656249999 0.25 0.8207547171874999 0.2613636359375 0.74528301875 0.25568181874999996 0.481132075 0.2414772734375 0.45283018906250005 0.21306818125000002 0.45283018906250005 0.2073863640625 0.47169811250000004 0.19034090937499998 0.47169811250000004 0.1875 0.5566037734375
42 0.3011363640625 0.650943396875 0.30965909062499997 0.6792452828125 0.31818181874999996 0.6698113203125 0.31818181874999996 0.518867925 0.30965909062499997 0.5094339625 0.30681818125000004 0.613207546875 0.3011363640625 0.650943396875
42 0.3125 0.2924528296875 0.3125 0.367924528125 0.3238636359375 0.367924528125 0.34090909062499997 0.34905660312500003 0.34090909062499997 0.3113207546875 0.3323863640625 0.28301886718749997 0.3125 0.2924528296875
36 0.42045454531250004 0.6698113203125 0.3948863640625 0.6603773578125 0.3863636359375 0.632075471875 0.3863636359375 0.5754716984375 0.403409090625 0.518867925 0.403409090625 0.481132075 0.38920454531250004 0.47169811250000004 0.36931818125000004 0.5754716984375 0.36931818125000004 0.632075471875 0.38352272656249997 0.6792452828125 0.42045454531250004 0.6698113203125
42 0.5 0.367924528125 0.5085227265625 0.3396226421875 0.5142045453125 0.35849056562500003 0.5255681812499999 0.35849056562500003 0.5284090906250001 0.3301886796875 0.5198863640625 0.30188679218750003 0.497159090625 0.30188679218750003 0.49431818125 0.386792453125 0.5 0.386792453125 0.5 0.367924528125
42 0.45738636406250005 0.47169811250000004 0.44886363593749995 0.5 0.44886363593749995 0.6698113203125 0.45738636406250005 0.6981132078125001 0.471590909375 0.6886792453125 0.465909090625 0.650943396875 0.465909090625 0.5 0.45738636406250005 0.47169811250000004
47 0.5028409093749999 0.6603773578125 0.5113636359375 0.650943396875 0.5170454546875 0.594339621875 0.5255681812499999 0.5660377359375001 0.5369318187500001 0.5660377359375001 0.5511363640625 0.613207546875 0.5511363640625 0.6698113203125 0.5625 0.6698113203125 0.5625 0.594339621875 0.5482954546875 0.5283018875 0.5369318187500001 0.5283018875 0.53125 0.5094339625 0.5255681812499999 0.5283018875 0.5 0.5377358484375 0.5056818187500001 0.5566037734375 0.5056818187500001 0.594339621875 0.5 0.613207546875 0.5028409093749999 0.6603773578125
5 0.7471590906250001 0.4150943390625 0.7159090906250001 0.5 0.7159090906250001 0.5377358484375 0.7443181812499999 0.613207546875 0.7443181812499999 0.632075471875 0.7329545453125 0.650943396875 0.7357954546875 0.6603773578125 0.7556818187500001 0.650943396875 0.7613636359375 0.632075471875 0.7613636359375 0.594339621875 0.7528409093749999 0.5660377359375001 0.7414772734375 0.5660377359375001 0.7272727265625 0.518867925 0.7357954546875 0.47169811250000004 0.7414772734375 0.4905660375 0.75 0.4622641515625 0.7556818187500001 0.4245283015625 0.7471590906250001 0.4150943390625
0 0.8011363640625 0.632075471875 0.8096590906250001 0.622641509375 0.8238636359375 0.5754716984375 0.8295454546875 0.5 0.8352272734374999 0.481132075 0.8323863640625 0.47169811250000004 0.8210227265625001 0.45283018906250005 0.8039772734374999 0.47169811250000004 0.7784090906250001 0.5754716984375 0.78125 0.641509434375 0.8011363640625 0.632075471875
0 0.875 0.650943396875 0.9090909093749999 0.5754716984375 0.9090909093749999 0.481132075 0.8892045453125 0.43396226406249994 0.8664772734374999 0.43396226406249994 0.8579545453125 0.4622641515625 0.8636363640625 0.481132075 0.8636363640625 0.5377358484375 0.8522727265625001 0.5754716984375 0.8522727265625001 0.650943396875 0.875 0.650943396875