28 0.0792880265625 0.72177419375 0.087378640625 0.41532258125 0.127022653125 0.411290321875 0.14320388281250002 0.38709677343750004 0.14482200625 0.34677419375 0.017799353125 0.375 0.0202265375 0.411290321875 0.0809061484375 0.41532258125 0.07119741093750001 0.633064515625 0.07119741093750001 0.7056451609375001 0.0792880265625 0.72177419375
34 0.14077669843750001 0.6895161296875 0.1504854375 0.58467741875 0.1383495140625 0.645161290625 0.13430420781250002 0.625 0.1359223296875 0.5120967734375 0.1286407765625 0.4677419359375 0.112459546875 0.47580645156249995 0.09546925625 0.5685483875 0.0995145625 0.65322580625 0.12540453125 0.65322580625 0.14077669843750001 0.6895161296875
35 0.1941747578125 0.625 0.1941747578125 0.52822580625 0.17556634375 0.491935484375 0.16100323593750002 0.5564516125 0.15857605156250001 0.463709678125 0.1512944984375 0.4354838703125 0.1488673140625 0.576612903125 0.1537216828125 0.6411290328125 0.17475728125 0.6895161296875 0.1941747578125 0.625
24 0.26537216875 0.6895161296875 0.2637540453125 0.5040322578125 0.292071196875 0.45967741875 0.302588996875 0.3991935484375 0.297734628125 0.3104838703125 0.277508090625 0.25 0.26294498437499997 0.258064515625 0.2540453078125 0.31854838750000003 0.2540453078125 0.6088709671875 0.257281553125 0.6814516125 0.26537216875 0.6895161296875
51 0.29449838125 0.4556451609375 0.2864077671875 0.633064515625 0.297734628125 0.6895161296875 0.31067961093749996 0.5927419359375 0.3082524265625 0.47580645156249995 0.3260517796875 0.4838709671875 0.3187702265625 0.5927419359375 0.3260517796875 0.6370967734375 0.33495145625 0.6088709671875 0.339805825 0.5040322578125 0.332524271875 0.45967741875 0.322815534375 0.4354838703125 0.29449838125 0.4556451609375
48 0.39482200624999997 0.48790322656249996 0.3859223296875 0.44354838750000003 0.339805825 0.47177419374999996 0.342233009375 0.5 0.35922330156250004 0.5040322578125 0.35436893281250004 0.6491935484375 0.367313915625 0.673387096875 0.3932038828125 0.5927419359375 0.39482200624999997 0.48790322656249996
40 0.44498381875000004 0.47983870937499995 0.42475728124999995 0.411290321875 0.407766990625 0.463709678125 0.40453074375 0.5362903218749999 0.41100323593750004 0.5927419359375 0.39563106718749996 0.6290322578125 0.3867313921875 0.7137096781250001 0.417475728125 0.9233870968750001 0.43527508125000003 0.979838709375 0.44498381875000004 0.47983870937499995
54 0.457928803125 0.6008064515625 0.46521035624999996 0.6774193546875 0.47491909374999997 0.6854838703125 0.49110032343750004 0.6370967734375 0.50485436875 0.6814516125 0.51456310625 0.6491935484375 0.5040453078125 0.65322580625 0.4967637546875 0.616935484375 0.4983818765625 0.5040322578125 0.492718446875 0.4677419359375 0.4765372171875 0.6290322578125 0.467637540625 0.6008064515625 0.4660194171875 0.463709678125 0.457928803125 0.47177419374999996 0.457928803125 0.6008064515625
53 0.53559870625 0.4475806453125 0.5307443359375 0.26209677343750004 0.5218446609375 0.2177419359375 0.519417475 0.6088709671875 0.532362459375 0.6975806453125 0.532362459375 0.5040322578125 0.55501618125 0.47983870937499995 0.53559870625 0.4475806453125
2 0.6165048546875 0.5927419359375 0.6205501625000001 0.6370967734375 0.6391585765625 0.633064515625 0.66504854375 0.58467741875 0.6294498374999999 0.5927419359375 0.6504854375 0.4959677421875 0.652103559375 0.41532258125 0.6286407765625001 0.3709677421875 0.6108414234375 0.411290321875 0.6067961171875 0.4556451609375 0.62540453125 0.4193548390625 0.6440129453125001 0.4395161296875 0.6165048546875 0.5927419359375
0 0.711974109375 0.463709678125 0.7030744343750001 0.395161290625 0.68527508125 0.3709677421875 0.6682847890625 0.4395161296875 0.6666666671875 0.5927419359375 0.6739482203125 0.6370967734375 0.687702265625 0.633064515625 0.7103559875000001 0.520161290625 0.711974109375 0.463709678125
46 0.7936893203125 0.5806451609375001 0.8058252421875001 0.47983870937499995 0.8058252421875001 0.41532258125 0.7872168281249999 0.395161290625 0.769417475 0.4274193546875 0.7435275078125 0.38709677343750004 0.730582525 0.4193548390625 0.7216828484375 0.47177419374999996 0.7200647250000001 0.576612903125 0.73462783125 0.633064515625 0.7459546921875 0.5604838703125 0.7435275078125 0.451612903125 0.7605178 0.463709678125 0.752427184375 0.58467741875 0.76456310625 0.6209677421875 0.7766990296875 0.5443548390624999 0.7766990296875 0.47177419374999996 0.7888349515625 0.4354838703125 0.797734628125 0.4475806453125 0.7936893203125 0.5806451609375001
40 0.8381877015624999 0.58467741875 0.8381877015624999 0.875 0.8058252421875001 0.7459677421875 0.8009708734375 0.6895161296875 0.8131067968749999 0.645161290625 0.7969255656249999 0.6612903218749999 0.79449838125 0.6895161296875 0.82038835 0.883064515625 0.843042071875 0.97177419375 0.8511326859375 0.8266129031249999 0.8495145624999999 0.47983870937499995 0.8462783171874999 0.423387096875 0.8309061484375 0.38709677343750004 0.81553398125 0.4395161296875 0.8090614890625 0.5362903218749999 0.8187702265624999 0.6088709671875 0.8163430421875001 0.6370967734375 0.8357605171875001 0.5645161296875 0.8381877015624999 0.58467741875