28 0.13075125 0.38473979062499997 0.007374840624999999 0.42608845625 0.0135821 0.461926265625 0.0743507875 0.45959368906250003 0.08745546562499999 0.67715765 0.09504220937499999 0.749340690625 0.104774446875 0.7645356671875 0.08078782343749999 0.4589171296875 0.119793175 0.45076303125 0.1333568484375 0.42501061875 0.13075125 0.38473979062499997
34 0.1391812421875 0.5500869859375 0.12730323593749998 0.5067362578125 0.11205362031249999 0.5164479937500001 0.10485057499999999 0.61045785 0.11772492187500001 0.694248546875 0.1434730625 0.6915423078125 0.162554390625 0.726027 0.161251315625 0.6207477671875 0.155504159375 0.6821688515625 0.1493735859375 0.6625408562499999 0.1391812421875 0.5500869859375
35 0.1566530359375 0.4995970015625 0.146460971875 0.472286946875 0.158799084375 0.6128965703125 0.1703706328125 0.676551853125 0.196348825 0.7224750625 0.2089161578125 0.6562826796875 0.1988005 0.560038625 0.17650065312500002 0.5258922140625 0.1687610953125 0.5915771750000001 0.1566530359375 0.4995970015625
24 0.2790328296875 0.33266454843750004 0.252594809375 0.2746262640625 0.2389544515625 0.28416885937499997 0.236425815625 0.34525166406249996 0.2667727875 0.6339838265625 0.2775780484375 0.7058285875 0.2864673140625 0.7130032265625 0.2654697109375 0.5287045953125 0.2889953953125 0.48163278906249996 0.2931332921875 0.42038084531250003 0.2790328296875 0.33266454843750004
51 0.306773925 0.49598206562499997 0.32531874375 0.5021418640624999 0.32945719375000004 0.61117755625 0.3413352015625 0.6545282828125 0.347235725 0.62552683125 0.341104871875 0.5207550203125 0.3292268640625 0.477404290625 0.317042396875 0.454358115625 0.290987796875 0.477368909375 0.3014868765625 0.6546620421875 0.3186524890625 0.7096204296875 0.3214109 0.6120232546875 0.306773925 0.49598206562499997
48 0.3604159765625 0.518725340625 0.3707616875 0.6635988421875 0.3861646703125 0.6863067359375 0.4034830953125 0.6033971203124999 0.394133725 0.4989635875 0.38064645937499997 0.45578199843749995 0.3377329859375 0.48867366875 0.3430972734375 0.516491140625 0.3604159765625 0.518725340625
40 0.42118494218749997 0.60153658125 0.4096903546875 0.6392349296875001 0.409690634375 0.7243787484374999 0.4621838078125 0.9296938734375001 0.4857864546875 0.9839756984375001 0.443177775 0.4856999125 0.41589678281250003 0.4196412890625 0.40447888125000003 0.4735494546875 0.40884710625 0.546070775 0.42118494218749997 0.60153658125
54 0.523794634375 0.67995018125 0.5300783 0.6468539921875001 0.5200396046875 0.65196356875 0.5090045703125 0.6166331796875 0.4988122265625 0.504179309375 0.48938645000000003 0.468679778125 0.4901532921875 0.630777934375 0.47835196875 0.603637021875 0.4624121953125 0.46746041875 0.45520887343750005 0.4763264546875 0.4686964171875 0.6046518609375 0.483946309375 0.680083940625 0.49444483281249996 0.6870894390625 0.5054795921874999 0.6372760125 0.523794634375 0.67995018125
53 0.552837975 0.6931154796875 0.5326066593750001 0.5006273703125 0.55260736875 0.47419839843749995 0.529924378125 0.4441467265625 0.5057082562499999 0.2601863734375 0.4922209921875 0.2170047859375 0.53069121875 0.60624488125 0.552837975 0.6931154796875
2 0.6384348703125 0.57870269375 0.6492395765625 0.48025982031250003 0.6424191203125 0.3998873015625 0.614448525 0.358227971875 0.6009615359375 0.40019019843750003 0.601574734375 0.4447249078125 0.6162878375 0.406688278125 0.636901740625 0.42479401406250006 0.6255608015624999 0.5800558125 0.634220290625 0.6237448203125 0.65230528125 0.6177895421875 0.672995590625 0.5669612765625 0.6384348703125 0.57870269375
0 0.675447821875 0.574812475 0.687325828125 0.6181632031250001 0.7005830421875 0.6127153453124999 0.7113110640625 0.49806265625 0.7070195218750001 0.44175115312499996 0.6910033421875 0.37450855 0.6707725812499999 0.352308075 0.661040621875 0.42225691562499995 0.675447821875 0.574812475
46 0.760354834375 0.3996551640625 0.7303918375 0.3622597125 0.7208896546875 0.39569418437500004 0.717518046875 0.44875665 0.7268674171875 0.5531901828125 0.7472515453125 0.6078102875 0.7509296125 0.5344432671875 0.737135609375 0.4264224171875 0.755297284375 0.4366769546875 0.7598955625 0.5578277218750001 0.7757583734375 0.59265069375 0.7798195859375 0.515188934375 0.77223284375 0.44300589375 0.7805089109375001 0.40564582343750005 0.7906242921875 0.41674606093750005 0.800510175 0.549504484375 0.8020424703125 0.4479817125 0.7952986984375 0.38381901093750004 0.7746847953125 0.365713275 0.760354834375 0.3996551640625
40 0.8265650515624999 0.611637509375 0.81215840625 0.6293695828125 0.8126949187499999 0.6576944765625 0.858674375 0.847476346875 0.8904766828125 0.9333321046874999 0.8833494890625 0.7881203234374999 0.84549245625 0.44341493437499996 0.8363731390625 0.38761085 0.8172918093750001 0.3531261578125 0.8074831671875 0.40686518437499997 0.8111617890625 0.503785796875 0.828404084375 0.5749539984375 0.828940596875 0.6032788906250001 0.8406649578125001 0.5290661734375 0.845186275 0.54886330625 0.8755332484375 0.8375954703125 0.8298605296874999 0.7126528624999999 0.8191319531250001 0.6570179171875 0.8265650515624999 0.611637509375