28 0.1383385484375 0.372789534375 0.15696005 0.35041991875 0.1627841671875 0.3104873703125 0.03350695625 0.32528107031250003 0.0321274734375 0.3616263 0.0920531890625 0.3719792171875 0.0596374078125 0.5875134984375 0.052050664062499995 0.6596965390625 0.05841101562499999 0.676582915625 0.0984902234375 0.3726557765625 0.1383385484375 0.372789534375
34 0.1251571859375 0.6065633125 0.12324147031249999 0.5860896171875 0.136652328125 0.4739740265625 0.1340470078125 0.429101040625 0.11711144843750002 0.435429978125 0.09052006093750001 0.5258878953125 0.08569200625 0.6105242921875 0.11144014687499999 0.6132305312499999 0.12293473125000001 0.65092888125 0.1435489140625 0.5476793265625 0.1251571859375 0.6065633125
35 0.178186596875 0.4580671109375 0.1569594953125 0.5207075531250001 0.1642397796875 0.42821995937499996 0.159948515625 0.399387646875 0.14278262656250001 0.53948985 0.14086663125 0.6041599734374999 0.156729165625 0.65448081875 0.1827840421875 0.59234779375 0.1928997 0.4961037390625 0.178186596875 0.4580671109375
24 0.297425109375 0.43816383124999997 0.314207578125 0.3791107078125 0.3186524890625 0.2903795703125 0.304859040625 0.22811278906250002 0.289532740625 0.23461086718750002 0.27435953125 0.2938331328125 0.2440125578125 0.5825652953125 0.23964433125 0.6550866156249999 0.24684765468749997 0.663952653125 0.2646267390625 0.47931574218749995 0.297425109375 0.43816383124999997
51 0.2790328296875 0.6673354515625001 0.30202255624999996 0.5724445171875 0.3118317546875 0.45589590781249995 0.32869062968749996 0.4657767828125 0.31006885 0.5732902156249999 0.312674171875 0.6181632031250001 0.32447549531250003 0.591022290625 0.3402619 0.4872653171875 0.337656578125 0.44239232968750003 0.330529940625 0.4173164765625 0.30026048437499997 0.43440737343749997 0.27366881875 0.6100091062499999 0.2790328296875 0.6673354515625001
48 0.3436337859375 0.45518396718750004 0.3430972734375 0.483508859375 0.3595730046875 0.489294996875 0.3395717421875 0.633153659375 0.349916896875 0.6585677921875 0.3840947515625 0.5810706515625 0.3966626390625 0.4769754 0.392448059375 0.431933271875 0.3436337859375 0.45518396718750004
40 0.412065625 0.45426750625 0.40126036249999997 0.526112265625 0.40179659687499997 0.582931190625 0.3827152671875 0.61741588125 0.3650131453125 0.7006991609375001 0.3736718015625 0.912441603125 0.38547284843749996 0.97044450625 0.44739263124999995 0.47419839843749995 0.4344421546875 0.40391127656250003 0.412065625 0.45426750625
54 0.4556681453125 0.6818461015625 0.4768185625 0.6354154734375 0.4858609171875 0.680965021875 0.49888835625 0.649898509375 0.4880066890625 0.65280926875 0.48455839687499996 0.6159566203125 0.49796925468750003 0.503841028125 0.496130221875 0.46715751875 0.46317820468750004 0.6258728765625 0.4572776828125 0.596871425 0.46999893750000005 0.46035654218750005 0.4611096734375 0.4675311796875 0.4476221296875 0.5958565859375 0.44685556562500006 0.6728109250000001 0.4556681453125 0.6818461015625
53 0.5512289953125 0.2215715640625 0.5079309890625 0.6103042390625 0.5115323734375 0.6998810765625 0.5317636890624999 0.5073929671874999 0.556822225 0.4856999125 0.5408830078125 0.4515888828125 0.5554435734375 0.266613690625 0.5512289953125 0.2215715640625
2 0.624487221875 0.64688160625 0.655293190625 0.6014658171875 0.619046525 0.6057650781249999 0.6500825484375 0.5117198421875 0.6601215203125 0.43168560468750006 0.6414236125 0.3851212171875 0.619506909375 0.4233623671875 0.6108474203125 0.46705137499999994 0.6331472671875 0.43290496406249995 0.6495463140625 0.45490091875000005 0.60617245625 0.6044119593749999 0.6055592609375 0.648946665625 0.624487221875 0.64688160625
0 0.69774766875 0.3910411140625 0.67368519375 0.4574380171875 0.656059478125 0.609655296875 0.6586647984375 0.6545282828125 0.672764984375 0.651955803125 0.7070962062499999 0.5420390328125 0.7146062640624999 0.4860658078125 0.7129206 0.4169626671875 0.69774766875 0.3910411140625
46 0.8130010999999999 0.44775389531250004 0.796602053125 0.42575794218749996 0.775528321875 0.45597875312499997 0.7539950390625 0.413170825 0.7377490843750001 0.44389905937499996 0.723418846875 0.49510098437499994 0.7108509578125 0.5991962375 0.7194334859375 0.6568608609375 0.738285040625 0.5858618 0.7472512671875 0.47733352812499996 0.762884028125 0.49114000625000004 0.7421931609375 0.6105993734374999 0.7504692296875 0.64795944375 0.7705469 0.5730347828125 0.77813364375 0.5008517421875001 0.7939964546875 0.4660287703125 0.8015829218749999 0.478989546875 0.7836507453125 0.610902271875 0.806257328125 0.511916596875 0.8130010999999999 0.44775389531250004
40 0.7926656296875 1 0.8150688 0.86152704375 0.8497073140625 0.516483375 0.852389596875 0.46000273125 0.8408950109375001 0.4223043796875 0.8201277390625 0.47282974843750003 0.803575046875 0.5683972421875 0.8056438546875 0.641595121875 0.8002795671875 0.6694125953125 0.8271774140625 0.5992592343750001 0.8274838734375001 0.6195637875 0.7971369 0.9082959515625 0.7784392687499999 0.7765877484375 0.7795122937500001 0.7199379640625 0.796218078125 0.6770946546875 0.7784395468749999 0.6914439296875 0.7730752578125 0.719261403125 0.7785920843749999 0.9144557499999999 0.79111039375 1 0.7926656296875 1