28 0 0.5356646953124999 0.004396646875 0.5532986828124999 0.053446178125 0.5527807796875 0.064442628125 0.59688513125 0.06591472968749999 0.6199411312499999 0.10440230312500001 0.7743063609374999 0.11245455 0.7722987109375 0.061498425 0.5507731296875 0.06881462031249999 0.537237478125 0.0673425203125 0.514181478125 0.0827109609375 0.4986381765625 0.013530814062499999 0.5041752046875 0.0040064656249999995 0.48312685625 0 0.48412577968750004 0 0.5356646953124999
34 0.10656614375 0.6800747078125 0.12306081875 0.7462312343749999 0.1413734640625 0.7767999328124999 0.153451834375 0.7737884578124999 0.15050763125 0.72767645625 0.16955632812500002 0.76977315625 0.1688202765625 0.75824515625 0.1468273765625 0.6700364546875 0.12704263124999998 0.616411753125 0.10141378906250001 0.599378703125 0.10656614375 0.6800747078125
35 0.1365226671875 0.5086444484375 0.12773437031249998 0.49912409843749994 0.1834526703125 0.7311738546875 0.207263540625 0.7837947296875 0.22665810625 0.7672476046875001 0.2251860046875 0.7441916015625 0.1976948796875 0.6339307234375 0.17388400937499998 0.5813098484375 0.157779515625 0.58532515 0.1365226671875 0.5086444484375
28 0.2737567296875 0.41587056093749997 0.293541478125 0.4694952609375 0.3210326015625 0.5797561390625 0.322504703125 0.602812140625 0.338999378125 0.6689686671875 0.3532859015625 0.7005411921875 0.3525498484375 0.6890131937499999 0.3305569484375 0.6008044890625001 0.3290848484375 0.5777484890625 0.3015937234375 0.4674876109375 0.28657115 0.42438708593749996 0.32609633437499996 0.40282083281250003 0.32388818124999996 0.36823683125 0.3191260078125 0.35771265625000004 0.22652517031250002 0.38080063750000004 0.227997271875 0.4038566375 0.22068107656249997 0.41739228749999996 0.2349675984375 0.44896481406250005 0.24301984375000002 0.4469571640625 0.24154774375 0.4239011625 0.2737567296875 0.41587056093749997
48 0.3576578921875 0.6408935390625 0.37194441562499997 0.6724660640625 0.39133898125 0.6559189390625 0.388394778125 0.6098069374999999 0.371900103125 0.543650409375 0.3480892328125 0.49102953437499997 0.3305126375 0.471988834375 0.34116321875 0.5747370140625 0.3576578921875 0.6408935390625
39 0.43415423750000004 0.6218208578125 0.4363623890625 0.6564048609375 0.43233626718749996 0.6574086859375 0.41328756875000006 0.615311984375 0.409261446875 0.616315809375 0.415495721875 0.6498959859375 0.4393065921875 0.7025168625 0.454675034375 0.6869735609375 0.44770470781249994 0.641865384375 0.414715359375 0.50955233125 0.41250720625000004 0.4749683296875 0.42384952499999995 0.460428853125 0.39822068437499997 0.44339580312500004 0.3831981109375 0.40029527812500004 0.3392123109375 0.22387787343749999 0.324925790625 0.1923053484375 0.3271339421875 0.22688935 0.3861423140625 0.44640727968749994 0.3667477484375 0.46295440625 0.3729820234375 0.49653458281249996 0.4066631125 0.51155998125 0.43415423750000004 0.6218208578125
34 0.47515152031249996 0.6233106078125 0.4905199640625 0.6077673046875 0.486839709375 0.550127303125 0.5099145296875001 0.591220178125 0.517230725 0.577684528125 0.5014721015625 0.5230560015625 0.4989180796875 0.5471158265625 0.4846315578125 0.5155433015625001 0.46960898437500004 0.47244277500000004 0.45311430937499997 0.40628624999999996 0.4388277859375 0.3747137234375 0.430775540625 0.37672137499999997 0.42566749687499994 0.4248410265625 0.434845975 0.5045332046875 0.45134065 0.57068973125 0.47515152031249996 0.6233106078125
57 0.5051523546875 0.580696003125 0.5099145296875001 0.591220178125 0.517966775 0.589212528125 0.508052246875 0.49799235 0.536625290625 0.5611374015624999 0.5501757640625 0.581181925 0.5494397109375 0.569653925 0.5439414859375 0.5476017484375 0.5153684421875 0.48445669843749994 0.5098702171875 0.4624045234375 0.5054539124999999 0.3932365203125 0.4951935140625 0.3606601703125 0.491167390625 0.3616639953125 0.4955836953125 0.430831996875 0.49155757187500004 0.431835821875 0.4629845265625 0.368690771875 0.45969445468750003 0.381222596875 0.4651926796875 0.40327477343749996 0.493765725 0.4664198234375 0.49926395 0.48847199999999996 0.5051523546875 0.580696003125
38 0.5666261265625 0.5185227968749999 0.5611279 0.4964706203125 0.5724702203125 0.4819311453125 0.567317865625 0.401235140625 0.556321415625 0.35713079062499997 0.5420348921875 0.3255582640625 0.5219042765624999 0.33057739062499997 0.52705663125 0.41127339375 0.5600459796874999 0.543586446875 0.5743325031250001 0.5751589734375 0.5977531921875 0.5576080218749999 0.5809126484375 0.550095321875 0.5666261265625 0.5185227968749999
47 0.605370946875 0.3566128875 0.6401782671875 0.4533381140625 0.667669390625 0.5635989921875 0.6757216374999999 0.5615913406249999 0.6482305125 0.4513304640625 0.638706165625 0.43028211250000004 0.627709715625 0.3861777625 0.594374496875 0.3125085359375 0.5822961265625 0.3155200109375 0.5812142062500001 0.3626358390625 0.5621655078125001 0.3205391390625 0.5548493125 0.3340747890625 0.5834223578125 0.397219840625 0.6306982296875 0.56110541875 0.6339883015625001 0.54857359375 0.595500728125 0.3942083640625 0.5973186984375001 0.3586205375 0.605370946875 0.3566128875
5 0.732779103125 0.4302501328125 0.749273778125 0.496406659375 0.7481918578125 0.5435224859375001 0.760270228125 0.5405110093750001 0.7573260234375 0.4943990078125 0.735333125 0.40619030624999997 0.7203105515625 0.3630897796875 0.70199790625 0.3325210796875 0.6811312390625 0.32601220625 0.6789230875000001 0.29142820468749997 0.7312626890625 0.27837847656250003 0.7202662390625 0.234274125 0.6598743890625001 0.24933150468749998 0.666108665625 0.28291168125 0.6705249703125 0.352079684375 0.68628359375 0.40670820937499996 0.7129943562500001 0.37662543125000003 0.732779103125 0.4302501328125
46 0.8374583093749999 0.404150675 0.8422204843750001 0.41467485000000004 0.8502727296874999 0.4126672 0.8403582015625 0.32144702187499996 0.8484104484375001 0.31943937031249997 0.8626969703125 0.351011896875 0.89421421875 0.46026894843750005 0.908500740625 0.4918414734375 0.9077646890625 0.48031347343749997 0.8927421171875001 0.43721294843749997 0.8652509937499999 0.3269520703125 0.841440121875 0.2743311953125 0.7737320750000001 0.302924225 0.7832564234375 0.323972575 0.8210079484374999 0.466809803125 0.8250340703125 0.465805978125 0.8228259187500001 0.43122197656249994 0.8063312437500001 0.36506545 0.804123090625 0.33048145 0.8107032359374999 0.305417796875 0.824989759375 0.3369903234375 0.8359862093749999 0.3810946734375 0.8374583093749999 0.404150675
40 1 0.6272766828125 0.9381113937500001 0.37905504218749997 0.9285870453125 0.3580066921875 0.9065941453124999 0.269797990625 0.8882815000000001 0.2392292890625 0.8762031296874999 0.242240765625 0.8743851593749999 0.2778285921875 0.8923519359375 0.3670411203125 0.9066384578125 0.3986136453125 0.9146907046875 0.39660599531249996 0.915772625 0.34949016718750003 0.9205348000000001 0.3600143421875 0.9315312484374999 0.40411869375 0.941055596875 0.42516704531249994 0.9740449453125001 0.5574800984375 0.9762530984375 0.5920641 0.968200853125 0.59407175 0.9630928078125001 0.6421914015625 0.9653009593749999 0.6767754046875 0.987293859375 0.76498410625 1 0.7896967296875 1 0.6272766828125