28 0 0.5226160125 0.0028384578125 0.53596990625 0.051876184375 0.5371641234375 0.06132671562499999 0.581625378125 0.061993278124999995 0.6047187093749999 0.0950701375 0.7603331 0.10318754375000001 0.7586076921875 0.0599935921875 0.535438715625 0.0677777171875 0.522166640625 0.06711115625 0.4990733109375 0.0830126890625 0.48407582812500005 0.013681445312500002 0.48719513125 0.0048974765625 0.465827209375 0 0.46686820000000007 0 0.5226160125
34 0.1232071140625 0.6033248140625 0.09818833125000001 0.58540770625 0.100521296875 0.6662343671875 0.11469709374999999 0.73292625 0.1319317515625 0.764115428125 0.14410786250000002 0.7615273171875 0.1427747390625 0.7153406546875 0.160342678125 0.7580765 0.160009396875 0.746529834375 0.1411083328125 0.6576073265625 0.1232071140625 0.6033248140625
35 0.17124499843750002 0.5698790328125 0.1550101828125 0.57332985 0.13644240000000002 0.49595400625 0.12799171250000002 0.4861327484375 0.17557765 0.7199856875 0.1975375734375 0.7734054953125 0.2174978109375 0.757545309375 0.21683124999999998 0.7344519765624999 0.193204921875 0.623298840625 0.17124499843750002 0.5698790328125
28 0.2450275578125 0.438020996875 0.244360996875 0.41492766718749996 0.2768306265625 0.408026034375 0.294731846875 0.46230854531250004 0.318358175 0.5734616828125 0.31902473593749997 0.5965550125 0.3332005328125 0.6632468953124999 0.34637648906249996 0.6952987796875 0.34604320624999996 0.683752115625 0.32714214375 0.5948296046875 0.3264755828125 0.5717362734375 0.302849253125 0.4605831375 0.2893400171875 0.4169845875 0.32959377500000003 0.39681088125 0.32859393125 0.3621708828125 0.3242019484375 0.35148692187499997 0.23085176093749998 0.3713291171875 0.2315183234375 0.394422446875 0.223734196875 0.4076945203125 0.2369101515625 0.43974640625 0.2450275578125 0.438020996875
48 0.33159346093750003 0.4660908734375 0.33865169375000004 0.5691481625 0.352827490625 0.6358400421875 0.3660034453125 0.667891928125 0.38596368281250004 0.6520317421875 0.3846305578125 0.6058450796875 0.3704547609375 0.539153196875 0.3484948375 0.4857333890625 0.33159346093750003 0.4660908734375
39 0.373180340625 0.49210382968750005 0.406316534375 0.5082955296875 0.4299428625 0.6194486640625 0.4309427046875 0.6540886625 0.4268840015625 0.654951365625 0.40931606093750006 0.6122155203124999 0.405257359375 0.6130782234375001 0.41031590468749995 0.6468555171875 0.432275828125 0.700275325 0.44817736249999995 0.68527784375 0.442785534375 0.639953884375 0.41443394062500005 0.5065701203125 0.413434096875 0.4719301234375 0.425276928125 0.45779534687499995 0.40025814375 0.43987823906249995 0.38674890781250004 0.3962796890625 0.3489467828125 0.21843467031250002 0.335770828125 0.1863827859375 0.3367706703125 0.22102278281249998 0.3880820328125 0.4424663515625 0.3681217953125 0.45832653749999996 0.373180340625 0.49210382968750005
34 0.434727459375 0.5022566 0.44890325625000005 0.56894848125 0.4708631796875 0.622368290625 0.48676471406250005 0.60737080625 0.485098309375 0.5496374796875 0.5067249515625 0.591510621875 0.514509078125 0.5782385484375 0.5006665609375001 0.5230933328125 0.4972744203125 0.5470493671875001 0.4840984671875 0.51499748125 0.47058923124999996 0.47139893125 0.45641343437500004 0.40470705 0.4432374796875 0.372655165625 0.435120071875 0.3743805734375 0.4283357875 0.4222926453125 0.434727459375 0.5022566
57 0.49494145312500004 0.46622270625000006 0.49966671875 0.48845333437500005 0.5023329671875 0.580826659375 0.5067249515625 0.591510621875 0.5148423578125 0.5897852125 0.50811740625 0.4982745921875 0.534469315625 0.5623783625 0.5473119890625 0.5828835796875 0.5469787078125 0.571336915625 0.5422534421874999 0.5491062875 0.5159015328125001 0.48500251875 0.5111762671875 0.462771890625 0.50917658125 0.39349189687499997 0.5000593328125 0.36057730781249997 0.496000628125 0.3614400125 0.49800031406249995 0.4307200046875 0.49394160937500003 0.43158270937500004 0.4675897015625 0.367478940625 0.4638642796875 0.379888309375 0.4685895453125 0.40211893749999994 0.49494145312500004 0.46622270625000006
38 0.5956831515625 0.560984465625 0.5791150578125001 0.5528886171875 0.5659391031250001 0.52083673125 0.5612138375 0.49860610312500003 0.5730566671874999 0.48447132656249997 0.5707237015625 0.403644665625 0.56127316875 0.3591834109375 0.5480972140625 0.3271315265625 0.5278036968750001 0.331445046875 0.5301366625 0.41227170781250005 0.55848825625 0.5456554703125 0.5716642125 0.5777073546875 0.5956831515625 0.560984465625
47 0.5991346265625 0.3976057375 0.6021934859375 0.36210303593750004 0.6103108953125 0.360377628125 0.64172135 0.458258690625 0.6653476781250001 0.5694118265625 0.6734650859375 0.5676864187499999 0.64983875625 0.45653328281250005 0.6410547890625 0.4351653578125 0.6316042578125 0.3907041046875 0.6008603640625 0.3159163734375 0.5886842531250001 0.3185044859375 0.5859586718750001 0.3655538515625 0.5683907328125 0.32281800625 0.56060660625 0.33609007968750004 0.5869585140625 0.40019384999999996 0.6284860640625001 0.5656294984375 0.6322114859375 0.553220128125 0.5991346265625 0.3976057375
5 0.6894259515625001 0.41326624375 0.7171703171875 0.3841339828125 0.7350715359375 0.43841649687500006 0.7492473328125 0.5051083765625 0.746521753125 0.55215774375 0.7586978640625001 0.54956963125 0.7573647390625 0.50338296875 0.7384636765625 0.41446046093750005 0.7249544421875 0.37086190937499997 0.7077197843749999 0.339672728125 0.687092984375 0.332439584375 0.6860931421875 0.2977995859375 0.738856290625 0.2865844328125 0.729405759375 0.242123178125 0.668525203125 0.255063740625 0.6735837484375 0.28884103437499997 0.675583434375 0.358121028125 0.6894259515625001 0.41326624375
46 0.8304807390625 0.348431603125 0.8399312703125 0.3928928578125 0.8405978328125 0.41598618906249996 0.8449898171875001 0.42667014999999997 0.8531072249999999 0.4249447421875 0.8463822734375 0.333434121875 0.8544996812500001 0.3317087125 0.8676756343750001 0.36376059843749997 0.8953606671875001 0.47405102968749996 0.9085366203125 0.5061029140625 0.908203340625 0.4945562484375 0.89469410625 0.4509576984375 0.871067778125 0.3398045609375 0.849107853125 0.2863847546875 0.7804431703125 0.3125973890625 0.789227140625 0.33396531406249996 0.8219707187499999 0.47803303750000004 0.826029421875 0.47717033437499995 0.8250295796874999 0.4425303359375 0.8108537828125 0.37583845625 0.8098539390624999 0.34119845781249997 0.817304784375 0.3163797171875 0.8304807390625 0.348431603125
40 1 0.666979325 0.9420654265625 0.3944185859375 0.9332814562499999 0.37305066249999996 0.9143803937499999 0.284128153125 0.8971457359375 0.2529389734375 0.8849696249999999 0.2555270859375 0.8819107640625001 0.2910297859375 0.8967531234375 0.380815 0.909929078125 0.41286688437499997 0.918046484375 0.4111414765625 0.920772065625 0.364092109375 0.92516405 0.3747760703125 0.93461458125 0.419237325 0.9433985500000001 0.44060525000000006 0.9717501437499999 0.5739890125 0.9727499875 0.608629009375 0.9646325812500001 0.61035441875 0.9578482968750001 0.6582664890625 0.9588481390625001 0.6929064859375 0.9777492015625 0.7818289953125 1 0.8290924468749999 1 0.666979325