15 0.1502732234375 0.258064515625 0.15300546406249999 0.24193548437499998 0.14480874375 0.1935483875 0.09836065625 0.20967741874999998 0.092896175 0.59677419375 0.08743169375 0.6290322578125 0.09562841562499999 0.6774193546875 0.09836065625 0.6612903218749999 0.10382513593750001 0.5645161296875 0.11748633906249999 0.5161290328125 0.1584699453125 0.5 0.15573770468749998 0.451612903125 0.13387978125 0.451612903125 0.1284153 0.4838709671875 0.10928961718750001 0.4677419359375 0.10928961718750001 0.30645161249999997 0.11748633906249999 0.258064515625 0.1502732234375 0.258064515625
42 0.2131147546875 0.20967741874999998 0.21038251406250003 0.1290322578125 0.1967213109375 0.145161290625 0.1967213109375 0.1774193546875 0.20491803281249998 0.2258064515625 0.2131147546875 0.20967741874999998
42 0.1967213109375 0.6935483875 0.1967213109375 0.33870967812499997 0.188524590625 0.3225806453125 0.18579235 0.6612903218749999 0.19398907031249998 0.70967741875 0.1967213109375 0.6935483875
47 0.23770491875 0.645161290625 0.2431693984375 0.645161290625 0.2513661203125 0.59677419375 0.2513661203125 0.4677419359375 0.2595628421875 0.4193548390625 0.28688524531250004 0.4193548390625 0.2896174859375 0.5322580640625 0.2841530046875 0.59677419375 0.2923497265625 0.645161290625 0.2950819671875 0.6290322578125 0.2950819671875 0.40322580625000004 0.28688524531250004 0.354838709375 0.2595628421875 0.354838709375 0.2540983609375 0.38709677343750004 0.2431693984375 0.354838709375 0.224043715625 0.3709677421875 0.23497267812499997 0.4354838703125 0.229508196875 0.5 0.229508196875 0.59677419375 0.23770491875 0.645161290625
42 0.3497267765625 0.20967741874999998 0.3497267765625 0.1129032265625 0.34153005468750003 0.0645161296875 0.32786885312499997 0.1129032265625 0.3360655734375 0.2258064515625 0.3497267765625 0.20967741874999998
42 0.322404371875 0.6290322578125 0.3306010921875 0.6774193546875 0.3387978140625 0.6612903218749999 0.3387978140625 0.3709677421875 0.3306010921875 0.3225806453125 0.322404371875 0.40322580625000004 0.322404371875 0.6290322578125
57 0.3961748640625 0.354838709375 0.3797814203125 0.29032258125 0.3606557375 0.30645161249999997 0.363387978125 0.354838709375 0.3797814203125 0.354838709375 0.38797814218750004 0.40322580625000004 0.38797814218750004 0.4354838703125 0.3715847 0.5322580640625 0.3715847 0.59677419375 0.3770491796875 0.59677419375 0.3852459015625 0.5806451609375001 0.3961748640625 0.4838709671875 0.407103825 0.5806451609375001 0.415300546875 0.5645161296875 0.40437158437500004 0.4354838703125 0.40983606562499997 0.3709677421875 0.42622950781249996 0.30645161249999997 0.41803278749999995 0.258064515625 0.41256830625 0.258064515625 0.3961748640625 0.354838709375
2 0.5601092890625 0.258064515625 0.5491803281250001 0.258064515625 0.5464480875 0.30645161249999997 0.5546448093749999 0.354838709375 0.5710382515625 0.354838709375 0.5737704921875 0.4677419359375 0.5546448093749999 0.548387096875 0.5300546453125 0.59677419375 0.5327868859375 0.645161290625 0.5519125687499999 0.6290322578125 0.59836065625 0.6129032265625 0.6065573765625001 0.5645161296875 0.5737704921875 0.5645161296875 0.5737704921875 0.5322580640625 0.590163934375 0.4354838703125 0.584699453125 0.40322580625000004 0.584699453125 0.33870967812499997 0.5765027328125 0.29032258125 0.5655737703125 0.29032258125 0.5601092890625 0.258064515625
0 0.6612021859375 0.3709677421875 0.642076503125 0.29032258125 0.631147540625 0.29032258125 0.6065573765625001 0.4677419359375 0.6065573765625001 0.5322580640625 0.6147540984375001 0.5806451609375001 0.6502732234375 0.5645161296875 0.6612021859375 0.5322580640625 0.6612021859375 0.3709677421875
46 0.7049180328125 0.30645161249999997 0.7076502734375001 0.354838709375 0.721311475 0.3709677421875 0.7158469953125 0.4354838703125 0.718579234375 0.548387096875 0.7322404375 0.5322580640625 0.7322404375 0.4354838703125 0.7459016390625 0.354838709375 0.770491803125 0.3709677421875 0.770491803125 0.4677419359375 0.765027321875 0.5 0.77322404375 0.548387096875 0.7896174859375 0.38709677343750004 0.811475409375 0.38709677343750004 0.8196721312499999 0.5322580640625 0.8306010921875 0.5322580640625 0.8251366125 0.40322580625000004 0.816939890625 0.3225806453125 0.7896174859375 0.3225806453125 0.778688525 0.354838709375 0.7677595625 0.29032258125 0.7459016390625 0.29032258125 0.7404371578125 0.3225806453125 0.729508196875 0.3225806453125 0.7240437156249999 0.29032258125 0.7049180328125 0.30645161249999997
40 0.8469945359375 0.40322580625000004 0.8469945359375 0.4677419359375 0.8606557374999999 0.5161290328125 0.8770491796875 0.5161290328125 0.8825136609375 0.4838709671875 0.8961748640625 0.5 0.8961748640625 0.6612903218749999 0.8879781421875 0.6774193546875 0.863387978125 0.8225806453125 0.8661202187500001 0.9354838703125001 0.8907103828125 0.9193548390625 0.9071038250000001 0.79032258125 0.9071038250000001 0.7258064515625 0.9125683062500001 0.6935483875 0.9125683062500001 0.6290322578125 0.9071038250000001 0.59677419375 0.9071038250000001 0.30645161249999997 0.8989071031250001 0.258064515625 0.8661202187500001 0.29032258125 0.85519125625 0.3225806453125 0.8469945359375 0.40322580625000004