15 0.09699013281249999 0.25988239062499996 0.0540484734375 0.2838320109375 0.11588565937499999 0.6659968140625 0.11610575000000001 0.6987137031249999 0.1325802765625 0.7449423453125 0.13247023125 0.7285839000000001 0.12104703125 0.6323310281250001 0.1260983578125 0.582306796875 0.16365855468749999 0.559306071875 0.152565490625 0.5121285328125 0.1310396390625 0.5159241203125 0.1312597296875 0.548641009375 0.10962383125 0.5360781546875 0.0816160609375 0.37723819375 0.08128592500000001 0.328162859375 0.113574703125 0.32246947656249997 0.1134646578125 0.30611103281249996 0.09699013281249999 0.25988239062499996
42 0.1397117 0.20321587968750002 0.1453132546875 0.234983871875 0.16178778124999998 0.28121251406250003 0.1670591984375 0.263905171875 0.1503645828125 0.184959640625 0.1397117 0.20321587968750002
42 0.1624480546875 0.37936318125 0.218573640625 0.7134015453125 0.235048165625 0.7596301875 0.2349381203125 0.74327174375 0.173321025 0.3938238328125 0.1624480546875 0.37936318125
47 0.27194809062499997 0.6384787968750001 0.24954187343749998 0.5114068281249999 0.24921173749999997 0.4623314953125 0.2761190515625 0.45758700937499996 0.29841522343750004 0.56830053125 0.3042368671875 0.6327854140625 0.32071139375 0.67901405625 0.3206013484375 0.6626556109374999 0.2813904703125 0.44027966718749995 0.26491594375 0.394051025 0.2380086296875 0.398795509375 0.23822872031250003 0.4315123984375 0.2218642390625 0.4016422015625 0.2058298953125 0.4208473375 0.2277959296875 0.4824855265625 0.23361757500000002 0.546970409375 0.2504222375 0.6422743843750001 0.2668967640625 0.6885030265625 0.2722782265625 0.6875541296875001 0.27194809062499997 0.6384787968750001
42 0.2683165890625 0.098650125 0.2632652625 0.14867435625 0.2909428953125 0.2584389828125 0.30159577656250003 0.24018274218750002 0.284791115625 0.14487876718749998 0.2683165890625 0.098650125
42 0.36925460781249997 0.686832425 0.3188406203125 0.4009204984375 0.30236609531249997 0.35469185625 0.3082977859375 0.43553518125 0.347508665625 0.657911125 0.363983190625 0.7041397671875 0.36925460781249997 0.686832425
57 0.32916336562500004 0.33358892500000004 0.340256428125 0.38076646406250003 0.3564008171875 0.3779197734375 0.37287534375 0.42414841562500005 0.37847689687499997 0.45591640624999996 0.3791371703125 0.5540670750000001 0.3903402796875 0.617603059375 0.395721740625 0.6166541624999999 0.400993159375 0.5993468203125001 0.3949514234375 0.5021450484375001 0.4225190125 0.59555123125 0.4277904296875 0.578243890625 0.3946212859375 0.453069715625 0.3887996421875 0.388584834375 0.393740921875 0.322202159375 0.3772663984375 0.275973515625 0.37188493437500003 0.2769224140625 0.3725452078125 0.37507308125 0.345197709375 0.3143837890625 0.32916336562500004 0.33358892500000004
2 0.5121331125 0.301326421875 0.5286076390625001 0.3475550640625 0.5447520265625 0.34470837187500003 0.5670481984375 0.455421896875 0.5622169625 0.5381630171875 0.546402709375 0.5900850421875 0.5574957734375 0.63726258125 0.5735301171875 0.6180574453125 0.6164717765625001 0.5941078234375 0.6161416390625 0.5450324906249999 0.5838528609375 0.5507258734375 0.57825130625 0.5189578796875 0.5775910328125 0.4208072125 0.566608015625 0.38998811875 0.5554049078125 0.326452134375 0.5389303828124999 0.2802234921875 0.5281674562500001 0.2821212859375 0.5171844375 0.25130219062500003 0.5064215125 0.253199984375 0.5121331125 0.301326421875
0 0.5927450125 0.2707345203125 0.5993369765625001 0.44972851406250003 0.610540084375 0.513264496875 0.6270146109375 0.5594931390625 0.6591933437499999 0.5374413140625001 0.6643547171875 0.503775525 0.6363469453125 0.344935565625 0.603507940625 0.2688367265625 0.5927450125 0.2707345203125
46 0.6955430406249999 0.3344976984375 0.7013646859375 0.398982578125 0.72366085625 0.509696103125 0.7343137375000001 0.49143986249999994 0.7175090749999999 0.39613588593750004 0.716958846875 0.31434366406250003 0.7439762078125 0.3259576234375 0.7607808703125001 0.42126159999999996 0.7610009609375 0.45397848906249993 0.7774754875000001 0.50020713125 0.76561210625 0.338520478125 0.7871379578125001 0.334724890625 0.8204171468749999 0.4762575078125 0.8311800734375 0.4743597140625 0.8033923937499999 0.34823664375 0.7813163140625 0.27024000937500003 0.7544089984375 0.2749844953125 0.7492476265625 0.30865028125 0.7272815921875 0.2470120921875 0.7057557390625 0.25080768125 0.7059758296875 0.2835245703125 0.6952129046875 0.2854223640625 0.6842298859375 0.25460326875 0.6681955421875 0.2738084046875 0.67928860625 0.32098594375 0.6955430406249999 0.3344976984375
40 0.85797734375 0.453256784375 0.8741217328124999 0.45041009374999996 0.8739016421875 0.41769320312499997 0.890156078125 0.43120495625000005 0.9181638484375 0.5900449156249999 0.9128924296875001 0.607352259375 0.9138828390624999 0.7545782609375 0.9361790109375001 0.8652917828125 0.9575948171875 0.8451377515624999 0.951332990625 0.7152190921875 0.9401298812500001 0.6516831062499999 0.9399097921875 0.61896621875 0.9287066828125001 0.5554302328125 0.9177236656250001 0.5246111390625 0.867309678125 0.238699209375 0.8508351515625 0.1924705671875 0.8241479281249999 0.22993194374999998 0.8189865546874999 0.2635977296875 0.824918246875 0.34444105468749997 0.8361213546874999 0.4079770390625 0.85797734375 0.453256784375