28 0.053941909375 0.48863636406250005 0.04979253125 0.5113636359375 0.04979253125 0.6704545453125 0.0580912859375 0.6704545453125 0.06224066406249999 0.44318181875 0.0726141078125 0.43181818125 0.0767634859375 0.409090909375 0.095435684375 0.39772727343750003 0.0269709546875 0.3863636359375 0.0228215765625 0.3636363640625 0.006224065625 0.3636363640625 0.006224065625 0.43181818125 0.053941909375 0.44318181875 0.053941909375 0.48863636406250005
34 0.116182571875 0.6704545453125 0.116182571875 0.5795454546875 0.10995850625 0.5227272734375 0.08921161875 0.5 0.07468879687499999 0.5795454546875 0.07468879687499999 0.6477272734375 0.085062240625 0.6818181812499999 0.09751037343749999 0.6818181812499999 0.10580912812500001 0.6363636359375 0.114107884375 0.6818181812499999 0.116182571875 0.6704545453125
35 0.174273859375 0.6704545453125 0.174273859375 0.5568181812499999 0.163900415625 0.5 0.1473029046875 0.5 0.145228215625 0.42045454531250004 0.13900415 0.409090909375 0.1369294609375 0.6477272734375 0.1473029046875 0.7045454546875 0.17012448125 0.6931818187500001 0.174273859375 0.6704545453125
28 0.24896265624999997 0.35227272656249997 0.255186721875 0.3863636359375 0.2634854765625 0.3863636359375 0.2676348546875 0.3636363640625 0.30082987499999997 0.3636363640625 0.3070539421875 0.42045454531250004 0.3070539421875 0.5340909093749999 0.3029045640625 0.5568181812499999 0.3029045640625 0.625 0.30912863125 0.6590909093749999 0.31120331874999996 0.6477272734375 0.31120331874999996 0.5568181812499999 0.315352696875 0.5340909093749999 0.315352696875 0.42045454531250004 0.31120331874999996 0.375 0.354771784375 0.3636363640625 0.36099585 0.32954545468749996 0.3589211625 0.31818181874999996 0.2634854765625 0.31818181874999996 0.25933609999999996 0.34090909062499997 0.24896265624999997 0.35227272656249997
48 0.365145228125 0.5113636359375 0.354771784375 0.45454545468749996 0.3423236515625 0.43181818125 0.3278008296875 0.5340909093749999 0.3278008296875 0.6022727265625 0.33402489687500003 0.6363636359375 0.3568464734375 0.625 0.365145228125 0.5795454546875 0.365145228125 0.5113636359375
39 0.40248962656250004 0.42045454531250004 0.37966805 0.43181818125 0.3775933609375 0.465909090625 0.4066390046875 0.48863636406250005 0.4066390046875 0.6022727265625 0.4004149375 0.6363636359375 0.3962655609375 0.6363636359375 0.3879668046875 0.5909090906250001 0.383817428125 0.5909090906250001 0.3817427390625 0.625 0.3921161828125 0.6818181812499999 0.41078838125 0.6704545453125 0.414937759375 0.625 0.414937759375 0.48863636406250005 0.421161825 0.45454545468749996 0.43568464687499997 0.44318181875 0.414937759375 0.42045454531250004 0.41078838125 0.375 0.41078838125 0.19318181875 0.40456431562499995 0.15909090937499998 0.3983402484375 0.19318181875 0.40248962656250004 0.42045454531250004
34 0.46265560156249996 0.3636363640625 0.44605809062499996 0.409090909375 0.43568464687499997 0.48863636406250005 0.43568464687499997 0.5568181812499999 0.44605809062499996 0.6136363640625 0.46473029062500004 0.6022727265625 0.47510373437500003 0.5454545453125 0.4875518671875 0.5909090906250001 0.4979253109375 0.5795454546875 0.495850621875 0.5227272734375 0.4875518671875 0.5454545453125 0.48132780156250005 0.5113636359375 0.47717842343749994 0.465909090625 0.47717842343749994 0.39772727343750003 0.47095435625000004 0.3636363640625 0.46265560156249996 0.3636363640625
57 0.48962655625 0.375 0.48962655625 0.39772727343750003 0.5020746890625001 0.465909090625 0.5020746890625001 0.48863636406250005 0.485477178125 0.5795454546875 0.4875518671875 0.5909090906250001 0.495850621875 0.5909090906250001 0.5082987546875 0.5 0.5207468875 0.5681818187500001 0.52904564375 0.5909090906250001 0.53112033125 0.5795454546875 0.53112033125 0.5568181812499999 0.5186721984375 0.48863636406250005 0.5186721984375 0.465909090625 0.53112033125 0.39772727343750003 0.52904564375 0.3636363640625 0.524896265625 0.3636363640625 0.5124481328125 0.43181818125 0.5082987546875 0.43181818125 0.495850621875 0.3636363640625 0.48962655625 0.375
38 0.5477178421875 0.5568181812499999 0.553941909375 0.5909090906250001 0.5809128625 0.5795454546875 0.5663900421875 0.5681818187500001 0.560165975 0.5340909093749999 0.560165975 0.5113636359375 0.5746887968750001 0.5 0.58921161875 0.42045454531250004 0.58921161875 0.375 0.5829875515625 0.34090909062499997 0.5622406640625 0.34090909062499997 0.5477178421875 0.42045454531250004 0.5477178421875 0.5568181812499999
47 0.6120331953125 0.5909090906250001 0.6182572609375 0.5795454546875 0.6182572609375 0.42045454531250004 0.6286307046874999 0.3863636359375 0.6369294609375 0.3863636359375 0.6473029046875001 0.48863636406250005 0.6473029046875001 0.6022727265625 0.655601659375 0.6022727265625 0.655601659375 0.48863636406250005 0.6514522828125 0.465909090625 0.6514522828125 0.42045454531250004 0.6369294609375 0.34090909062499997 0.624481328125 0.34090909062499997 0.6120331953125 0.3863636359375 0.6037344390625 0.34090909062499997 0.5933609953125 0.35227272656249997 0.605809128125 0.42045454531250004 0.6120331953125 0.5909090906250001
5 0.7136929453125 0.32954545468749996 0.7012448124999999 0.39772727343750003 0.7033195015625 0.45454545468749996 0.7365145234375 0.43181818125 0.7427385890625 0.48863636406250005 0.7427385890625 0.5568181812499999 0.73029045625 0.6022727265625 0.7427385890625 0.6022727265625 0.75103734375 0.5568181812499999 0.75103734375 0.465909090625 0.7468879671875001 0.42045454531250004 0.7365145234375 0.3863636359375 0.7178423234375 0.375 0.724066390625 0.34090909062499997 0.7780082984375001 0.34090909062499997 0.7780082984375001 0.29545454531250004 0.715767634375 0.29545454531250004 0.7136929453125 0.32954545468749996
46 0.8360995843750001 0.409090909375 0.8485477171875001 0.3863636359375 0.854771784375 0.42045454531250004 0.854771784375 0.465909090625 0.85062240625 0.48863636406250005 0.8526970953124999 0.5 0.8609958499999999 0.5 0.8734439828125 0.409090909375 0.8817427390624999 0.409090909375 0.8879668046875 0.44318181875 0.8921161828124999 0.5568181812499999 0.8983402484375 0.5909090906250001 0.9004149375000001 0.5795454546875 0.8962655609375 0.5340909093749999 0.8962655609375 0.42045454531250004 0.885892115625 0.3636363640625 0.8132780078125 0.375 0.8174273859375001 0.39772727343750003 0.8195020749999999 0.5454545453125 0.8236514515625 0.5454545453125 0.82987551875 0.5113636359375 0.82987551875 0.44318181875 0.8360995843750001 0.409090909375
40 0.9273858921875 0.5 0.939834025 0.45454545468749996 0.9419087140625001 0.465909090625 0.9419087140625001 0.5113636359375 0.946058090625 0.5340909093749999 0.946058090625 0.6704545453125 0.939834025 0.7045454546875 0.9315352703125 0.7045454546875 0.914937759375 0.75 0.9087136921875001 0.7840909093749999 0.9087136921875001 0.875 0.9273858921875 0.9545454546875 0.935684646875 0.9545454546875 0.939834025 0.9772727265625001 0.946058090625 0.9659090906250001 0.9543568468749999 0.9204545453125 0.9543568468749999 0.48863636406250005 0.9502074687500001 0.465909090625 0.9502074687500001 0.375 0.939834025 0.34090909062499997 0.9273858921875 0.34090909062499997 0.9170124484375 0.375 0.9128630703124999 0.465909090625 0.9190871375 0.5 0.9273858921875 0.5