21 0.1022171921875 0.3829710671875 0.0939778359375 0.623573484375 0.0612811828125 0.3572806140625 0.0549587390625 0.6590811890625 0.06725789062500001 0.6452843374999999 0.0676567296875 0.45479143750000006 0.0908006828125 0.6546803515625 0.10267975468749999 0.6716518437500001 0.10817265937500001 0.5112502328125 0.135344546875 0.698357875 0.1436157640625 0.6973422968749999 0.1022171921875 0.3829710671875
48 0.1739435640625 0.6936185125 0.1788116578125 0.619300553125 0.1594909078125 0.4619456765625 0.14612562499999998 0.43286996406249995 0.14083745 0.5379562640625 0.157185778125 0.6711026984374999 0.1739435640625 0.6936185125
57 0.21995239687499998 0.5896756953125 0.2311854171875 0.5330062796874999 0.20955953749999998 0.5848084250000001 0.18219354062499998 0.5328783734375 0.20913945625000002 0.6155767671875 0.20851464687500001 0.701660421875 0.222730709375 0.7490617296875001 0.21699059375 0.64532953125 0.24859987499999997 0.7090252796875001 0.21995239687499998 0.5896756953125
42 0.2734135296875 0.7059785453125 0.256214421875 0.554506515625 0.25176640781250004 0.59805613125 0.2734135296875 0.7059785453125
40 0.28209420625 0.5943323453125 0.300973634375 0.62273100625 0.3204778734375 0.5650460140625 0.3425769359375 0.8817869234375 0.36782129218750004 0.9278341296875 0.32407510624999997 0.503170803125 0.2954382484375 0.46368349999999997 0.2805973734375 0.5023658453125 0.28209420625 0.5943323453125
38 0.36890601875 0.7252900062500001 0.40182064687499996 0.7329572734375 0.4022801796875 0.6860661296874999 0.3893509546875 0.6603334375000001 0.37555947500000003 0.685444184375 0.36289461875 0.6401645125 0.368937459375 0.5808791359375001 0.3664951796875 0.5031210671874999 0.35303720625 0.5164821875000001 0.3480078484375 0.5912546375 0.36890601875 0.7252900062500001
47 0.4473749140625 0.6844320265625 0.41578215468749996 0.579030165625 0.43418132500000006 0.6782463265625001 0.4473308328125 0.77810688125 0.41298734843749996 0.7081688078124999 0.40549970625 0.74700084375 0.4220138609375 0.7382837140625 0.4580380046875 0.8002095718750001 0.4473749140625 0.6844320265625
57 0.6021193625000001 0.49974802343749997 0.577736409375 0.5518886953125001 0.55100584375 0.4937372703125 0.54507161875 0.5251826640624999 0.571802184375 0.5833340890625001 0.5682049515625 0.6452093 0.5790285125 0.6991705078125 0.579653321875 0.613086853125 0.6197491703125 0.7003139921875 0.582830475 0.581979984375 0.6021193625000001 0.49974802343749997
40 0.6428612625000001 0.66061606875 0.670011909375 0.6879991515625 0.7081802265625 0.63416585 0.7230317203125 0.6753457843749999 0.739380046875 0.80849221875 0.72557344375 0.6504602890625 0.710721946875 0.60928035625 0.683151221875 0.612665615625 0.6632056609375 0.541394390625 0.6547297140625 0.597725278125 0.668310346875 0.6513479609374999 0.6454029859375 0.6357305734375001 0.6375412265625 0.526115528125 0.6576808953125 0.46220916250000005 0.6362597453125 0.45869599687499996 0.629485359375 0.551678075 0.6428612625000001 0.66061606875
14 0.8513220312499999 0.5121532515625 0.883976203125 0.458997003125 0.841564603125 0.5010646078125001 0.8513220312499999 0.5121532515625
14 0.9115681703125 0.615336303125 0.8740352859374999 0.6629482296875 0.8621562140625001 0.6459767390625 0.8636318046874999 0.5782186796875 0.8494263609375 0.6106796531249999 0.8271331875 0.4291163328125 0.8627597828125 0.4001685265625 0.8122816937499999 0.3879363984375 0.8468846390625 0.635565146875 0.8617361328124999 0.67674508125 0.8982135078125 0.6661228703125001 0.9115681703125 0.615336303125
13 0.9671403234374999 0.657659721875 0.9783627234375001 0.5211280265625 0.9240508109375 0.38649958125 0.9533549625 0.6593523515624999 0.9671403234374999 0.657659721875