21 0.11388888906250001 0.652439025 0.12222222187500001 0.652439025 0.11944444375 0.335365853125 0.08194444375 0.5731707312500001 0.08194444375 0.3048780484375 0.0388888890625 0.6036585359375 0.052777778124999994 0.5914634140625 0.07638888906249999 0.40243902499999995 0.075 0.6036585359375 0.084722221875 0.62195121875 0.109722221875 0.463414634375 0.11388888906250001 0.652439025
48 0.13888888906250002 0.4939024390625 0.13888888906250002 0.62804878125 0.15277777812499999 0.652439025 0.1666666671875 0.5792682921875 0.1666666671875 0.4207317078125 0.15694444375 0.390243903125 0.13888888906250002 0.4939024390625
57 0.20138888906250002 0.609756096875 0.225 0.6768292687499999 0.21111111093749999 0.5548780484375 0.22916666718749998 0.5 0.20138888906250002 0.5487804875 0.18055555625 0.4939024390625 0.197222221875 0.5792682921875 0.1861111109375 0.664634146875 0.19444444375 0.7134146343750001 0.20138888906250002 0.609756096875
42 0.2513888890625 0.52439024375 0.2416666671875 0.5670731703125 0.25 0.6768292687499999 0.2513888890625 0.52439024375
40 0.3013888890625 0.43902439062500004 0.28194444375 0.47560975625 0.272222221875 0.5670731703125 0.2875 0.597560975 0.3138888890625 0.5426829265625 0.29722222187499997 0.8597560968750001 0.3166666671875 0.9085365859375001 0.325 0.48170731718750004 0.3013888890625 0.43902439062500004
38 0.352123971875 0.4984490734375 0.33801963281249997 0.57205125625 0.342427228125 0.707634390625 0.3741621109375 0.7192557921875 0.38033281093750004 0.6727701703125 0.3706359859375 0.6456536093749999 0.353887075 0.6688964265624999 0.346834825 0.6224108046875 0.3600576921875 0.56430376875 0.36710994218750004 0.48682765781250004 0.352123971875 0.4984490734375
47 0.393555678125 0.7270034640625 0.4217644390625 0.792857975 0.42529056406250004 0.6766439140625 0.40677854687500004 0.5681775124999999 0.4129491640625 0.6688964265624999 0.4138307171875 0.7696151578125 0.38826653125 0.696012975 0.3761022671875 0.7336430484375 0.393555678125 0.7270034640625
57 0.5944444437499999 0.7134146343750001 0.5722222218749999 0.5914634140625 0.6013888890625 0.5121951218749999 0.5708333328124999 0.560975609375 0.5513888890625 0.5 0.5416666671875 0.5304878046875 0.5611111109375 0.5914634140625 0.55 0.652439025 0.5541666671875001 0.7073170734375 0.565277778125 0.62195121875 0.5944444437499999 0.7134146343750001
40 0.640277778125 0.47560975625 0.622222221875 0.5670731703125 0.622222221875 0.6768292687499999 0.6458333328125 0.7073170734375 0.690277778125 0.6585365859375 0.7 0.7012195125 0.7 0.835365853125 0.70555555625 0.6768292687499999 0.6958333328124999 0.6341463421875 0.66805555625 0.6341463421875 0.6569444437499999 0.560975609375 0.6416666671875 0.6158536578125 0.6486111109375 0.6707317078125 0.627777778125 0.652439025 0.6333333328124999 0.5426829265625 0.6611111109375 0.48170731718750004 0.640277778125 0.47560975625
14 0.8861111109375001 0.5060975609375 0.8388888890624999 0.5426829265625 0.847222221875 0.5548780484375 0.8861111109375001 0.5060975609375
14 0.8375 0.7195121953125 0.875 0.7134146343750001 0.89444444375 0.664634146875 0.8513888890624999 0.7073170734375 0.8416666671874999 0.689024390625 0.8513888890624999 0.62195121875 0.8333333328125001 0.652439025 0.8333333328125001 0.4695121953125 0.872222221875 0.44512195156249995 0.8236111109375001 0.42682926875 0.827777778125 0.6768292687499999 0.8375 0.7195121953125
13 0.934722221875 0.43902439062500004 0.9305555562500001 0.7134146343750001 0.9444444437499999 0.7134146343750001 0.972222221875 0.5792682921875 0.934722221875 0.43902439062500004