27 0.0681007625 0.5851282703125 0.073163075 0.5179818984375 0.043748734375 0.4182068375 0.0680595359375 0.34824939062500004 0.090249459375 0.35541581875 0.077999634375 0.3106207421875 0.0378289609375 0.41758464531249995 0.0672433015625 0.5173597062499999 0.0611759078125 0.5940687875 0.0467683 0.64573040625 0.02666235 0.5807729171875 0.0339236734375 0.6540487296874999 0.047215484375 0.669948278125 0.0681007625 0.5851282703125
42 0.0856755578125 0.6836589453124999 0.0925635078125 0.6940512453125 0.10923961093750001 0.48793447343749996 0.0856755578125 0.6836589453124999
47 0.186403728125 0.61000458125 0.1581095234375 0.508139059375 0.1159356125 0.5910904390625 0.1091683171875 0.6448831015625001 0.1232471390625 0.6205650312500001 0.139578115625 0.566386296875 0.1623549625 0.577379375 0.17574537031249998 0.6776784453125 0.20259669374999997 0.6246054421875 0.186403728125 0.61000458125
34 0.2154554015625 0.5528630796875 0.2160044140625 0.7163069937500001 0.250711478125 0.6812581375 0.2477206921875 0.6422470687499999 0.2270579296875 0.6701727109375 0.2215405484375 0.57930046875 0.23115741406249998 0.4932287125 0.2099552515625 0.453393309375 0.169781025 0.5910587984375 0.17230761875 0.64291998125 0.2154554015625 0.5528630796875
39 0.31703430312499997 0.3088877609375 0.2988120296875 0.307945653125 0.27354160156249996 0.44717759218750003 0.27347254374999996 0.4815674859375 0.24481610781250002 0.5602485765624999 0.25267183125 0.578272925 0.26594306562500003 0.519472821875 0.253736803125 0.7030741500000001 0.26334596875 0.7212827921875 0.27601644531249997 0.5248311484375 0.28473160000000003 0.5515449625 0.29580240468749996 0.49681335156250006 0.28050339062499996 0.47370712031249995 0.290371290625 0.3629538875 0.31703430312499997 0.3088877609375
51 0.30195652968750003 0.4888608375 0.2939283171875 0.55681134375 0.2843492640625 0.5439383671875 0.2850750703125 0.5988771171875 0.2743477359375 0.7009408828125 0.2875154796875 0.6937255296875 0.29697085156249997 0.5700300281249999 0.314213009375 0.49874838437499996 0.30195652968750003 0.4888608375
38 0.3225772 0.6505482171875 0.340147671875 0.49286719218749997 0.3197833859375 0.5632394359374999 0.3042599828125 0.6824622203125 0.3225772 0.6505482171875
52 0.35891207187499996 0.4851710609375 0.35046114375 0.5181220546875 0.357201471875 0.60584563125 0.3363530984375 0.6713328203125 0.3407467984375 0.6959654875 0.3570907578125 0.6638440875 0.3631212453125 0.6064678234375 0.35891207187499996 0.4851710609375
41 0.393950946875 0.740230865625 0.40109723124999996 0.6152934343750001 0.369972290625 0.63619294375 0.40775942656249997 0.48547095156250003 0.41133256874999996 0.42300223593749997 0.3910420953125 0.45470884062500005 0.3760765890625 0.54015104375 0.36301053125 0.6644662796875 0.37038256875000003 0.6797436359375 0.3931672953125 0.6337966625 0.393950946875 0.740230865625
45 0.516883453125 0.661937875 0.5106258343750001 0.7214751390624999 0.531700984375 0.7064915484375 0.52252155625 0.6926278515625001 0.5217484078125 0.6409509625 0.5500268312500001 0.5321327546875 0.5564052546875 0.41241323124999996 0.53612048125 0.47047617343750003 0.5160584781249999 0.6360533546875 0.48994288125 0.7137951390625 0.49434660468749997 0.749861509375 0.516883453125 0.661937875
42 0.56448374375 0.537951809375 0.5308219546874999 0.6665271781250001 0.5396602796875001 0.6729311546875001 0.5588785703125 0.709348028125 0.5647237203125 0.6368687125 0.5493384390625 0.656749703125 0.5613031984375 0.5935127109375 0.56448374375 0.537951809375
42 0.5967317421875 0.6359331265625 0.6245180593749999 0.5216814546874999 0.5959585140625 0.5842562296875 0.5967317421875 0.6359331265625
50 0.6224146203124999 0.5096434390625 0.5985713703125 0.5931301906249999 0.5918840171875 0.6483225125 0.6152630515624999 0.5776860734375 0.6004453140625 0.7254094125 0.62335876875 0.6946271328125 0.6216571531249999 0.668650471875 0.6128212140625 0.702118728125 0.6293419515625 0.5533680109375 0.6224146203124999 0.5096434390625
54 0.6588908078125 0.6854627890625 0.6618989046875 0.7158763390625 0.6733821578125 0.6740869890625001 0.6632743390625 0.6859235171875 0.6740016734375 0.5838597515624999 0.6674178125 0.58746733125 0.6470640859375 0.679919984375 0.6365092 0.6960092984374999 0.645443125 0.5883364296875 0.6286362515625 0.6865824796875 0.6324520125 0.7514780609375 0.6588908078125 0.6854627890625
42 0.6870658390625 0.6282291484375 0.6873058171875 0.7271460515625 0.7071263140624999 0.6819332046875 0.695781075 0.6549429609375 0.7007839609375 0.5651764421875 0.66411654375 0.7032105093750001 0.6870658390625 0.6282291484375
40 0.7540108015625 0.5508684828125 0.764545703125 0.4601264328125 0.7318946875 0.5050364171874999 0.727279559375 0.5964006609375 0.742918 0.6753911171875 0.7166339421875 0.74514116875 0.754757546875 0.676635503125 0.7371458468750001 0.5974376484375 0.7540108015625 0.5508684828125
38 0.7632866 0.6620380765625 0.7866828578125 0.58280411875 0.782427884375 0.5124961796874999 0.7580954 0.627095315625 0.7561350515624999 0.73008051875 0.8022563890625 0.687632215625 0.797082584375 0.6440919375 0.774649228125 0.680430821875 0.7632866 0.6620380765625
45 0.7846708390625 0.7115817140625 0.8009845312499999 0.6660002890625 0.8253595593749999 0.7545549874999999 0.8604446343750001 0.7496432375000001 0.8627139390625 0.7111850359375 0.8342126656250001 0.7124890046875 0.8154931875000001 0.64602696875 0.8734082843750001 0.40703486875 0.86651545 0.34611563749999996 0.813706734375 0.4437564734375 0.8045430046875 0.6405764953124999 0.7847636546875 0.667435259375 0.7846708390625 0.7115817140625