27 0.0944402640625 0.7765491890625 0.11159968281249999 0.788169096875 0.1082963390625 0.700878109375 0.09465449687500001 0.6349375125 0.0388778828125 0.547135259375 0.0429640390625 0.47318687812500004 0.0662696984375 0.4739593203125 0.0421472140625 0.4342760390625 0.033015931250000005 0.5481688796874999 0.0887925453125 0.6359711328125 0.10410408125 0.711381034375 0.10449447187500001 0.76501264375 0.06726268125 0.70811345 0.0944402640625 0.7765491890625
42 0.16183467812500002 0.798838746875 0.121051296875 0.5961100328125 0.15234905 0.790747603125 0.16183467812500002 0.798838746875
47 0.23728126249999998 0.7601721718750001 0.2484635078125 0.7017539 0.2288732875 0.6921820375000001 0.173597209375 0.602061553125 0.15592154375 0.6934242421875 0.16424366875000002 0.7469983874999999 0.1710741328125 0.719741709375 0.17183879062500002 0.663160340625 0.1967634046875 0.6674494156249999 0.23728126249999998 0.7601721718750001
34 0.20767235468749998 0.67855201875 0.22439595156249997 0.7277077640625 0.241049215625 0.6292463749999999 0.286628209375 0.7862074203125 0.31033000624999996 0.742949734375 0.2967021703125 0.706274259375 0.28453719843749997 0.7388135390625 0.25418576718749997 0.6529823296874999 0.23970550156249998 0.56759408125 0.2083445484375 0.535145940625 0.20767235468749998 0.67855201875
39 0.281759015625 0.5352271265625 0.2607169234375 0.426044325 0.2714444109375 0.36672330625 0.25366835781249997 0.3708404328125 0.2677543859375 0.5116442375 0.27716714374999996 0.544720959375 0.2713082578125 0.6282528625 0.283827846875 0.6434136484375 0.280377471875 0.5832333125 0.31925144375 0.7630867375 0.3335073484375 0.7779413640625 0.29153758125 0.5856074671875 0.30727845 0.6088842109375 0.3028343140625 0.55322128125 0.281759015625 0.5352271265625
51 0.3241387484375 0.6232796015625001 0.321065090625 0.5500067046875 0.3065580296875 0.543880528125 0.3175705125 0.6114116218750001 0.3048142625 0.6016776671875 0.320655125 0.654288125 0.33847593593749997 0.7553549671875001 0.34914476250000004 0.7447896015625 0.3241387484375 0.6232796015625001
38 0.3441958234375 0.6104640781249999 0.3621360234375 0.7293472046875 0.3709469703125 0.6936205859375 0.34437401093750003 0.537204778125 0.3441958234375 0.6104640781249999
52 0.4077883703125 0.6968881703124999 0.39777020625000004 0.6400723390625 0.3602901703125 0.5246346125 0.361249140625 0.55863853125 0.3919082546875 0.641105959375 0.389918228125 0.7098028765625 0.40093140624999996 0.7322702484375 0.4077883703125 0.6968881703124999
41 0.4249477890625 0.708508078125 0.434185171875 0.6580606906249999 0.46427570781250005 0.7601558093749999 0.436707734375 0.6380884609375 0.41254920625 0.6667575546875 0.407327921875 0.5114587296875001 0.393543934375 0.45042505468750005 0.38277900468750004 0.48649621249999997 0.3919442984375 0.57275358125 0.41365032187499995 0.69585455 0.4249477890625 0.708508078125
45 0.5492624046875 0.7082851953125 0.5634367734375 0.7417405859375 0.5608655453125 0.651010965625 0.5712610296875 0.7099666906250001 0.5873897265625 0.689754440625 0.574744540625 0.6789579921875 0.5597572609375 0.6294960875 0.5569458640625 0.517098721875 0.530078025 0.4002587984375 0.526583365625 0.46166372187500004 0.5529377875 0.6263565625 0.5492624046875 0.7082851953125
42 0.5906332265625001 0.63707796875 0.5847040125 0.5729927359375 0.5724466890625 0.5187074921875 0.5755290750000001 0.651580515625 0.5857901937500001 0.655300240625 0.6143018515625001 0.68500910625 0.5999425625 0.6137263765625 0.5906332265625001 0.63707796875
42 0.625670659375 0.48651972343749994 0.6154654078124999 0.554542534375 0.6304527656250001 0.6040044265625 0.625670659375 0.48651972343749994
50 0.6641621843750001 0.66319125 0.6390416812499999 0.5156491515625 0.620330578125 0.475527825 0.6204230421875 0.5623525328125 0.6292078109375 0.61725008125 0.6322111406250001 0.5429058437500001 0.6586854875 0.688990953125 0.6722265671875001 0.653085321875 0.66343073125 0.6285839828124999 0.6641621843750001 0.66319125
54 0.675082203125 0.643897634375 0.69663779375 0.7052275046875 0.7038561203125 0.6344820328125 0.7151308000000001 0.66288826875 0.714650503125 0.6195525546875 0.708196834375 0.633716646875 0.6903760234375 0.53264980625 0.6850415953125 0.5379323921875 0.690959740625 0.632413834375 0.6852485500000001 0.6507891953125 0.664157725 0.5448248671875 0.675082203125 0.643897634375
42 0.71097099375 0.5073080562500001 0.7137713546875 0.6501018296875001 0.71516396875 0.5716994343749999 0.7426598453125 0.66671831875 0.7492501796875 0.617793671875 0.7309049171875001 0.5949761546875 0.71097099375 0.5073080562500001
40 0.793576015625 0.599572246875 0.754816675 0.528296825 0.7581921078125 0.4788830578125 0.74330700625 0.38875238749999996 0.72429970625 0.440922475 0.7450467578125 0.5300195249999999 0.7818521125 0.6016394875 0.7758119734375 0.675932409375 0.793576015625 0.599572246875
38 0.8252912296874999 0.5566230015625 0.8137432578125001 0.59773765 0.7977510703124999 0.583189375 0.798401159375 0.5005759234375 0.7749315218749999 0.4341644234375 0.7831294390625 0.551031125 0.8096316 0.6505672015624999 0.8422659375 0.5970505109375 0.8252912296874999 0.5566230015625
45 0.831493659375 0.551187371875 0.81988380625 0.5824576015625 0.8319629984375 0.6249194796875 0.83508078125 0.5766071390625 0.8829205453125001 0.655012709375 0.915292621875 0.6406204765625 0.9068735015625 0.6030265734375 0.879835740625 0.6121360453125 0.8435220046874999 0.5534084234375001 0.8333184171875001 0.3077109078125 0.809900984375 0.2510515078125 0.7860514515625 0.3594659578125 0.831493659375 0.551187371875