27 0.052579365625 0.7019230765625 0.0674603171875 0.716346153125 0.07936507968749999 0.6298076921875 0.077380953125 0.5625 0.0376984125 0.46634615312500005 0.05456349218749999 0.39423076875 0.077380953125 0.3990384609375 0.0605158734375 0.35576923125 0.03174603125 0.46634615312500005 0.071428571875 0.5625 0.0734126984375 0.6394230765625 0.0644841265625 0.6923076921875 0.0376984125 0.6298076921875 0.052579365625 0.7019230765625
42 0.11507936562500001 0.7355769234375 0.110119046875 0.528846153125 0.10714285781249999 0.7259615390625 0.11507936562500001 0.7355769234375
47 0.1960941265625 0.7105989421875 0.217250715625 0.6550099515625 0.19962025156250002 0.6421817015625 0.1608331984375 0.543831759375 0.1275611015625 0.630737096875 0.1264537421875 0.6849424515625 0.1379135078125 0.6592859609375 0.1484918015625 0.603696971875 0.1722929640625 0.612249 0.1960941265625 0.7105989421875
34 0.1811082359375 0.62507725 0.1890419578125 0.67639023125 0.2225398625 0.5823165 0.24017040937499998 0.7448076640625 0.271023740625 0.7063229328125 0.26397157187500003 0.6678381921875001 0.24634102656249998 0.6977707015625 0.231355134375 0.607972990625 0.23192237031250001 0.521367509375 0.206672421875 0.48396655781250003 0.1811082359375 0.62507725
39 0.27895746093749996 0.49679479843749996 0.27719443906249996 0.3856168078125 0.2980599390625 0.3290598171875 0.2798390125 0.330027615625 0.26926071875 0.47113830781250005 0.2727867625 0.505347028125 0.2525117234375 0.586592509375 0.26220846875000003 0.603696971875 0.26926071875 0.543831759375 0.2763128875 0.7277032015625 0.287772734375 0.7448076640625 0.2798390125 0.548107778125 0.291298778125 0.57376426875 0.296587925 0.5181752687500001 0.27895746093749996 0.49679479843749996
51 0.30540319843749997 0.590868721875 0.315099940625 0.5181752687500001 0.3018770734375 0.5096230390625001 0.3009956015625 0.57804048125 0.29012343125 0.5662393078125 0.296587925 0.62080123125 0.296587925 0.7234271921875 0.3089293234375 0.7148749609375 0.30540319843749997 0.590868721875
38 0.327380953125 0.58173076875 0.3244047625 0.7019230765625 0.33928571406249997 0.66826923125 0.34027777812500004 0.509615384375 0.327380953125 0.58173076875
52 0.375 0.677884615625 0.375 0.6201923078125 0.3581349203125 0.5 0.353174603125 0.533653846875 0.36904761875 0.6201923078125 0.3551587296875 0.6875 0.362103175 0.7115384609375 0.375 0.677884615625
41 0.389880953125 0.6923076921875 0.4077380953125 0.64423076875 0.41964285781250005 0.75 0.4136904765625 0.625 0.384920634375 0.6490384609375 0.40674603125 0.49519230781249995 0.403769840625 0.43269230781249995 0.3869047625 0.46634615312500005 0.38095238125 0.552884615625 0.38095238125 0.677884615625 0.389880953125 0.6923076921875
45 0.5123456531249999 0.7136752015625001 0.5204952140625 0.7490836828125 0.53371808125 0.6592859609375 0.53371808125 0.7191511734375 0.5531115671875 0.7020467109374999 0.5425332734375 0.6892184718750001 0.5363626546875 0.637905490625 0.5531115671875 0.5267275 0.54694095 0.4069970859375 0.5328365296875 0.46686228906249994 0.53019195625 0.633629471875 0.5123456531249999 0.7136752015625001
42 0.5654529640625 0.650733740625 0.5707421125 0.586592509375 0.5680975390625 0.53100351875 0.5480599390625 0.662393153125 0.5575192437500001 0.6678381921875001 0.5804388546875 0.7020467109374999 0.5786758328125 0.6293534609375 0.5654529640625 0.650733740625
42 0.6261022656249999 0.508547 0.6042400171875 0.57376426875 0.610410715625 0.62507725 0.6261022656249999 0.508547
50 0.633330328125 0.6892184718750001 0.6342118796875 0.539555740625 0.622752034375 0.49679479843749996 0.6077661421875 0.5823165 0.606884590625 0.637905490625 0.622752034375 0.5652122312500001 0.6234567640625001 0.7136752015625001 0.643027071875 0.6806664421875 0.6386194765625001 0.6550099515625 0.633330328125 0.6892184718750001
54 0.6474347484375 0.6721142109375 0.6580130421875 0.7362554328125 0.677406528125 0.6678381921875001 0.683577228125 0.6977707015625 0.690629396875 0.6550099515625 0.6818142046875 0.6678381921875001 0.6818142046875 0.5652122312500001 0.6756435062499999 0.56948825 0.6650652125 0.66356198125 0.6562499390625 0.6806664421875 0.65388004375 0.5726495671875 0.6474347484375 0.6721142109375
42 0.7064968390625 0.543831759375 0.684458778125 0.6849424515625 0.69944466875 0.607972990625 0.7100229640625 0.7063229328125 0.7250088531250001 0.6592859609375 0.710904515625 0.633629471875 0.7064968390625 0.543831759375
40 0.771825396875 0.6490384609375 0.7460317453124999 0.572115384375 0.7579365078125 0.5240384609375 0.7589285718750001 0.43269230781249995 0.73115079375 0.48076923125000004 0.7361111109375 0.572115384375 0.759920634375 0.6490384609375 0.7410714281249999 0.721153846875 0.771825396875 0.6490384609375
38 0.81051684375 0.612249 0.792004828125 0.650733740625 0.7787818796875 0.633629471875 0.7937677671875 0.552383990625 0.7821869218749999 0.482905971875 0.7699666046875 0.599420759375 0.7787818796875 0.7020467109374999 0.8202135046875 0.6550099515625 0.81051684375 0.612249
45 0.81756893125 0.607972990625 0.800705440625 0.636752125 0.80522769375 0.6806664421875 0.8166874609375 0.633629471875 0.8501854468750001 0.7191511734375 0.8845649046874999 0.7105989421875 0.8828018015625 0.6721142109375 0.8545929624999999 0.67639023125 0.8290288578125 0.612249 0.8616452125 0.368512346875 0.84842234375 0.3086473359375 0.8061091671874999 0.41127329843749993 0.81756893125 0.607972990625