14 0.0709145234375 0.565372128125 0.0826409421875 0.539233515625 0.1042642703125 0.5242420953125 0.111388784375 0.4972920453125 0.1060937796875 0.48695629531250006 0.0982761671875 0.5043820343750001 0.08907235625 0.5027591546875 0.09802637812500001 0.43852330312500004 0.09525398125 0.4004260609375 0.11939991718750001 0.3576731515625 0.14701135 0.3625417921875 0.1541358625 0.335591740625 0.12583133124999998 0.3211987890625 0.11801371875 0.3386245296875 0.1088099078125 0.33700165000000004 0.073630653125 0.41541748125 0.06398353125 0.470129025 0.06354022031249999 0.5264634453125 0.041030271875 0.6541237093750001 0.02791765625 0.6612137 0.0161912359375 0.6873523109375 0.0398938640625 0.700933821875 0.047711474999999996 0.6835080812500001 0.070721003125 0.68756528125 0.08244742031249999 0.6614266703125 0.08175432187500001 0.6519023609375 0.0580516953125 0.63832085 0.0709145234375 0.565372128125
52 0.149840015625 0.58869091875 0.1261373875 0.5751094078125 0.13717070781250001 0.5394464875 0.16522545 0.48798070625 0.16844115625 0.469743525 0.1631461515625 0.459407775 0.139000215625 0.5021606843749999 0.1357845078125 0.520397865625 0.112331671875 0.5726750890625001 0.10590025781250001 0.60914945 0.1111952625 0.6194852 0.11075195156249999 0.675819621875 0.09511672812500001 0.7106711031249999 0.090514821875 0.7098596625 0.087299115625 0.7280968437500001 0.10110483125 0.7305311640625 0.11352434843749999 0.7139168640625 0.14088599375 0.6529267703125 0.149840015625 0.58869091875
48 0.157907415625 0.637123909375 0.150089803125 0.6545496515625 0.14826029375 0.691835453125 0.15033959218749998 0.720408384375 0.1687472125 0.7236541437499999 0.1915069515625 0.6618526124999999 0.2075854875 0.570666709375 0.2061992890625 0.5516180875 0.21584640937500002 0.496906546875 0.20594949843750002 0.48575935625 0.17077024375 0.5641751890625 0.157907415625 0.637123909375
47 0.25934285625000003 0.5327824375 0.2343102984375 0.6882041937500001 0.239605303125 0.69853994375 0.26923976562499996 0.543929628125 0.26577426875 0.49630807812500005 0.24276474218750002 0.49225087656250005 0.2413785453125 0.47320225625 0.23746973750000003 0.4819151265625 0.23103832343750003 0.5183894859375 0.237026428125 0.5382495484375001 0.2181754953125 0.591338209375 0.1974950546875 0.681712671875 0.199574353125 0.7102856046875 0.2099145734375 0.665098371875 0.21911838437500003 0.6667212515625 0.2248566984375 0.62072258125 0.233367409375 0.6128211515624999 0.23519691874999998 0.57553535 0.25474095 0.5319709984375 0.25934285625000003 0.5327824375
42 0.31589565 0.37351645312500004 0.3023397234375 0.436940865625 0.3005102140625 0.4742266671875 0.30580521875 0.48456241718750004 0.32257685468749997 0.402900825 0.32049755625 0.37432789375 0.31589565 0.37351645312500004
42 0.2651374375 0.6748356531249999 0.2844316796875 0.56541256875 0.2954649984375 0.5297496484375 0.2933857015625 0.50117671875 0.2816592828125 0.527315328125 0.259149334375 0.6549755921875 0.251331721875 0.6724013328125 0.2534110203125 0.7009742640625001 0.2651374375 0.6748356531249999
57 0.3081905734375 0.7670459671875001 0.31531508750000004 0.7400959171875 0.322633121875 0.5909527109375 0.333666440625 0.5552897890625 0.34677905781249996 0.5481998 0.3539035703125 0.52124975 0.3518242734375 0.49267681874999997 0.3472223671875 0.491865378125 0.32376953125 0.5441425984375 0.316395228125 0.50523391875 0.3046688109375 0.531372528125 0.3028393015625 0.5686583296875 0.30882740468750003 0.588518390625 0.305611696875 0.6067555718750001 0.2867607671875 0.6598442328125 0.2692960328125 0.731981515625 0.27459103749999997 0.742317265625 0.29274887031249996 0.67970429375 0.3051683890625 0.6630899921875 0.30150937031249997 0.737661596875 0.30358866875 0.766234528125 0.3081905734375 0.7670459671875001
21 0.49617559531250005 0.7907907 0.5044365187500001 0.7170305375 0.5030503203125 0.6979819171874999 0.5319916828125 0.5338472921874999 0.5398092953125 0.5164215515625 0.5519790234374999 0.43394851875 0.53886640625 0.44103850937500005 0.5227878718750001 0.5322244109375001 0.500028134375 0.59402594375 0.4862224171875 0.5915916234374999 0.48275692187499997 0.543970071875 0.4878021375 0.4884470890625 0.4857228390625 0.45987415781249996 0.481120934375 0.4590627171875 0.46939451718749997 0.48520132968749996 0.45331598125 0.57638723125 0.4454983671875 0.593812971875 0.42368151875000004 0.7309975468750001 0.4367941359375 0.72390755625 0.46251979218750006 0.5780101125 0.471030503125 0.57010868125 0.48117720156250005 0.6471146046875 0.5060162375 0.6138860046875 0.4906308015625 0.7145962171875 0.4888012921875 0.75188201875 0.4922667890625 0.799503571875 0.49617559531250005 0.7907907
2 0.7355133281249999 0.3838352875 0.7257787609374999 0.32119226562500003 0.6766374515625 0.43079641406249997 0.65001518125 0.5407874234375 0.668501615625 0.5503064531249999 0.67716904375 0.47389709375000005 0.713521053125 0.3907091875 0.71448834375 0.41596706406250006 0.6824362171875 0.5465041265624999 0.636009834375 0.6458352578125 0.6265531890625 0.6943424515625 0.7035669078125 0.6469956609375 0.7094323828125 0.6086068109375 0.660104159375 0.632164128125 0.7079287078125 0.5044081703125001 0.7355133281249999 0.3838352875
0 0.730123403125 0.634597946875 0.7393272140625 0.6362208265625 0.7620869515625001 0.5744192953125 0.7984026171874999 0.4491933515625 0.7885057078125 0.4380461609375 0.787119509375 0.41899754062500005 0.7661892796875 0.443513271875 0.744122640625 0.5148391125 0.7280441062499999 0.606025015625 0.730123403125 0.634597946875
46 0.794297096875 0.459662409375 0.794585921875 0.49460085625000005 0.7549109890625 0.6273776484375 0.76350116875 0.6503958109375 0.80378898125 0.5141432140625 0.8057187328125 0.5288190671875 0.7973155390625 0.5918477671875 0.8237703015625 0.5391699234375 0.854611171875 0.5231045375 0.863191571875 0.4744426703125 0.8283190125000001 0.482629284375 0.8125417640625001 0.444008278125 0.794297096875 0.459662409375
40 0.7946282390625 1 0.8128204468750001 0.9594489109375001 0.8302851796875 0.8873116265625001 0.8381027921875001 0.8698858875000001 0.8509656203124999 0.7969371640625 0.8587832328125 0.7795114234375 0.8812931828125 0.651851159375 0.8891107953124999 0.63442541875 0.9148364499999999 0.48852797499999995 0.9159728609375 0.4417178625 0.9007809453125001 0.420234921875 0.8656016890625 0.4986507546875 0.8605564734375 0.5541737359375001 0.867237678125 0.5835581078125001 0.8718395828125001 0.584369546875 0.88747480625 0.5495180656249999 0.88816790625 0.5590423765625 0.875305078125 0.6319910984375 0.8394327234375 0.7008826218750001 0.8362170156250001 0.7191198015625 0.801730859375 0.80705994375 0.779220909375 0.9347202093750001 0.783971425 1 0.7946282390625 1