14 0.11448598125000001 0.722222221875 0.088785046875 0.7129629625 0.088785046875 0.6388888890625 0.0957943921875 0.6111111109375 0.11448598125000001 0.5925925921874999 0.1168224296875 0.5648148140625 0.109813084375 0.5555555562500001 0.10514018750000001 0.5740740734374999 0.0957943921875 0.5740740734374999 0.09345794375000001 0.509259259375 0.08411215 0.47222222187499996 0.10046728906249999 0.42592592656250006 0.1285046734375 0.42592592656250006 0.13084112187500002 0.3981481484375 0.10046728906249999 0.3888888890625 0.0957943921875 0.4074074078125 0.0864485984375 0.4074074078125 0.06542056093750001 0.490740740625 0.06542056093750001 0.546296296875 0.07476635468750001 0.6018518515625 0.07476635468750001 0.73148148125 0.0630841125 0.740740740625 0.056074765625 0.76851851875 0.0817757015625 0.777777778125 0.0864485984375 0.759259259375 0.109813084375 0.759259259375 0.1168224296875 0.73148148125 0.11448598125000001 0.722222221875
52 0.15654205625 0.777777778125 0.172897196875 0.7129629625 0.1705607484375 0.6481481484375 0.1448598125 0.6388888890625 0.1495327109375 0.6018518515625 0.1682242984375 0.546296296875 0.1682242984375 0.527777778125 0.161214953125 0.51851851875 0.1448598125 0.5648148140625 0.1448598125 0.5833333328125 0.13084112187500002 0.6388888890625 0.13084112187500002 0.6759259265625001 0.1378504671875 0.6851851859375 0.1471962609375 0.740740740625 0.1378504671875 0.777777778125 0.1331775703125 0.777777778125 0.1331775703125 0.796296296875 0.1471962609375 0.796296296875 0.15654205625 0.777777778125
48 0.207943925 0.5370370375 0.18691588750000002 0.6203703703125 0.18691588750000002 0.6944444437499999 0.182242990625 0.7129629625 0.18691588750000002 0.75 0.193925234375 0.777777778125 0.21261682187500003 0.777777778125 0.224299065625 0.7129629625 0.224299065625 0.6203703703125 0.21962616875 0.6018518515625 0.21962616875 0.546296296875 0.207943925 0.5370370375
47 0.2523364484375 0.6203703703125 0.26401869218749996 0.5740740734374999 0.2686915890625 0.5740740734374999 0.2710280375 0.73148148125 0.2780373828125 0.740740740625 0.28037383125000004 0.5833333328125 0.2686915890625 0.5370370375 0.245327103125 0.5370370375 0.24065420624999997 0.51851851875 0.23831775624999998 0.527777778125 0.23831775624999998 0.5648148140625 0.2476635515625 0.5833333328125 0.23831775624999998 0.6388888890625 0.233644859375 0.73148148125 0.24065420624999997 0.759259259375 0.24299065468749997 0.7129629625 0.2523364484375 0.7129629625 0.25 0.6666666671875 0.2570093453125 0.6574074078125001 0.2523364484375 0.6203703703125
42 0.30841121562499996 0.43518518593750005 0.30140186875 0.4074074078125 0.296728971875 0.4074074078125 0.2943925234375 0.47222222187499996 0.2990654203125 0.509259259375 0.30607476562499997 0.51851851875 0.30841121562499996 0.43518518593750005
42 0.2850467296875 0.7129629625 0.29205607499999997 0.740740740625 0.2990654203125 0.7129629625 0.2990654203125 0.6018518515625 0.3037383171875 0.5648148140625 0.296728971875 0.5370370375 0.2897196265625 0.5648148140625 0.2897196265625 0.6944444437499999 0.2850467296875 0.7129629625
57 0.3457943921875 0.76851851875 0.3528037390625 0.796296296875 0.3574766359375 0.796296296875 0.359813084375 0.76851851875 0.3411214953125 0.6203703703125 0.3457943921875 0.5833333328125 0.3574766359375 0.5740740734374999 0.359813084375 0.546296296875 0.3528037390625 0.51851851875 0.348130840625 0.51851851875 0.33411215 0.5740740734374999 0.3200934578125 0.5370370375 0.3130841125 0.5648148140625 0.317757009375 0.6018518515625 0.327102803125 0.6203703703125 0.327102803125 0.6388888890625 0.317757009375 0.6944444437499999 0.3130841125 0.76851851875 0.3200934578125 0.777777778125 0.327102803125 0.7129629625 0.33644859843749997 0.6944444437499999 0.3457943921875 0.76851851875
21 0.5327102796875 0.75 0.5443925234375 0.796296296875 0.546728971875 0.7870370375 0.542056075 0.7129629625 0.537383178125 0.6944444437499999 0.537383178125 0.527777778125 0.542056075 0.509259259375 0.5397196265625 0.42592592656250006 0.5280373828125 0.43518518593750005 0.5280373828125 0.527777778125 0.516355140625 0.5925925921874999 0.5023364484374999 0.5925925921874999 0.49065420625 0.546296296875 0.4859813078125 0.490740740625 0.4789719625 0.46296296249999996 0.474299065625 0.46296296249999996 0.46728972031250005 0.490740740625 0.46728972031250005 0.5833333328125 0.46261682187500003 0.6018518515625 0.4649532703125 0.740740740625 0.47663551406250004 0.73148148125 0.47663551406250004 0.5833333328125 0.483644859375 0.5740740734374999 0.5070093453125 0.6481481484375 0.525700934375 0.6111111109375 0.5280373828125 0.7129629625 0.5327102796875 0.75
2 0.680621878125 0.6023544625 0.705535275 0.46823475937500003 0.7117635609375 0.3447036296875 0.6912990375 0.28470268593750003 0.6619368546875 0.401175 0.6548187750000001 0.5141179078125 0.674677321875 0.5202821859375 0.669944725 0.4435285734375 0.6912990375 0.35529201875 0.6966376171875 0.379998203125 0.6877399578125 0.5141179078125 0.659267565625 0.6200018328125 0.658377775 0.669414221875 0.7259997984375001 0.6094134437500001 0.725110009375 0.570589278125 0.680621878125 0.6023544625
0 0.7429906546875 0.47222222187499996 0.7429906546875 0.5648148140625 0.75 0.5925925921874999 0.75934579375 0.5925925921874999 0.7710280375 0.527777778125 0.7850467296875 0.3981481484375 0.7733644859375 0.3888888890625 0.7686915890625 0.3703703703125 0.7523364484374999 0.3981481484375 0.7429906546875 0.47222222187499996
46 0.8203147156249999 0.4258811859375 0.7980706921875 0.39058661093749997 0.7828215140625 0.4091710734375 0.7891729484375001 0.4435285734375 0.7731572156250001 0.5811776671875 0.785613953125 0.6023544625 0.8016296875 0.46117594375 0.8060785562499999 0.475293740625 0.8087478453125 0.5388240921875 0.8256532890624999 0.482352721875 0.8532358921875 0.46117594375 0.8532358921875 0.4117633890625 0.8203147156249999 0.4258811859375
40 0.8504672890625 0.8796296296874999 0.8668224296875 0.9444444437499999 0.876168225 0.9444444437499999 0.8878504671874999 0.8981481484374999 0.8925233640625001 0.8240740734375 0.8971962609374999 0.8055555562500001 0.8971962609374999 0.73148148125 0.9018691593750001 0.7129629625 0.9018691593750001 0.5833333328125 0.90654205625 0.5648148140625 0.90654205625 0.4166666671875 0.8995327109375 0.3703703703125 0.8808411218750001 0.3518518515625 0.859813084375 0.43518518593750005 0.86448598125 0.490740740625 0.876168225 0.51851851875 0.8808411218750001 0.51851851875 0.890186915625 0.48148148125 0.8925233640625001 0.490740740625 0.8925233640625001 0.5648148140625 0.8691588781249999 0.6388888890625 0.8691588781249999 0.6574074078125001 0.8504672890625 0.75 0.8504672890625 0.8796296296874999