16 0.0422885578125 0.8048780484375 0.029850746875 0.7926829265625 0.029850746875 0.6463414640625 0.0348258703125 0.62195121875 0.0348258703125 0.5487804875 0.04975124375 0.40243902499999995 0.04975124375 0.3536585359375 0.059701492187500003 0.3048780484375 0.069651740625 0.2073170734375 0.0870646765625 0.12195121874999999 0.097014925 0.09756097500000001 0.1069651734375 0.12195121874999999 0.11442786093749999 0.10975609687500001 0.11442786093749999 0.085365853125 0.1069651734375 0.048780487500000004 0.0870646765625 0.048780487500000004 0.05472636875 0.2073170734375 0.044776118749999996 0.3292682921875 0.029850746875 0.42682926875 0.029850746875 0.47560975625 0.024875621875 0.5 0.024875621875 0.597560975 0.019900496875 0.62195121875 0.019900496875 0.7439024390625 0.0149253734375 0.7682926828125 0.027363184375 0.8536585359375 0.0422885578125 0.8536585359375 0.069651740625 0.7195121953125 0.079601990625 0.597560975 0.0870646765625 0.585365853125 0.08955223906250001 0.8414634140624999 0.10447761250000001 0.8414634140624999 0.1094527359375 0.8170731703125 0.0995024875 0.7439024390625 0.10447761250000001 0.6463414640625 0.0995024875 0.62195121875 0.0995024875 0.5731707312500001 0.0820895515625 0.48780487812500006 0.07462686562500001 0.5 0.069651740625 0.597560975 0.05472636875 0.7439024390625 0.0422885578125 0.8048780484375
45 0.15174129375 0.2926829265625 0.14676616874999998 0.2926829265625 0.1393034828125 0.3292682921875 0.1393034828125 0.5 0.13432835781250002 0.52439024375 0.13432835781250002 0.7439024390625 0.1393034828125 0.7682926828125 0.1393034828125 0.8170731703125 0.14925373125000002 0.8170731703125 0.1592039796875 0.7926829265625 0.1592039796875 0.7682926828125 0.174129353125 0.6707317078125 0.171641790625 0.560975609375 0.16417910468750002 0.6707317078125 0.15174129375 0.7317073171875 0.14925373125000002 0.7195121953125 0.14925373125000002 0.4512195125 0.1592039796875 0.37804878125 0.15174129375 0.2926829265625
54 0.18410074062499998 0.7263519031250001 0.181412428125 0.5372683421875 0.1671820796875 0.536145903125 0.1706591796875 0.730749121875 0.1823085578125 0.8099003171874999 0.205607234375 0.7263519031250001 0.2136721734375 0.6296114140625 0.22352928906249997 0.757132853125 0.2342825375 0.6779816578125 0.215464353125 0.528473903125 0.20023061250000002 0.5856385859375 0.194853990625 0.71755724375 0.18410074062499998 0.7263519031250001
36 0.276119403125 0.48780487812500006 0.24875621875 0.62195121875 0.2388059703125 0.7195121953125 0.2388059703125 0.7682926828125 0.25621890625 0.8536585359375 0.2835820890625 0.8414634140624999 0.2935323390625 0.8170731703125 0.2611940296875 0.8048780484375 0.25373134375 0.7682926828125 0.25373134375 0.6707317078125 0.271144278125 0.585365853125 0.273631840625 0.6463414640625 0.281094528125 0.6829268296875 0.29850746250000004 0.597560975 0.2960199 0.48780487812500006 0.276119403125 0.48780487812500006
48 0.34577114375 0.8536585359375 0.35820895468749997 0.8414634140624999 0.3631840796875 0.8170731703125 0.3681592046875 0.6707317078125 0.3631840796875 0.6463414640625 0.3631840796875 0.5487804875 0.35074626875 0.5365853656249999 0.3383084578125 0.597560975 0.32835820937500004 0.6951219515625 0.32835820937500004 0.7682926828125 0.33582089531250003 0.8292682921875001 0.34577114375 0.8536585359375
27 0.373134328125 0.8170731703125 0.3855721390625 0.8048780484375 0.3930348265625 0.7682926828125 0.3930348265625 0.5487804875 0.40796019843750003 0.47560975625 0.40547263750000007 0.463414634375 0.3905472640625 0.463414634375 0.3830845765625 0.52439024375 0.3830845765625 0.7439024390625 0.3631840796875 0.8170731703125 0.373134328125 0.8170731703125
38 0.46268656718749995 0.7682926828125 0.47263681562500004 0.7439024390625 0.44527363124999997 0.7317073171875 0.4378109453125 0.6951219515625 0.4427860703125 0.5487804875 0.4353233828125 0.5121951218749999 0.430348259375 0.5121951218749999 0.4179104484375 0.597560975 0.4179104484375 0.6951219515625 0.4402985078125 0.7804878046875 0.46268656718749995 0.7682926828125
49 0.5422885578125001 0.597560975 0.5323383078124999 0.6951219515625 0.5323383078124999 0.914634146875 0.54477611875 0.9756097562500001 0.55223880625 0.9634146343750001 0.55223880625 0.6707317078125 0.5597014921875 0.6341463421875 0.5895522390625 0.560975609375 0.60199005 0.5 0.60199005 0.42682926875 0.5945273624999999 0.390243903125 0.574626865625 0.390243903125 0.5497512437500001 0.5121951218749999 0.5422885578125001 0.52439024375 0.5422885578125001 0.597560975
48 0.6467661687499999 0.62195121875 0.6467661687499999 0.47560975625 0.6417910453125 0.42682926875 0.6343283578125 0.390243903125 0.629353234375 0.390243903125 0.6119402984375 0.5 0.6119402984375 0.6707317078125 0.619402984375 0.7073170734375 0.6368159203125 0.6951219515625 0.6467661687499999 0.62195121875
56 0.74378109375 0.6341463421875 0.7238805968750001 0.6341463421875 0.7039801 0.5365853656249999 0.69402985 0.5365853656249999 0.679104478125 0.609756096875 0.679104478125 0.463414634375 0.674129353125 0.463414634375 0.6666666671875 0.5 0.6666666671875 0.5731707312500001 0.6616915421875 0.597560975 0.6616915421875 0.6707317078125 0.669154228125 0.7073170734375 0.674129353125 0.7073170734375 0.69402985 0.609756096875 0.728855721875 0.7073170734375 0.7412935328125 0.6951219515625 0.75621890625 0.6463414640625 0.75621890625 0.5487804875 0.7363184078125 0.40243902499999995 0.7363184078125 0.3048780484375 0.74626865625 0.2804878046875 0.74378109375 0.21951219531250002 0.726368159375 0.3048780484375 0.726368159375 0.42682926875 0.74626865625 0.5731707312500001 0.74378109375 0.6341463421875
37 0.7661691546875 0.5487804875 0.7661691546875 0.6463414640625 0.773631840625 0.6829268296875 0.8109452734374999 0.6707317078125 0.8159203984375001 0.62195121875 0.8109452734374999 0.597560975 0.8109452734374999 0.2073170734375 0.8159203984375001 0.18292682968750001 0.8134328359375 0.09756097500000001 0.8084577109375 0.09756097500000001 0.800995025 0.1341463421875 0.800995025 0.37804878125 0.7960199 0.42682926875 0.7661691546875 0.5487804875
38 0.820895521875 0.597560975 0.828358209375 0.609756096875 0.8383084578125001 0.6829268296875 0.870646765625 0.6707317078125 0.8681592046875 0.6341463421875 0.8407960203125 0.62195121875 0.8407960203125 0.5731707312500001 0.8582089546875 0.5365853656249999 0.870646765625 0.47560975625 0.8681592046875 0.43902439062500004 0.8532338312500001 0.43902439062500004 0.8432835828125 0.48780487812500006 0.8383084578125001 0.48780487812500006 0.820895521875 0.597560975
51 0.9129353234375 0.609756096875 0.9054726375 0.597560975 0.9203980093749999 0.52439024375 0.9203980093749999 0.5 0.9129353234375 0.463414634375 0.9054726375 0.47560975625 0.9054726375 0.5 0.8855721390625 0.62195121875 0.8855721390625 0.6951219515625 0.880597015625 0.7439024390625 0.8880597015625 0.7804878046875 0.8905472640625 0.7682926828125 0.9179104484374999 0.6585365859375 0.9253731343749999 0.6707317078125 0.9203980093749999 0.7195121953125 0.927860696875 0.7560975609375 0.9378109453125001 0.7317073171875 0.9452736312500001 0.6707317078125 0.9452736312500001 0.6463414640625 0.9328358203124999 0.585365853125 0.9179104484374999 0.585365853125 0.9129353234375 0.609756096875