16 0.058531912500000005 0.7180873046875 0.059630309375 0.6932190625 0.0481838859375 0.620949184375 0.0400326546875 0.4740745859375 0.0324017046875 0.425894665625 0.0345985 0.37615818437500004 0.0291643453125 0.27824178593750004 0.0330087375 0.19120294375 0.039021006250000004 0.165556421875 0.052664224999999995 0.18808981875 0.058127296875 0.17487741875 0.0543118234375 0.150787459375 0.0412178015625 0.115819940625 0.0215623125 0.11893306562499999 0.0144227296875 0.280576628125 0.023672356250000002 0.40258298750000004 0.024192640625 0.50127766875 0.031823589062500005 0.5494575875 0.030725190625 0.574325828125 0.045987090625 0.670685665625 0.0448886921875 0.69555390625 0.063966065625 0.8160037046875 0.06286766875000001 0.8408719437500001 0.0885065125 0.9232411 0.1032481296875 0.9209062578125 0.1092893140625 0.7841309359374999 0.10003968593749998 0.662124575 0.1055027578125 0.648912175 0.14802217812500001 0.9014676093749999 0.16276379531250001 0.899132765625 0.1638621921875 0.8742645250000001 0.14258802343750002 0.803551209375 0.1322399984375 0.706413090625 0.12351065000000001 0.6831014109375 0.1158797 0.6349214921875 0.0853269859375 0.5533306171875 0.0798639140625 0.56654301875 0.090211940625 0.6636811375 0.09836317343749999 0.8105557375 0.0956171796875 0.8727263390625 0.0814247609375 0.8626270609375 0.058531912500000005 0.7180873046875
45 0.1170359328125 0.38779565 0.14374425625 0.5564253671875 0.1426458578125 0.5812936078125001 0.1769851296875 0.79810324375 0.185714478125 0.821414921875 0.1933454265625 0.869594840625 0.203173171875 0.868038278125 0.209185440625 0.8423917578125 0.2053699671875 0.8183017984375001 0.204849684375 0.7196071171875 0.1852231125 0.6115914390625 0.195021940625 0.7211636796875001 0.192275946875 0.7833342796875 0.1879112734375 0.771678440625 0.14594105 0.5066888859375 0.1443223703125 0.43286244687500003 0.12359740156250001 0.3497150078125 0.118683528125 0.3504932890625 0.1170359328125 0.38779565
54 0.17693408593749999 0.5877650796875 0.2108110265625 0.779428471875 0.23469895625 0.8557828203125 0.2446409359375 0.7696183109375 0.2374730359375 0.6728072234375 0.2671575421875 0.79721666875 0.2653964265625 0.717357778125 0.223421759375 0.5726345234375 0.217318096875 0.631478496875 0.2326442953125 0.76261410625 0.22339922343750002 0.7729826671875 0.19116482343750002 0.5866475828125 0.17693408593749999 0.5877650796875
36 0.276360975 0.757669384375 0.283991925 0.805849303125 0.314544640625 0.8874401781250001 0.3396631984375 0.871114653125 0.3456754703125 0.84546813125 0.3118275625 0.838481978125 0.29873354218750003 0.8035144609374999 0.2834716421875 0.7071546234375 0.2873160328125 0.6201157796875 0.29931165625 0.6799515390625 0.31240567812500003 0.7149190578125 0.31625006875 0.6278802140625 0.296623496875 0.5198645375 0.2769680078125 0.5229776609375001 0.27092682031250004 0.6597529828125 0.276360975 0.757669384375
48 0.4144696828125 0.8345721984375001 0.3964907078125 0.6892541609375 0.387761359375 0.6659424828125 0.37249946093749997 0.56958264375 0.3583070421875 0.5594833671874999 0.35556104843749997 0.6216539671875 0.360995203125 0.71957036875 0.3724416265625 0.791840246875 0.389351121875 0.8508977234374999 0.402994340625 0.8734311218749999 0.413371284375 0.8594404390625 0.4144696828125 0.8345721984375001
27 0.4363219671875 0.78172259375 0.4019826953125 0.5649129578125 0.40527788593749997 0.4903082375 0.40091321406249997 0.4786523984375 0.386171596875 0.48098724062500003 0.38833947343749997 0.5423795609375001 0.42267874687500007 0.759189196875 0.4144696828125 0.8345721984375001 0.42429742656249997 0.8330156375 0.4346743703125 0.8190249546875 0.4363219671875 0.78172259375
38 0.48219441406249997 0.73741570625 0.46910039374999996 0.7024481875 0.45112141875 0.55713015 0.43802739687500003 0.52216263125 0.433113525 0.5229409125 0.43418300624999995 0.609201471875 0.44944490468750004 0.7055613109375 0.48491149218749996 0.7863739046875 0.5051161796875 0.7708266609375001 0.51112845 0.745180140625 0.48219441406249997 0.73741570625
49 0.596803240625 0.9044704859375001 0.6186266078125 0.9627496828125001 0.6240896796875 0.9495372812499999 0.5783039828125001 0.6604577671875 0.5799515796875 0.6231554078125 0.5979883890625 0.5462158421875001 0.6007343828125 0.484045240625 0.589287959375 0.41177536249999996 0.5761939375 0.3768078453125 0.5565384484375 0.37992096875 0.5510464609375 0.5042621703125 0.5455833906249999 0.517474571875 0.5570298140625 0.58974445 0.5624639671875 0.68766085 0.596803240625 0.9044704859375001
48 0.6285989375 0.40554911562499996 0.6155049171875 0.3705815984375 0.6105910453125001 0.371359878125 0.610562128125 0.4824886796875 0.6372704515625001 0.6511183968750001 0.6503644703125 0.6860859140625 0.6656552875 0.6713169515625 0.6640366078125 0.597490509375 0.641143759375 0.452950753125 0.6285989375 0.40554911562499996
56 0.707191978125 0.504225421875 0.6973642328125 0.5057819828125 0.694069040625 0.5803867046875 0.6711761921875 0.4358469484375 0.6662623203125 0.43662522812500004 0.6646147234375 0.4739275890625 0.6760611484375 0.5461974671875 0.67496275 0.5710657078125 0.686409175 0.6433355875 0.69950319375 0.6783031046875 0.7044170671875001 0.6775248234375 0.7088106562500001 0.5780518609375 0.7584696640625 0.668963734375 0.7688466078125 0.6549730515625 0.775957275 0.604458290625 0.7606953765625 0.5080984515625 0.7181470375 0.36667181875 0.7028851375 0.2703119796875 0.7088974078125 0.2446654578125 0.6969017843749999 0.1848297 0.69305739375 0.2718685421875 0.7121347671875 0.39231834062500004 0.7546831046875 0.533744971875 0.7617648546875 0.5943590125 0.7421093671875 0.5974721359374999 0.707191978125 0.504225421875
37 0.7988790390625 0.637869246875 0.8338253437500001 0.619987159375 0.8311082671875001 0.5710289578125 0.8223789203124999 0.5477172796875001 0.7613313234375 0.162277928125 0.762429721875 0.1374096875 0.7466186234375 0.05348396875 0.7417047515624999 0.05426225 0.74005715625 0.0915646125 0.778211903125 0.3324642078125 0.7809289796875001 0.38142240781250003 0.7705231203125 0.5065418890625 0.7857850187500001 0.602901728125 0.7988790390625 0.637869246875
38 0.8627593796875 0.62775159375 0.8927918125 0.6106477890625001 0.884611665625 0.574901990625 0.8556776296875 0.567137553125 0.8480466796874999 0.518957634375 0.8595220203125 0.48009871249999997 0.8622680140625001 0.4179281125 0.8540878671875 0.3821823140625 0.83934625 0.38451715625 0.8371494546875 0.4342536359375 0.83223558125 0.4350319171875 0.8322066640625 0.54616071875 0.8414852109375 0.5570382765625 0.8627593796875 0.62775159375
51 0.9190376875 0.458325221875 0.9152222125 0.4342352625 0.9021281921875 0.39926774374999996 0.896665121875 0.41248014531250005 0.900480596875 0.4365701046875 0.8999024796875 0.5601330250000001 0.9113489046875 0.6324029046875 0.9140659828125001 0.6813611046875 0.9271600031249999 0.716328621875 0.9277092015624999 0.703894503125 0.9375658640625 0.591209140625 0.9468444093749999 0.6020866984375 0.949561484375 0.6510448984375 0.96265550625 0.686012415625 0.9686677765624999 0.6603658953125 0.966499896875 0.598973575 0.9626844218749999 0.574883615625 0.9408610546875 0.5166044171874999 0.9261194390625 0.5189392609375 0.925021040625 0.5438075 0.9157424953125 0.5329299421875 0.9190376875 0.458325221875