26 0.033898304687500005 0.4895833328125 0.033898304687500005 0.5520833328125 0.039548021875 0.5729166671875 0.039548021875 0.8020833328125001 0.062146892187500004 0.8020833328125001 0.0649717515625 0.6666666671875 0.0762711859375 0.6666666671875 0.0903954796875 0.71875 0.0932203390625 0.7708333328125 0.1073446328125 0.7604166671875 0.1073446328125 0.71875 0.0847457625 0.6354166671875 0.0847457625 0.6145833328125 0.1073446328125 0.53125 0.1045197734375 0.4583333328125 0.04237288125 0.4583333328125 0.033898304687500005 0.4895833328125
18 0.12711864374999998 0.4791666671875 0.1242937859375 0.53125 0.129943503125 0.5520833328125 0.129943503125 0.7604166671875 0.14689265468749999 0.7604166671875 0.14689265468749999 0.5729166671875 0.1412429375 0.5520833328125 0.1412429375 0.4895833328125 0.12711864374999998 0.4791666671875
27 0.17231638437500002 0.625 0.2090395484375 0.6354166671875 0.20621468906249998 0.7083333328125 0.19491525468749998 0.7083333328125 0.18361581875 0.6666666671875 0.169491525 0.6979166671875 0.169491525 0.71875 0.1892655375 0.7916666671875 0.20338983124999999 0.78125 0.22033898281250003 0.71875 0.2259887 0.6770833328125 0.2259887 0.6145833328125 0.20621468906249998 0.5625 0.186440678125 0.5520833328125 0.200564971875 0.5416666671875 0.2090395484375 0.5104166671875 0.2090395484375 0.46875 0.19491525468749998 0.4583333328125 0.169491525 0.53125 0.1638418078125 0.59375 0.17231638437500002 0.625
49 0.2909604515625 0.5625 0.299435028125 0.53125 0.30508474531249996 0.46875 0.2909604515625 0.4166666671875 0.2457627125 0.4166666671875 0.2372881359375 0.46875 0.2485875703125 0.53125 0.2485875703125 0.7395833328125 0.271186440625 0.7395833328125 0.2655367234375 0.6145833328125 0.2909604515625 0.5625
23 0.33050847499999997 0.4583333328125 0.31073446250000003 0.5520833328125 0.30508474531249996 0.65625 0.31920903906250003 0.7083333328125 0.34463276875000004 0.6979166671875 0.3672316390625 0.65625 0.37288135625 0.5729166671875 0.3587570625 0.5 0.33050847499999997 0.4583333328125
20 0.4322033890625 0.6458333328125 0.40395480156249997 0.6458333328125 0.39548022656250004 0.6145833328125 0.39548022656250004 0.4479166671875 0.3813559328125 0.4375 0.3785310734375 0.46875 0.384180790625 0.4895833328125 0.384180790625 0.65625 0.3785310734375 0.6770833328125 0.38700565 0.7083333328125 0.4350282484375 0.6979166671875 0.4322033890625 0.6458333328125
29 0.49152542343750005 0.59375 0.4717514125 0.6458333328125 0.4519774015625 0.5520833328125 0.4519774015625 0.4895833328125 0.45762711874999995 0.4479166671875 0.4491525421875 0.4166666671875 0.44067796562500006 0.4479166671875 0.44067796562500006 0.59375 0.44632768437500003 0.6354166671875 0.46045197812499994 0.6875 0.48587570625 0.6770833328125 0.49435028281250004 0.6666666671875 0.5084745765625 0.59375 0.5084745765625 0.5104166671875 0.51412429375 0.4895833328125 0.5084745765625 0.4270833328125 0.5 0.3958333328125 0.49435028281250004 0.3958333328125 0.48587570625 0.4270833328125 0.48587570625 0.4479166671875 0.497175140625 0.46875 0.497175140625 0.5520833328125 0.49152542343750005 0.59375
31 0.525423728125 0.4270833328125 0.54237288125 0.4895833328125 0.54237288125 0.5520833328125 0.5197740109375 0.6354166671875 0.5197740109375 0.6770833328125 0.5338983046875 0.6875 0.54237288125 0.65625 0.54237288125 0.6145833328125 0.5508474578125 0.5625 0.5593220343749999 0.5729166671875 0.5593220343749999 0.6145833328125 0.57062146875 0.65625 0.57062146875 0.6770833328125 0.5819209046875 0.6770833328125 0.5819209046875 0.6354166671875 0.5649717515625 0.53125 0.5649717515625 0.4895833328125 0.5819209046875 0.4270833328125 0.5819209046875 0.40625 0.5677966109375 0.3958333328125 0.5649717515625 0.4270833328125 0.556497175 0.4583333328125 0.5508474578125 0.4583333328125 0.5395480218750001 0.3958333328125 0.5282485875 0.3958333328125 0.525423728125 0.4270833328125
2 0.6638418078125 0.5208333328125 0.6666666671875 0.46875 0.6807909609375 0.4166666671875 0.6892655375000001 0.4479166671875 0.68361581875 0.5104166671875 0.6638418078125 0.5833333328125 0.65536723125 0.59375 0.65536723125 0.6354166671875 0.717514125 0.6354166671875 0.7231638421875 0.59375 0.714689265625 0.5625 0.70338983125 0.5833333328125 0.6892655375000001 0.5729166671875 0.700564971875 0.5104166671875 0.700564971875 0.3645833328125 0.6920903953125 0.3333333328125 0.686440678125 0.3333333328125 0.6751412421875 0.3541666671875 0.6497175140625 0.46875 0.6497175140625 0.5104166671875 0.6638418078125 0.5208333328125
46 0.8107344624999999 0.4583333328125 0.8163841812499999 0.5416666671875 0.8220338984375 0.5416666671875 0.830508475 0.5104166671875 0.830508475 0.4895833328125 0.8389830515625001 0.4583333328125 0.84463276875 0.4583333328125 0.8474576265625 0.53125 0.8531073453125 0.53125 0.8587570625 0.5104166671875 0.8587570625 0.4270833328125 0.8502824859375 0.3958333328125 0.8107344624999999 0.3958333328125 0.7881355937500001 0.3541666671875 0.7768361578125 0.375 0.7627118640624999 0.4479166671875 0.7768361578125 0.4583333328125 0.7881355937500001 0.4375 0.7937853109375 0.5208333328125 0.799435028125 0.5208333328125 0.8107344624999999 0.4583333328125
40 0.8898305078125001 0.5208333328125 0.8926553671875 0.5729166671875 0.8870056500000001 0.6145833328125 0.8785310734375 0.625 0.8587570625 0.6979166671875 0.8531073453125 0.78125 0.8841807906250001 0.875 0.8954802265625 0.8958333328125001 0.9096045203124999 0.8854166671874999 0.9096045203124999 0.7395833328125 0.9039548015625 0.71875 0.9039548015625 0.53125 0.9209039546875 0.4479166671875 0.9209039546875 0.40625 0.926553671875 0.3854166671875 0.9124293781249999 0.3333333328125 0.90112994375 0.3333333328125 0.8898305078125001 0.3541666671875 0.870056496875 0.4479166671875 0.870056496875 0.5104166671875 0.8898305078125001 0.5208333328125