26 0.042373271875 0.5889417906250001 0.050371073437500004 0.8179688546874999 0.0729561765625 0.8171801656250001 0.07105334218750001 0.6817474046875 0.0823458921875 0.6813530609375 0.09827926406250001 0.732911734375 0.10292008593749999 0.784864753125 0.11667223906249999 0.773961503125 0.11521809218750001 0.73232021875 0.0897246984375 0.6498263390625 0.088997625 0.6290056953125001 0.10867443750000001 0.5449344375 0.10330654375 0.47216077656250005 0.041197509375000003 0.47432967187499997 0.0338187046875 0.5058563921875 0.0359999234375 0.5683183203125 0.042373271875 0.5889417906250001
18 0.1319866140625 0.564966390625 0.13925734218750002 0.7731728140625 0.15619616875 0.772581296875 0.1496525125 0.5851955171875 0.14327916406250002 0.5645720453124999 0.141097946875 0.50211011875 0.12661872031250002 0.49219272968750005 0.125613265625 0.544342921875 0.1319866140625 0.564966390625
27 0.213664384375 0.71845938125 0.2023718328125 0.7188537265625 0.189625134375 0.6776067875 0.1766000546875 0.70933068125 0.1773271265625 0.7301513234375 0.1996338484375 0.80233346875 0.21338600156249998 0.7914302156249999 0.228143609375 0.728376771875 0.2323357390625 0.686538315625 0.2301545203125 0.6240763874999999 0.2085748734375 0.5727148859375 0.188449371875 0.5629946671875 0.202201525 0.5520914171875 0.2095803296875 0.5205646953125 0.20812618437500002 0.478923409375 0.19364695781250002 0.46900601875000003 0.170783471875 0.5427655421875001 0.1673184140625 0.6054246421875 0.1768784375 0.636359846875 0.2139427671875 0.6454885484374999 0.213664384375 0.71845938125
49 0.3041128734375 0.47557148125 0.2881795015625 0.42401280625000004 0.24300929531249998 0.425590184375 0.23635756406250003 0.47793754843749997 0.2498313328125 0.5400051312499999 0.2571020609375 0.748211553125 0.279687165625 0.7474228625 0.269678453125 0.6226961828124999 0.2932690109375 0.5697573015625 0.300647815625 0.5382305796875 0.3041128734375 0.47557148125
23 0.310656528125 0.6629572609375 0.3265899 0.7145159359375 0.35163460625 0.703218340625 0.3727655640625 0.660788365625 0.3755035484375 0.577308625 0.358843103125 0.5049293078125 0.32915757968750003 0.464273884375 0.31266744062499996 0.5586568765625 0.310656528125 0.6629572609375
20 0.3995427984375 0.61816121875 0.393726215625 0.4515960828125 0.3792469890625 0.44167869218750005 0.377514459375 0.473008240625 0.3838878078125 0.49363171093749997 0.389704390625 0.6601968484375 0.3847851875 0.6812146625 0.39434521093749997 0.7121498671875 0.4419750203125 0.7000635828124999 0.4373341984375 0.6481105625 0.4091028203125 0.6490964234375001 0.3995427984375 0.61816121875
29 0.45382433750000006 0.5537275703125 0.45164311875 0.4912656421875 0.4558352484375 0.4494271875 0.44627522500000005 0.41849198281250005 0.4388964203125 0.45001870468750005 0.44398593125 0.5957631984375 0.451086353125 0.6372073125 0.467019725 0.6887659859374999 0.4920644296875 0.6774683890625 0.5001703078124999 0.6667623109374999 0.5117412421875 0.5933971312499999 0.5088329500000001 0.5101145625 0.513752153125 0.48909674687500004 0.505924659375 0.42683199375 0.49636463593749997 0.3958967890625 0.4907183609375 0.3960939609375 0.4833395546875 0.4276206828125 0.484066628125 0.448441325 0.4960862515625 0.46886762343750005 0.49899454375 0.552150190625 0.4948024140625 0.5939886484375 0.47685813125000004 0.64673035625 0.45382433750000006 0.5537275703125
31 0.5441647515625 0.5505728125 0.5244879390625 0.634644071875 0.525942084375 0.6762853546875001 0.5404213109375 0.686202746875 0.5478001156250001 0.654676025 0.5463459687500001 0.6130347390625001 0.5529977015624999 0.5606873765625 0.5618306515625 0.5708019390625 0.563284796875 0.612443221875 0.57603149375 0.6536901625 0.5767585671875 0.6745108046875 0.5880511203125 0.674116459375 0.5865969734375 0.6324751765625 0.5660227812499999 0.52896348125 0.5645686359375001 0.487322196875 0.5793262453125 0.42426875312499995 0.5785991734375 0.4034481109375 0.564119946875 0.39353072031249997 0.5623874171875001 0.4248602703125 0.5550086125 0.4563869921875 0.5493623375000001 0.4565841640625 0.535888565625 0.3945165828125 0.524596015625 0.39491092656250004 0.5228634859375 0.42624047656249997 0.5419835328125 0.48811088593749996 0.5441647515625 0.5505728125
2 0.6777725359375 0.41040791875 0.6873325593749999 0.44134312343750004 0.6838675015625 0.504002221875 0.666650290625 0.577564571875 0.6585444140625001 0.5882706515625 0.659998559375 0.6299119375 0.7221075953125 0.6277430421875 0.726299725 0.5859045843749999 0.7167397015625 0.5549693796875 0.7061742234375 0.576184365625 0.691694996875 0.5662669765625 0.7008063296875 0.5034107046875 0.6957168203124999 0.3576662078125 0.686156796875 0.32673100312500003 0.6805105203124999 0.3269281765625 0.669945040625 0.3481431640625 0.6485357015625001 0.4635439703125 0.6499898468749999 0.50518525625 0.6644690718749999 0.5151026453124999 0.6654745296875 0.46295245312500005 0.6777725359375 0.41040791875
46 0.8232918703125 0.5304024640625 0.830670675 0.4988757421875 0.8299436015625 0.4780550984375 0.83732240625 0.4465283765625 0.8429686828125 0.4463312046875 0.8483365734375001 0.5191048671875 0.8539828515625001 0.5189076953125 0.858902053125 0.49788988125 0.8559937625 0.41460731093750003 0.8464337390625 0.38367210625000003 0.8069098078125 0.3850523125 0.7828705593749999 0.34419971718750003 0.7723050796875001 0.3654147046875 0.7607341453124999 0.43877988281249997 0.7752133703124999 0.44869727187499997 0.7857788515624999 0.4274822859375 0.7943334171875 0.5105676828125 0.79997969375 0.5103705093750001 0.8090910250000001 0.4475142390625 0.81764559375 0.5305996359375 0.8232918703125 0.5304024640625
40 0.890768796875 0.6010072296875 0.8826629203125 0.611713309375 0.8654457093750001 0.6852756609374999 0.8627077249999999 0.7687554015625 0.89703406875 0.8613638437500001 0.9090536953124999 0.8817901406249999 0.9228058484374999 0.870886890625 0.9177163374999999 0.72514239375 0.9113429875 0.7045189234375 0.9047993328124999 0.51713314375 0.91882986875 0.433259059375 0.9173757234375 0.39161777343750004 0.9222949265624999 0.370599959375 0.9063615546875001 0.319041284375 0.8950690031249999 0.31943562812500004 0.8845035234375 0.340650615625 0.8680133859374999 0.435033609375 0.8701946046875 0.49749553593750007 0.8903201062500001 0.507215753125 0.8949609265625 0.5591687734375 0.890768796875 0.6010072296875