26 0.036103084375 0.5464644843750001 0.0437199171875 0.60849861875 0.0518664671875 0.6284881375 0.0797948578125 0.8559466296875 0.10222527968749999 0.8531925203125 0.08852594375 0.7184409656249999 0.09974115312500001 0.7170639109375 0.120107528125 0.7670377046875 0.12925869375000001 0.818388553125 0.14200823437500001 0.8063282125000001 0.13693034531249998 0.764972121875 0.1043441453125 0.685014053125 0.1018052 0.6643360078125 0.11407984374999999 0.57886971875 0.10238973437500001 0.506840825 0.040706075 0.5144146265625 0.036103084375 0.5464644843750001
18 0.1273591 0.5247647625 0.130902659375 0.5768041375 0.139049209375 0.596793653125 0.16443865625 0.803574103125 0.181261471875 0.801508521875 0.1584109703125 0.6154061171875 0.1502644203125 0.5954165984374999 0.1426475859375 0.5333824640625 0.1273591 0.5247647625
27 0.18999255625 0.66400285625 0.22771146406249998 0.6698664515625 0.2337939671875 0.7425838703125 0.22257875624999998 0.743960925 0.20628565625 0.7039818921875 0.196075059375 0.7367202765624999 0.19861400468749998 0.757398321875 0.22712692968749998 0.8273616328125 0.239876471875 0.8153012921875 0.249082453125 0.751201575 0.24961216875 0.7091569578125 0.241995334375 0.6471228234375 0.2160213546875 0.5978375578125 0.1951252640625 0.5899083796875 0.2078748046875 0.577848040625 0.21247779531250002 0.5457981828125 0.20739990625 0.5044420921875 0.1921114203125 0.4958243875 0.1757635015625 0.57129591875 0.17777273124999998 0.6340185796875 0.18999255625 0.66400285625
49 0.300135434375 0.587509646875 0.3047384265625 0.5554597890624999 0.302729196875 0.4927371265625 0.282362821875 0.44276333437500004 0.23750197968750003 0.448271553125 0.23543793281249997 0.5009994546875001 0.254269978125 0.561656534375 0.2796594234375 0.7684369828125 0.3020898453125 0.7656828734375 0.2812485734375 0.64230313125 0.300135434375 0.587509646875
23 0.32669395 0.47929973124999997 0.31849258125 0.574760778125 0.3255796984375 0.6788395296874999 0.3459460734375 0.7288133234374999 0.3699108265625 0.7153759281250001 0.387263359375 0.6712657296875 0.3827151859375 0.5878650234375 0.359809865625 0.517213184375 0.32669395 0.47929973124999997
20 0.450481346875 0.6530086421875 0.4224433203125 0.656451278125 0.41022349687500004 0.6264670015625 0.3899119390625 0.4610426453125 0.374623453125 0.452424940625 0.37562806718749997 0.48378627031250004 0.3837746171875 0.5037757875 0.40408617500000005 0.669200146875 0.40101751406249997 0.69056671875 0.41323733906250004 0.7205509953125 0.4596325125 0.704359490625 0.450481346875 0.6530086421875
29 0.5030138421875 0.5940839921875 0.4897345859375 0.64818895 0.458682715625 0.5575475937500001 0.4510658828125 0.495513459375 0.4515955984375 0.45346884374999996 0.4393757734375 0.4234845671875 0.43477278124999996 0.4555344265625 0.45254539375 0.6002807390625 0.46323089062499995 0.6409483015624999 0.483597265625 0.6909220953124999 0.507562015625 0.6774846984375 0.5147039515625 0.6661128859375001 0.519836659375 0.5920184109375 0.50968088125 0.50930623125 0.512749540625 0.487939659375 0.49952510156249996 0.4265940515625 0.4873052765625 0.396609775 0.481697671875 0.39729830312500003 0.4770946796875 0.4293481609375 0.47963362500000006 0.45002620625 0.49338777968749997 0.469327196875 0.5035435578125 0.552039375 0.5030138421875 0.5940839921875
31 0.5163479171875001 0.42452847031249996 0.5407875671875 0.48449702187500004 0.5484044015625 0.54653115625 0.536129759375 0.631997446875 0.5412076484375 0.673353534375 0.556496134375 0.6819712390625 0.5610991249999999 0.64992138125 0.5560212359375 0.608565290625 0.5580852828125 0.5558373875 0.5677661625 0.5651436203125 0.5728440531250001 0.606499709375 0.5891371515625 0.64647874375 0.591676096875 0.6671567890625 0.6028913078125 0.665779734375 0.59781341875 0.6244236453124999 0.5682958796875 0.523099003125 0.5632179890625 0.4817429125 0.5724239718749999 0.41764319531250005 0.5698850281250001 0.3969651515625 0.5545965421875 0.388347446875 0.5556011562500001 0.41970877812499996 0.5509981640625 0.4517586359375 0.545390559375 0.4524471640625 0.5265585140625 0.391790084375 0.515343303125 0.3931671390625 0.5163479171875001 0.42452847031249996
2 0.6651595 0.50071075 0.6616159421875001 0.448671375 0.66928759375 0.3952549453125 0.68150741875 0.42523922187499996 0.683516646875 0.48796188437500004 0.6727763343750001 0.5627448859374999 0.6656343984374999 0.5741167 0.6707122875 0.6154727890625 0.7323959484375 0.6078989890625001 0.7329256640625 0.5658543703125 0.7207058390625 0.5358700953125 0.7120295734375001 0.5579251937499999 0.6967410875 0.5493074906250001 0.7003394640625 0.4858963015625 0.68256685 0.3411499859375 0.670347025 0.3111657109375 0.6647394203125 0.3118542375 0.6560631531250001 0.3339093390625 0.644793125 0.4507369578125 0.6498710140624999 0.4920930484375 0.6651595 0.50071075
46 0.80334040625 0.42077490468749995 0.8191037906249999 0.5027985578124999 0.8247113953125 0.5021100296875 0.8293143875 0.470060171875 0.8267754421875001 0.4493821265625 0.8313784343749999 0.4173322671875 0.8369860390625 0.416643740625 0.848676146875 0.488672634375 0.8542837531249999 0.48798410625 0.8573524140625001 0.4666175359375 0.8471966359374999 0.3839053546875 0.8349768093750001 0.353921078125 0.795723571875 0.35874077031249996 0.7682152624999999 0.320138790625 0.7595389953125 0.342193890625 0.7544062874999999 0.416288365625 0.7696947734374999 0.42490606875000003 0.778371040625 0.40285097031249995 0.794134425 0.48487462187499997 0.7997420296875 0.48418609375 0.80334040625 0.42077490468749995
40 0.889463715625 0.47316965624999996 0.8986148796875 0.52452050625 0.8980851640624999 0.566565121875 0.890943228125 0.5779369359375 0.8802029156250001 0.6527199390625 0.8847510890624999 0.7361206453125 0.9270181687499999 0.825384946875 0.940772325 0.8446859359375001 0.9535218671875001 0.8326255953125001 0.9357492531249999 0.6878792812500001 0.927602703125 0.6678897640625 0.9047522000000001 0.48178736093749996 0.9114192390625 0.39700959999999996 0.9063413499999999 0.355653509375 0.909410009375 0.3342869375 0.889043634375 0.28431314375 0.877828425 0.2856901984375 0.8691521578125 0.3077452984375 0.860950790625 0.40320634687499995 0.8685676250000001 0.46524048125000006 0.889463715625 0.47316965624999996