28 0.063043478125 0.4615384609375 0.0673913046875 0.44230769218750005 0.0782608703125 0.47115384687499995 0.0782608703125 0.6634615390625 0.07391304374999999 0.7019230765625 0.08043478281250001 0.73076923125 0.0913043484375 0.721153846875 0.0913043484375 0.47115384687499995 0.0978260875 0.44230769218750005 0.115217390625 0.44230769218750005 0.11956521718749999 0.4615384609375 0.1282608703125 0.4615384609375 0.1282608703125 0.384615384375 0.11956521718749999 0.40384615312500005 0.047826087499999996 0.4134615390625 0.05 0.4615384609375 0.063043478125 0.4615384609375
34 0.1065217390625 0.7115384609375 0.115217390625 0.73076923125 0.12608695625 0.721153846875 0.14782608749999998 0.7019230765625 0.14782608749999998 0.625 0.1521739125 0.60576923125 0.1521739125 0.5673076921875 0.1413043484375 0.51923076875 0.12391304375000001 0.51923076875 0.115217390625 0.5384615390625 0.1 0.625 0.1 0.6826923078125 0.1065217390625 0.7115384609375
35 0.16086956562500002 0.60576923125 0.1565217390625 0.625 0.1565217390625 0.6826923078125 0.1521739125 0.7019230765625 0.1717391296875 0.75 0.18260869531249999 0.740384615625 0.2 0.6826923078125 0.2 0.60576923125 0.189130434375 0.5576923078125 0.1804347828125 0.5576923078125 0.1695652171875 0.509615384375 0.16521739062500002 0.4519230765625 0.1586956515625 0.4230769234375 0.1565217390625 0.509615384375 0.16086956562500002 0.528846153125 0.16086956562500002 0.60576923125
26 0.2434782609375 0.5480769234375 0.2434782609375 0.6826923078125 0.25 0.7115384609375 0.2543478265625 0.7115384609375 0.2565217390625 0.60576923125 0.263043478125 0.596153846875 0.27391304375000003 0.625 0.2782608703125 0.6826923078125 0.284782609375 0.7115384609375 0.2956521734375 0.7019230765625 0.2956521734375 0.6634615390625 0.2826086953125 0.60576923125 0.2826086953125 0.5673076921875 0.2956521734375 0.490384615625 0.2913043484375 0.43269230781249995 0.284782609375 0.40384615312500005 0.25869565156249996 0.40384615312500005 0.25 0.4230769234375 0.24782608750000001 0.528846153125 0.2434782609375 0.5480769234375
14 0.32608695625 0.509615384375 0.32608695625 0.490384615625 0.3326086953125 0.4615384609375 0.3413043484375 0.48076923125000004 0.3586956515625 0.48076923125000004 0.360869565625 0.43269230781249995 0.3543478265625 0.40384615312500005 0.3282608703125 0.40384615312500005 0.313043478125 0.4519230765625 0.313043478125 0.6634615390625 0.3086956515625 0.7019230765625 0.315217390625 0.73076923125 0.3565217390625 0.721153846875 0.360869565625 0.7019230765625 0.3543478265625 0.6730769234375 0.3326086953125 0.6730769234375 0.32608695625 0.64423076875 0.32608695625 0.60576923125 0.3586956515625 0.596153846875 0.360869565625 0.5673076921875 0.3543478265625 0.5384615390625 0.3326086953125 0.5384615390625 0.32608695625 0.509615384375
24 0.386956521875 0.43269230781249995 0.389130434375 0.4615384609375 0.40652173906250005 0.44230769218750005 0.413043478125 0.47115384687499995 0.413043478125 0.509615384375 0.40652173906250005 0.5384615390625 0.3934782609375 0.5384615390625 0.386956521875 0.509615384375 0.38478260937500003 0.4615384609375 0.37391304375 0.47115384687499995 0.37391304375 0.721153846875 0.3804347828125 0.75 0.38260869531249997 0.740384615625 0.386956521875 0.721153846875 0.386956521875 0.625 0.3934782609375 0.596153846875 0.40652173906250005 0.596153846875 0.41521739062499996 0.5769230765625 0.42173912968750005 0.528846153125 0.42173912968750005 0.43269230781249995 0.40652173906250005 0.384615384375 0.39782608750000004 0.384615384375 0.386956521875 0.43269230781249995
23 0.4782608703125 0.625 0.4782608703125 0.509615384375 0.46739130468749995 0.4615384609375 0.45 0.44230769218750005 0.4413043484375 0.4615384609375 0.43043478281249997 0.528846153125 0.43043478281249997 0.625 0.4413043484375 0.6730769234375 0.46956521718750005 0.6634615390625 0.4782608703125 0.625
27 0.5021739125 0.44230769218750005 0.4956521734375 0.47115384687499995 0.4956521734375 0.528846153125 0.5065217390625001 0.5576923078125 0.5152173906249999 0.5576923078125 0.5173913046874999 0.625 0.510869565625 0.653846153125 0.5065217390625001 0.653846153125 0.49347826093749997 0.596153846875 0.486956521875 0.625 0.5021739125 0.7115384609375 0.513043478125 0.7019230765625 0.5195652171875 0.6923076921875 0.5304347828125 0.625 0.5304347828125 0.5480769234375 0.52391304375 0.51923076875 0.5152173906249999 0.51923076875 0.5086956515625001 0.490384615625 0.5217391296875 0.47115384687499995 0.5217391296875 0.4519230765625 0.5152173906249999 0.4230769234375 0.5021739125 0.44230769218750005
14 0.5695652171875001 0.509615384375 0.57608695625 0.48076923125000004 0.589130434375 0.48076923125000004 0.5978260875 0.5 0.6043478265625 0.47115384687499995 0.589130434375 0.4230769234375 0.5804347828124999 0.44230769218750005 0.5586956515625 0.44230769218750005 0.5521739125 0.490384615625 0.5521739125 0.7019230765625 0.5586956515625 0.73076923125 0.6 0.721153846875 0.5978260875 0.6730769234375 0.5717391296875001 0.6730769234375 0.565217390625 0.64423076875 0.565217390625 0.625 0.5717391296875001 0.596153846875 0.5956521734375 0.5865384609375 0.5956521734375 0.5673076921875 0.589130434375 0.5384615390625 0.5695652171875001 0.528846153125 0.5695652171875001 0.509615384375
5 0.67608695625 0.40384615312500005 0.6717391296875 0.384615384375 0.665217390625 0.4134615390625 0.665217390625 0.5673076921875 0.67608695625 0.5769230765625 0.684782609375 0.5576923078125 0.6956521734375001 0.60576923125 0.6956521734375001 0.625 0.689130434375 0.653846153125 0.6717391296875 0.653846153125 0.6673913046875 0.634615384375 0.665217390625 0.7019230765625 0.6913043484375 0.7019230765625 0.7043478265625 0.6634615390625 0.7043478265625 0.5865384609375 0.7 0.5480769234375 0.689130434375 0.5 0.6826086953125 0.490384615625 0.6826086953125 0.47115384687499995 0.710869565625 0.4615384609375 0.713043478125 0.43269230781249995 0.7065217390625 0.40384615312500005 0.67608695625 0.40384615312500005
0 0.7173913046875 0.64423076875 0.7326086953125001 0.6923076921875 0.7434782609374999 0.6826923078125 0.7543478265625 0.6730769234375 0.7695652171875 0.60576923125 0.7695652171875 0.509615384375 0.7543478265625 0.44230769218750005 0.7456521734375 0.4230769234375 0.7326086953125001 0.4230769234375 0.7217391296875 0.47115384687499995 0.7217391296875 0.509615384375 0.7173913046875 0.528846153125 0.7173913046875 0.64423076875
46 0.8043478265624999 0.528846153125 0.8043478265624999 0.5865384609375 0.8108695656249999 0.615384615625 0.8195652171875001 0.5769230765625 0.8282608703125 0.615384615625 0.8304347828124999 0.60576923125 0.8413043484375 0.5384615390625 0.85 0.5769230765625 0.8521739125 0.5673076921875 0.8521739125 0.528846153125 0.8413043484375 0.48076923125000004 0.8152173906250001 0.48076923125000004 0.8108695656249999 0.4615384609375 0.7956521734375 0.47115384687499995 0.7956521734375 0.490384615625 0.8043478265624999 0.528846153125
40 0.8565217390625 0.5865384609375 0.8891304343750001 0.596153846875 0.8913043484375001 0.6634615390625 0.865217390625 0.759615384375 0.8608695656249999 0.8365384609375001 0.8934782609375 0.9615384609375001 0.9043478265625 0.9519230765625 0.9043478265625 0.7019230765625 0.9086956515625 0.6826923078125 0.9043478265625 0.6634615390625 0.9043478265625 0.5480769234375 0.9086956515625 0.528846153125 0.9086956515625 0.4519230765625 0.9021739125 0.4230769234375 0.8804347828125 0.4230769234375 0.8608695656249999 0.490384615625 0.8565217390625 0.5865384609375