30 0.09042553125 0.41836734687500005 0.10106382968750001 0.5 0.111702128125 0.5408163265625 0.11702127656250001 0.602040815625 0.1303191484375 0.653061225 0.138297871875 0.6428571421875 0.15957446875 0.4795918375 0.170212765625 0.4387755109375 0.170212765625 0.397959184375 0.1675531921875 0.3877551015625 0.15425531875 0.4387755109375 0.15425531875 0.4591836734375 0.143617021875 0.5 0.1303191484375 0.591836734375 0.122340425 0.5612244890625 0.106382978125 0.41836734687500005 0.09308510625000001 0.36734693906250004 0.09042553125 0.41836734687500005
42 0.17819148906249999 0.5510204078125 0.17553191562499998 0.602040815625 0.1808510640625 0.6428571421875 0.1914893609375 0.6428571421875 0.18617021250000002 0.581632653125 0.17819148906249999 0.5510204078125
42 0.1835106390625 0.28571428593750003 0.17553191562499998 0.31632653125 0.18617021250000002 0.397959184375 0.1914893609375 0.397959184375 0.1914893609375 0.31632653125 0.1835106390625 0.28571428593750003
51 0.21808510625 0.6224489796875 0.2260638296875 0.653061225 0.2446808515625 0.6428571421875 0.25531914843750003 0.602040815625 0.25 0.5408163265625 0.2579787234375 0.5306122453125 0.2606382984375 0.5 0.2579787234375 0.48979591874999995 0.25265957499999997 0.51020408125 0.231382978125 0.51020408125 0.2260638296875 0.48979591874999995 0.21542553125000002 0.48979591874999995 0.2127659578125 0.5204081625 0.2234042546875 0.5408163265625 0.21808510625 0.6224489796875
54 0.33244680781249997 0.5510204078125 0.3484042546875 0.6122448984375 0.361702128125 0.602040815625 0.3537234046875 0.591836734375 0.33244680781249997 0.51020408125 0.327127659375 0.51020408125 0.3191489359375 0.5408163265625 0.3191489359375 0.5612244890625 0.3111702125 0.5714285718750001 0.3085106390625 0.5 0.30053191562500003 0.4693877546875 0.29255319218750003 0.5 0.3058510640625 0.6122448984375 0.3164893609375 0.6122448984375 0.33244680781249997 0.5510204078125
57 0.4441489359375 0.4693877546875 0.4281914890625 0.5306122453125 0.422872340625 0.5306122453125 0.4015957453125 0.44897959218750005 0.388297871875 0.4591836734375 0.41489361718750006 0.5612244890625 0.41489361718750006 0.581632653125 0.3829787234375 0.7040816328124999 0.3856382984375 0.7346938781250001 0.39361702187500003 0.7244897953125 0.3989361703125 0.68367346875 0.422872340625 0.591836734375 0.4281914890625 0.591836734375 0.449468084375 0.6734693875 0.4574468078125 0.66326530625 0.4574468078125 0.6428571421875 0.4361702125 0.5612244890625 0.4441489359375 0.51020408125 0.449468084375 0.5306122453125 0.46276595781249996 0.5204081625 0.454787234375 0.4693877546875 0.4441489359375 0.4693877546875
2 0.6037234046875 0.48979591874999995 0.6196808515625001 0.48979591874999995 0.622340425 0.5204081625 0.6170212765625 0.5612244890625 0.59042553125 0.66326530625 0.6037234046875 0.7142857140625 0.638297871875 0.7040816328124999 0.643617021875 0.68367346875 0.640957446875 0.6734693875 0.611702128125 0.66326530625 0.611702128125 0.6428571421875 0.6329787234375 0.5408163265625 0.6329787234375 0.4591836734375 0.6196808515625001 0.428571428125 0.59308510625 0.44897959218750005 0.5851063828124999 0.5 0.59308510625 0.5306122453125 0.5984042546875 0.5306122453125 0.6037234046875 0.48979591874999995
0 0.65425531875 0.581632653125 0.6675531921875 0.653061225 0.6914893609375 0.6428571421875 0.702127659375 0.581632653125 0.6888297875 0.51020408125 0.672872340625 0.51020408125 0.65957446875 0.5408163265625 0.65425531875 0.581632653125
0 0.7553191484374999 0.4795918375 0.7420212765625 0.44897959218750005 0.72074468125 0.4693877546875 0.7074468078125 0.5204081625 0.7074468078125 0.5408163265625 0.7260638296875 0.6122448984375 0.734042553125 0.602040815625 0.752659575 0.591836734375 0.7606382984375 0.5408163265625 0.7553191484374999 0.4795918375
40 0.92383143125 0.5927445515625 0.9281914890625 0.6122448984375 0.9335106390625001 0.591836734375 0.9468085109375 0.602040815625 0.9468085109375 0.68367346875 0.90957446875 0.8265306125 0.90425531875 0.9081632656249999 0.9228723406249999 0.9795918374999999 0.9388297874999999 0.9795918374999999 0.9441489359374999 1 0.9521276593750001 0.98979591875 0.96808510625 0.9489795921875 0.96808510625 0.8877551015625 0.9627659578125 0.8673469390624999 0.9627659578125 0.6428571421875 0.9574468078124999 0.6224489796875 0.9574468078124999 0.5612244890625 0.9494680843750001 0.51020408125 0.9388297874999999 0.51020408125 0.9122340421875 0.5714285718750001 0.9158555046875 0.5757274484375 0.9220589468749999 0.5587103265625 0.92383143125 0.5927445515625
46 0.9087657453125001 0.579130815625 0.8937000640624999 0.5246762656249999 0.8715447765625 0.5587103265625 0.86091021875 0.49404555156249996 0.8378686109375 0.49744891874999997 0.8263478890625 0.5450967343750001 0.8139408453125 0.49064220468749997 0.80419260625 0.5553069796875 0.8130546859375001 0.5416933875 0.8210306062500001 0.6199717546875 0.8307790109375001 0.6199717546875 0.8360962921875 0.5519036125000001 0.8555929359375 0.5485001015625001 0.8626826968750001 0.5995512859375001 0.8768620578125 0.6097615109375 0.884837978125 0.568920571875 0.8928139046875 0.589341040625 0.902562303125 0.6301819796875 0.9149691859375 0.623375265625 0.9087657453125001 0.579130815625