30 0.11336187187499999 0.44566615 0.1037114734375 0.506358828125 0.1042713875 0.559080759375 0.11448169999999999 0.551110009375 0.17462374375 0.3978416578125 0.1948204 0.36081138749999997 0.2046947640625 0.3212074796875 0.20458278124999998 0.3106630921875 0.1793369578125 0.35695093125 0.1743997765625 0.376752884375 0.15420311874999998 0.4137831546875 0.1190829328125 0.4996748984375 0.118746984375 0.4680417390625 0.1378238125 0.325567609375 0.137263896875 0.2728456796875 0.1223403703125 0.321707153125 0.1129139390625 0.40348860468750003 0.11336187187499999 0.44566615
42 0.15577088125 0.561404559375 0.166093175 0.5639781953125 0.175743571875 0.5032855171875 0.1754076234375 0.471652359375 0.160484096875 0.5205138328125 0.15577088125 0.561404559375
42 0.22017820625 0.3250679359375 0.225339353125 0.32635475468749997 0.2450880796875 0.2471469390625 0.24475213125 0.21551378125 0.2296046375 0.243286484375 0.22017820625 0.3250679359375
51 0.2177046515625 0.5768463828125 0.2379013078125 0.5398161125 0.24755170468749998 0.4791234328125 0.2577620171875 0.47115268437499996 0.2677483640625 0.4420931640625 0.2676363796875 0.431548778125 0.2575380515625 0.4500639125 0.23689346093750002 0.4449166375 0.2366694953125 0.423827865625 0.22634720000000003 0.421254228125 0.2163608546875 0.45031374843750005 0.2217459671875 0.472689340625 0.19683609375 0.5506103359375001 0.19717204375 0.5822434953125 0.2177046515625 0.5768463828125
54 0.3411242578125 0.565552484375 0.335851128125 0.5537212796875 0.33495526249999996 0.469366190625 0.329794115625 0.46807937187500004 0.31464662187500003 0.495852075 0.309709440625 0.5156540281249999 0.299499128125 0.5236247781250001 0.3141986921875 0.45367453125 0.3138627421875 0.42204137187499996 0.2987152484375 0.44981407500000004 0.28446361875 0.5619418671874999 0.29478591249999997 0.564515503125 0.3250809 0.5089700984375 0.325752796875 0.572236415625 0.3411242578125 0.565552484375
57 0.41775758906249993 0.5110440609375 0.4168617265625 0.426688971875 0.401490265625 0.43337290156249997 0.40261009531249997 0.5388167625 0.3976729140625 0.5586187171875 0.337082940625 0.6697095265625 0.33225774218750004 0.7000558671875 0.34246805468749997 0.6920851171875 0.3575035640625 0.653768028125 0.4029460453125 0.570449921875 0.4081071921875 0.5717367390625 0.4090030546875 0.656091828125 0.4192133671875 0.6481210796875 0.4241505484375 0.628319125 0.4232546859375 0.5439640375 0.4433393609375 0.49638938125000004 0.4435633265625 0.5174781546875 0.4589347859375 0.5107942234375 0.46353601875 0.4593591109375 0.4532137234375 0.4567854734375 0.42291873593749996 0.5123308796875 0.41775758906249993 0.5110440609375
2 0.6137692109375 0.5493987796875001 0.5987337 0.5877158687499999 0.5482420546875 0.6802915453125 0.5488019703125 0.733013475 0.58481801875 0.73147681875 0.5949163484375 0.712961684375 0.594804365625 0.7024172984375 0.5688866453125 0.68543881875 0.5738238265625 0.665636865625 0.6191543234375 0.571774371875 0.6389030499999999 0.49256655781249997 0.6334059546875 0.4596465796875 0.602663034375 0.4730144421875 0.582578359375 0.520589096875 0.5829143078125 0.55222225625 0.5880754546875 0.553509075 0.6031109671875 0.5151919859375 0.618594409375 0.5190524421875 0.6137692109375 0.5493987796875001
0 0.6512410375 0.68493914375 0.6763748781250001 0.6281069203125 0.6807521453125001 0.5555830359375 0.665268703125 0.5517225812500001 0.6449600625 0.5782084656250001 0.6299245499999999 0.616525553125 0.625547284375 0.6890494390625 0.6512410375 0.68493914375
0 0.72159339375 0.523700040625 0.6963475703124999 0.569987878125 0.6914103875000001 0.5897898328125 0.69219426875 0.6636005359375 0.7024045812499999 0.6556297859375 0.7229371890625 0.6502326734375 0.7430218640625 0.6026580187499999 0.7526722593749999 0.5419653390625 0.7471751640625001 0.5090453625 0.72159339375 0.523700040625
40 0.8577508890625 1 0.8603745296875 0.9894771546875001 0.8601505640625 0.9683883828125 0.9144595609374999 0.7505668921875001 0.91423559375 0.7294781203125 0.9290471374999999 0.670072259375 0.9336483703124999 0.618637146875 0.9233260765625 0.6160635109375 0.88270879375 0.6690352796875 0.885182690625 0.674082571875 0.895318678125 0.6590716796875 0.8888048890625001 0.6925237453124999 0.8883178734375001 0.7124996421875001 0.8984162031249999 0.69398450625 0.90885048125 0.7071025296875 0.8891017546875 0.7863103437500001 0.8184134515625001 0.9159162890625 0.7935035765625 0.9938372859375001 0.793569025 1 0.8577508890625 1
46 0.8463049953124999 0.6468511953125 0.8516301546875 0.5815345078124999 0.82844963125 0.5792625109375 0.805744075 0.62270786875 0.806879315625 0.5668693359375 0.7817768171874999 0.6272549781250001 0.79366908125 0.6161896984374999 0.78247083125 0.6940724140625 0.791929665625 0.696430765625 0.8135561750000001 0.63167090625 0.83329706875 0.6330851578125001 0.827825834375 0.6843350734375 0.83911393125 0.6976723078125 0.8567332499999999 0.65997406875 0.8595320984375 0.6817175140625 0.8591106109375 0.7237036546875 0.8727956499999999 0.7201006249999999 0.877480178125 0.6756696765625 0.8760357609374999 0.619187940625 0.8463049953124999 0.6468511953125