30 0.11928625 0.328325378125 0.1112885375 0.41025888750000006 0.1124725015625 0.452422190625 0.1038828078125 0.5132740484375 0.10536276093750001 0.5659781781250001 0.11543240937499999 0.5578304484375 0.172890390625 0.403535815625 0.19243770468750002 0.3661587046875 0.20161937968750002 0.3263884984375 0.201323390625 0.31584767187499996 0.1768892453125 0.362569059375 0.1722984078125 0.38245416250000003 0.15275109375 0.41983127343750004 0.11913527500000001 0.5063228671875 0.1182473015625 0.4747003890625 0.1348347078125 0.331915021875 0.1333547546875 0.27921089375 0.11928625 0.328325378125
42 0.1749623265625 0.47732159375 0.160893821875 0.5264360781249999 0.156894965625 0.5674028328125 0.167260603125 0.5697959296875 0.1758502984375 0.508944071875 0.1749623265625 0.47732159375
42 0.2398260375 0.22001179999999998 0.2251655515625 0.24804463281250003 0.21716783906249998 0.3299781421875 0.2223506578125 0.331174690625 0.24071400937499998 0.25163427656250004 0.2398260375 0.22001179999999998
51 0.1977655390625 0.5558935671875 0.19865351250000002 0.5875160453125 0.21908880000000003 0.5817614109375 0.23863611406250002 0.5443843 0.24722580781249998 0.48353244375 0.25729545625 0.4753847140625 0.26677312343750004 0.4461553328125 0.26647713125 0.43561450781250005 0.256703475 0.4543030625 0.235972196875 0.44951686874999996 0.2353802140625 0.42843521874999996 0.22501457500000002 0.426042121875 0.215536909375 0.4552715015625 0.22131170937500003 0.4775497015625 0.1977655390625 0.5558935671875
54 0.325264090625 0.512021490625 0.3270400359375 0.575266446875 0.3422925046875 0.5683152640625 0.33681369375000003 0.5565778906250001 0.33444576718749996 0.47225128437499997 0.329262946875 0.4710547359375 0.3146024609375 0.49908756875 0.3100116234375 0.5189726718750001 0.29994197499999997 0.527120403125 0.3134184984375 0.456924265625 0.3125305265625 0.42530178906250005 0.297870040625 0.453334621875 0.2855774796875 0.5656940609375 0.29594311875 0.5680871578125 0.325264090625 0.512021490625
57 0.45246665156250004 0.4576085890625 0.42314567968750005 0.5136742546875 0.4179628609375 0.5124777078125 0.41559493437499995 0.4281511015625 0.400342465625 0.43510228125 0.403302375 0.5405105390625 0.3987115375 0.56039564375 0.3400695921875 0.672526975 0.335774746875 0.702952903125 0.3458443953125 0.6948051734375 0.36020888906250004 0.6562315140625 0.404190346875 0.5721330171875 0.40937316562500004 0.5733295640625 0.4117410921875 0.6576561703125 0.42181074062499996 0.6495084421875 0.426401578125 0.6296233375 0.42403365312499997 0.54529673125 0.4432849765625 0.4973787953125 0.44387695781250003 0.5184604484374999 0.4591294265625 0.511509265625 0.4628322921875 0.46000168593749996 0.45246665156250004 0.4576085890625
2 0.6033604 0.5133901375 0.6189088578125 0.5169797828125 0.6146140109375 0.5474057109375 0.6002495156250001 0.58597936875 0.551381228125 0.6794221453125 0.5528611828125001 0.7321262749999999 0.588844928125 0.7299612859375 0.5986185859375001 0.7112727296875 0.5983225953125 0.7007319046875 0.5721125078125 0.6842083390625 0.5767033453125 0.6643232343750001 0.6203888109375 0.5696839109375 0.6387521625 0.49014349687500003 0.6326813718750001 0.45732447187499997 0.6021764359375 0.471226834375 0.5829251125 0.5191447703125001 0.583813084375 0.5507672484375 0.588995903125 0.551963796875 0.6033604 0.5133901375
0 0.6319384140625 0.614240309375 0.62882753125 0.6868295421874999 0.6544456359375 0.68227145625 0.6785837890625 0.62500924375 0.6816946734375 0.5524200109375 0.666146215625 0.5488303671875 0.646302909375 0.5756666515625 0.6319384140625 0.614240309375
0 0.7533661734375 0.5375492093750001 0.7472953812500001 0.5047301828124999 0.721973265625 0.5198290937500001 0.697539121875 0.56655048125 0.692948284375 0.586435584375 0.6950202203125 0.660221365625 0.70508986875 0.6520736359375 0.72552515625 0.646319003125 0.7447764796875 0.5984010671875 0.7533661734375 0.5375492093750001
40 0.864963571875 1 0.8688621968750001 0.9831132015625 0.8682702156250001 0.9620315515625 0.91876943125 0.7432954125 0.9181774484374999 0.7222137625 0.9319499625000001 0.6625584515625 0.9356528281250001 0.6110508703125 0.9252871890625001 0.608657775 0.8856005781249999 0.6623303453125 0.8881621859375001 0.6673336937500001 0.898034653125 0.6521481890625 0.892105675 0.6857088421875 0.8919673609375 0.7056901953125 0.9017410187499999 0.687001640625 0.9124026484375 0.6999355625 0.8940392968750001 0.779475975 0.8256236953125 0.9102958624999999 0.8020775234374999 0.988639728125 0.802396525 1 0.864963571875 1
46 0.8804885453125 0.6690549828125001 0.8780586046875 0.6126070593749999 0.8488151578125 0.6407849734375 0.8529995734375 0.5753852984375001 0.829782928125 0.573518203125 0.80783905625 0.6173532093749999 0.8079996078124999 0.5615033687500001 0.7839548062499999 0.6223179125 0.79565214375 0.6110467703125 0.785814840625 0.689113059375 0.79531339375 0.6913059734375 0.81580639375 0.6261785421875 0.8355689625 0.627248053125 0.830992996875 0.6785856484375 0.842512140625 0.6917238484375 0.8594708499999999 0.6537238515625 0.8626487484375 0.6754151375 0.8629600843749999 0.7174022390625 0.87658015625 0.713560921875 0.8804885453125 0.6690549828125001