11 0.0421361140625 0.598132315625 0.0754354203125 0.6564781203125001 0.148240115625 0.5452974046875 0.164543090625 0.4464600890625 0.12834348281250002 0.396950434375 0.125848659375 0.1955865625 0.0888473703125 0.20997953906250003 0.06464517187499999 0.27142267656249996 0.06384348906250001 0.33532530625 0.094846075 0.2654559359375 0.12134499375 0.332227975 0.08944167343750001 0.429425628125 0.0668428421875 0.36306350468750004 0.0421361140625 0.598132315625
51 0.21074054062499997 0.5884304031250001 0.2564427359375 0.547528975 0.227142565625 0.526167434375 0.24734562656249998 0.427740034375 0.1869438203125 0.43967351718750003 0.16693886093750002 0.6112496140625 0.17863911875 0.612479359375 0.19684261249999999 0.4955598265625 0.21244295625 0.4971994890625 0.21074054062499997 0.5884304031250001
38 0.28554480312499997 0.4957418203125 0.2867426890625 0.57813658125 0.3306434171875 0.59189171875 0.365645140625 0.5590066109375 0.3188441078125 0.5540876234375001 0.3556472984375 0.46654595 0.3564489796875 0.402643321875 0.28554480312499997 0.4957418203125
59 0.4512489265625 0.49487605625000003 0.45585164375 0.3948089921875 0.40025065781249997 0.379824109375 0.4019382734375 0.4124220515625 0.43562461093750005 0.4453997421875 0.3820471640625 0.4967436421875 0.41814772343750006 0.5096789484375 0.38634345468750003 0.64345095 0.44384495937499996 0.6403536171875001 0.4086451359375 0.6000900296875 0.4512489265625 0.49487605625000003
54 0.49595133750000003 0.44472856250000004 0.48284581718749997 0.6444527718749999 0.504345815625 0.6649944828125001 0.5585508140625 0.5244359078125 0.5612530140625 0.4424510609375 0.5032469796875 0.61917406875 0.5095521125 0.42787609218749995 0.49595133750000003 0.44472856250000004
39 0.565242875 0.8359327390625 0.599551240625 0.54702719375 0.6287523578124999 0.5318143875 0.6109543453125 0.43853389531250003 0.6612592578125 0.29756540625 0.681066115625 0.052840612499999995 0.6163587453125 0.2745642046875 0.54574244375 0.8338831609374999 0.5176401609375 0.8949163828125 0.4931408109375 0.846636475 0.5226390828125 0.9411467124999999 0.565242875 0.8359327390625
42 0.6713561515625 0.42660041406250004 0.670158265625 0.3442056515625 0.6575572734375 0.3703041875 0.6713561515625 0.42660041406250004
42 0.636948734375 0.6789316109375 0.643154815625 0.45105928593750005 0.6232489078125 0.65920973125 0.636948734375 0.6789316109375
45 0.6840469171875 0.7935736421875 0.709050796875 0.6682278734375 0.6934504546875 0.6665882109375 0.732064384375 0.167892559375 0.687253646875 0.5379631203125 0.6722476078125 0.7557695453125 0.6840469171875 0.7935736421875
27 0.7972577328125 0.485538125 0.761355278125 0.545751515625 0.7753522562499999 0.6751964375 0.7482497578125 0.7454757265625 0.758049496875 0.7647876874999999 0.7948526859375 0.677246015625 0.7731545859375 0.5835556109375 0.7945555343749999 0.567522971875 0.7972577328125 0.485538125
26 0.7924476375 0.86895390625 0.8742503906250001 0.840987784375 0.9495499078125 0.9311709421875 0.8936517703125 0.8064630156250001 0.8312503953125001 0.799904365625 0.8765563875 0.612705546875 0.8236576015624999 0.515735815625 0.7924476375 0.86895390625