14 0.1003937015625 0.55223880625 0.098425196875 0.45522388124999996 0.1181102359375 0.3955223875 0.1102362203125 0.679104478125 0.12598425156249998 0.75373134375 0.22440944843750002 0.69402985 0.12992125937500001 0.6641791046875001 0.1397637796875 0.5820895515625 0.20472440937499997 0.5597014921875 0.135826771875 0.5373134328125 0.135826771875 0.38805970156249997 0.20275590625 0.4179104484375 0.151574803125 0.3432835828125 0.09055118125 0.3955223875 0.1003937015625 0.55223880625
59 0.2460629921875 0.5820895515625 0.2322834640625 0.6343283578125 0.2460629921875 0.6865671640625 0.25 0.626865671875 0.28937007812500004 0.626865671875 0.2598425203125 0.7388059703125001 0.29527559062500003 0.75373134375 0.3307086609375 0.7238805968750001 0.28740157499999996 0.7089552234375 0.3188976375 0.6044776125 0.30511811093749996 0.5074626859375 0.25 0.4925373140625 0.22834645625 0.5597014921875 0.226377953125 0.5970149250000001 0.2933070859375 0.5373134328125 0.301181103125 0.5820895515625 0.2460629921875 0.5820895515625
58 0.3996062984375 0.46268656718749995 0.3838582671875 0.5820895515625 0.3307086609375 0.5149253734375 0.332677165625 0.5671641796875 0.38188976406249997 0.6343283578125 0.342519684375 0.9925373140625 0.3661417328125 0.9925373140625 0.4055118109375 0.6044776125 0.3996062984375 0.46268656718749995
45 0.43784435781250003 0.3095427609375 0.44870125625 0.6425621046875001 0.4645669296875 0.6343283578125 0.4507874015625 0.2835820890625 0.43784435781250003 0.3095427609375
42 0.486220471875 0.4328358203125 0.49606299218750005 0.6343283578125 0.5118110234375 0.64925373125 0.5039370078125 0.4850746265625 0.486220471875 0.4328358203125
39 0.5570866140625 0.29850746250000004 0.46850393749999997 0.36567164218750003 0.48228346406249994 0.4179104484375 0.5629921265625 0.35074626875 0.566929134375 0.47014925312500006 0.54724409375 0.5597014921875 0.5708661421875 0.574626865625 0.5787401578125 0.8134328359375 0.5196850390625001 0.873134328125 0.5708661421875 0.9029850749999999 0.5944881890625 0.8432835828125 0.5866141734375 0.529850746875 0.6338582671874999 0.5149253734375 0.582677165625 0.4402985078125 0.582677165625 0.320895521875 0.6181102359375 0.1865671640625 0.6141732281250001 0.0820895515625 0.592519684375 0.029850746875 0.5708661421875 0.097014925 0.5570866140625 0.29850746250000004
38 0.6496062984375001 0.6343283578125 0.673228346875 0.45522388124999996 0.6594488187499999 0.40298507499999997 0.6338582671874999 0.5149253734375 0.6338582671874999 0.6641791046875001 0.6476377953125 0.7164179109375 0.712598425 0.7089552234375 0.7224409453125 0.6567164171875 0.6496062984375001 0.6343283578125
1 0.7814960625 0.4925373140625 0.779527559375 0.7388059703125001 0.7992125984375 0.7686567171875 0.795275590625 0.529850746875 0.7814960625 0.4925373140625
0 0.8208661421875 0.5074626859375 0.8031496062500001 0.679104478125 0.83464566875 0.69402985 0.854330709375 0.574626865625 0.8208661421875 0.5074626859375
46 0.8448728109375001 0.5832904328125 0.8567395937500001 0.6974930890625 0.8666918078125001 0.69062680625 0.8612633578125 0.608230253125 0.8829771531249999 0.687193521875 0.896548275 0.6185298359375 0.895643590625 0.55329911875 0.88207246875 0.6013638359375 0.865787121875 0.5395664171875 0.858549134375 0.594497403125 0.8448728109375001 0.5832904328125
40 0.8897637796875 0.6343283578125 0.9074803156250001 0.5970149250000001 0.9133858265624999 0.64925373125 0.8897637796875 0.75373134375 0.9212598421875 0.8134328359375 0.9291338578125 0.6343283578125 0.9074803156250001 0.55223880625 0.8897637796875 0.6343283578125