14 0.1391558328125 0.337067959375 0.0870167453125 0.6159269171874999 0.09089667968750001 0.6920985359375 0.1974494703125 0.648529159375 0.10879427187499999 0.6042647171875 0.13135725 0.5247255328125 0.1990203703125 0.5127751890625001 0.1344732421875 0.4798847984375 0.15782166875 0.332468628125 0.21925710937499998 0.37242188593750003 0.18038034375 0.29070731250000004 0.111936075 0.3327567734375 0.09714156874999999 0.4890834625 0.1103737765625 0.392955009375 0.1391558328125 0.337067959375
59 0.22000384374999998 0.6445457125 0.23323175156249998 0.586195128125 0.27211711875 0.592353965625 0.2254417734375 0.698296965625 0.2581037609375 0.7185815359375 0.2977702765625 0.6946412546875 0.257331215625 0.6731249171875 0.30478340937500004 0.57486066875 0.306350009375 0.4768845640625 0.2542453359375 0.4535205765625 0.22235159062499998 0.516470490625 0.2145702171875 0.5530165921875 0.2900147125 0.504520146875 0.29078725781250003 0.5499767656250001 0.23634774374999998 0.54135439375 0.21456591406249997 0.590794459375 0.22000384374999998 0.6445457125
58 0.330458075 0.4882586171875 0.3242303953125 0.54016221875 0.36233031250000003 0.614198040625 0.26740871718750003 0.9618380140625 0.2907399390625 0.965533315625 0.3903312171875 0.5884101109375 0.40667941875 0.447440921875 0.3724465296875 0.5629103234375 0.330458075 0.4882586171875
45 0.44398958437499997 0.6271316 0.48524851093750004 0.27854800625 0.4684036734375 0.3021643203125 0.42703120156249996 0.6327820375 0.44398958437499997 0.6271316
42 0.4883171828125 0.649263821875 0.5062233796875 0.48587426562499997 0.4968969125 0.4315071296875 0.475097878125 0.6320586687499999 0.4883171828125 0.649263821875
39 0.49534321875 0.41614962968749997 0.5855650171875 0.36243796875 0.5707748109375 0.48098678906250003 0.5373230703125 0.566357071875 0.5583194484375 0.5847939921875 0.5287390375000001 0.8218916328124999 0.46107161406249997 0.8716198437499999 0.5069529078125 0.9091095671874999 0.5396234984375 0.8538384015625 0.5808781234375 0.5430326765625 0.6298754062499999 0.5356816640625001 0.59099864375 0.45396709062499996 0.6096773859375 0.336034153125 0.6656878015625 0.2089025546875 0.6781431640625 0.10509535 0.6649281609375 0.050112331249999996 0.6330344171875 0.113062246875 0.5879041609375 0.30991848437499997 0.489905290625 0.36239837812500003 0.49534321875 0.41614962968749997
38 0.6726622171875001 0.4291227796875 0.6298754062499999 0.5356816640625001 0.6065269796874999 0.683097834375 0.6119649093749999 0.7368490875 0.6772931875 0.739640359375 0.6951864796875 0.6895844078125 0.6267508125 0.6560781343750001 0.6781001468750001 0.48287403281249996 0.6726622171875001 0.4291227796875
1 0.753501625 0.8121562703125 0.786970571875 0.5756745140625 0.7791978 0.5366648781250001 0.7387286265624999 0.7795936171875 0.753501625 0.8121562703125
0 0.8001726687499999 0.7439911375 0.8382940968750001 0.6291376203125 0.8157483265625001 0.55756533125 0.77139921875 0.7243224515625 0.8001726687499999 0.7439911375
46 0.8323566203125001 0.7456431109375 0.8398846640625001 0.6634118 0.84897855 0.744799684375 0.87312395625 0.6791043546875 0.8824347421875001 0.6145352109375 0.8615117250000001 0.6598851812500001 0.8550941234374999 0.5963010015625 0.8393521484375001 0.6494234249999999 0.8275973593750001 0.6362149828125 0.8214528109374999 0.7508679890625001 0.8323566203125001 0.7456431109375
40 0.8849479328125 0.7120839609375 0.8452728140625 0.811579978125 0.8670417359375 0.875473515625 0.9028369234375001 0.6998058781250001 0.8942916078125001 0.6153396250000001 0.86395155625 0.6936470406249999 0.8872870781250001 0.659564475 0.8849479328125 0.7120839609375