11 0.08431372499999999 0.4727272734375 0.05490196093750001 0.409090909375 0.05490196093750001 0.6454545453125 0.094117646875 0.7 0.1549019609375 0.58181818125 0.1607843140625 0.48181818125 0.11960784375 0.43636363593749994 0.09607843125 0.2363636359375 0.0607843140625 0.2545454546875 0.0431372546875 0.31818181874999996 0.0490196078125 0.38181818125 0.0725490203125 0.309090909375 0.10588235312500001 0.3727272734375 0.08431372499999999 0.4727272734375
51 0.198039215625 0.5272727265625 0.213725490625 0.5272727265625 0.221568628125 0.61818181875 0.2627450984375 0.5727272734375 0.2313725484375 0.5545454546874999 0.24117647031249997 0.45454545468749996 0.18235294062500002 0.4727272734375 0.18039215625 0.6454545453125 0.1921568625 0.6454545453125 0.198039215625 0.5272727265625
38 0.3529411765625 0.48181818125 0.3470588234375 0.41818181875000004 0.286274509375 0.51818181875 0.29607843125 0.6 0.3411764703125 0.609090909375 0.37254902031250003 0.5727272734375 0.3254901953125 0.5727272734375 0.3529411765625 0.48181818125
59 0.4588235296875 0.6454545453125 0.41960784375 0.609090909375 0.4509803921875 0.5 0.4450980390625 0.4 0.38823529375 0.390909090625 0.393321078125 0.4231520546875 0.430269984375 0.452427909375 0.382352940625 0.509090909375 0.41960784375 0.51818181875 0.40196078437500005 0.6545454546875 0.4588235296875 0.6454545453125
54 0.515686275 0.61818181875 0.501960784375 0.4272727265625 0.490196078125 0.4454545453125 0.498039215625 0.6454545453125 0.521568628125 0.6636363640625 0.5607843140625 0.51818181875 0.5549019609375 0.43636363593749994 0.515686275 0.61818181875
39 0.5294117640625 0.8454545453125 0.5686274515624999 0.9363636359375 0.6 0.8272727265625001 0.6039215687499999 0.5363636359374999 0.6313725484375 0.51818181875 0.6039215687499999 0.4272727265625 0.6392156859375 0.28181818125 0.6333333328124999 0.0363636359375 0.5921568625 0.2636363640625 0.5803921562500001 0.8272727265625001 0.5588235296875 0.890909090625 0.5294117640625 0.8454545453125
42 0.6529411765625001 0.3272727265625 0.6431372546875 0.3545454546875 0.6627450984375 0.409090909375 0.6529411765625001 0.3272727265625
42 0.6372549015625 0.43636363593749994 0.6392156859375 0.6454545453125 0.6549019609375 0.6636363640625 0.6372549015625 0.43636363593749994
45 0.690196078125 0.51818181875 0.6980392156249999 0.7363636359375 0.713725490625 0.7727272734375 0.7254901953124999 0.6454545453125 0.7098039218750001 0.6454545453125 0.69607843125 0.1454545453125 0.690196078125 0.51818181875
27 0.78039215625 0.5545454546874999 0.8 0.5363636359374999 0.794117646875 0.45454545468749996 0.7647058828125 0.51818181875 0.7921568625 0.6454545453125 0.7725490203125001 0.71818181875 0.784313725 0.7363636359375 0.81176470625 0.6454545453125 0.78039215625 0.5545454546874999
26 0.886274509375 0.5727272734375 0.8235294124999999 0.48181818125 0.8294117640625001 0.8363636359375001 0.9078431374999999 0.8 0.9921568625000001 0.8818181812500001 0.9235294125 0.7636363640625 0.8607843140625 0.7636363640625 0.886274509375 0.5727272734375