21 0.177280965625 0.8478043906250001 0.20429496249999998 0.880046659375 0.1524245484375 0.72047275 0.09973050624999999 0.3476449484375 0.120449246875 0.6947661828125 0.0610550796875 0.41758550625 0.0656475265625 0.5770378921875 0.08344885156250001 0.7407949578124999 0.0902626703125 0.7399583265625 0.0782601640625 0.55770966875 0.11650294218749999 0.7189568421875 0.1278593078125 0.7175624546875 0.1277456140625 0.622751959375 0.177280965625 0.8478043906250001
34 0.20915646250000003 0.55349068125 0.238732909375 0.709875415625 0.24710806562499998 0.590316509375 0.2291153671875 0.6221583765625 0.200312646875 0.51901739375 0.20221506250000001 0.6847266015625 0.1878137015625 0.6331561109375 0.1771811625 0.5277841125 0.19272510468749998 0.46661027187500004 0.17126865 0.45146520937499995 0.17036734375 0.52862074375 0.1912774578125 0.6801430421875 0.209625121875 0.707522875 0.20915646250000003 0.55349068125
57 0.260313428125 0.586328940625 0.26995700624999996 0.664869584375 0.263587225 0.730766615625 0.28130189687499996 0.742544709375 0.2792816265625 0.6451204859375 0.29231428125000003 0.736541359375 0.317621653125 0.7659915671874999 0.328585165625 0.722785871875 0.3198672921875 0.6959499296875 0.30229443906250003 0.7074095875 0.28429610156249996 0.6491557828125 0.2903822171875 0.5367830390624999 0.280397321875 0.47754530781250004 0.27107744375 0.5856639078125 0.260313428125 0.586328940625
42 0.334768971875 0.6848180390625 0.35614288906249997 0.7705637359375 0.3502821375 0.7154706203125001 0.337533065625 0.67052546875 0.32838968281250003 0.5739758546875 0.3113747 0.5016481265625 0.3289570375 0.6669274859375001 0.321085290625 0.6898862609374999 0.3310703359375 0.7503870953125 0.334768971875 0.6848180390625
46 0.3633982609375 0.61618788125 0.346427409375 0.4926929953125 0.34176868437499996 0.5269817703124999 0.373246078125 0.740557365625 0.3773607390625 0.5679629640625 0.383265621875 0.57188893125 0.40290762031250005 0.6950558421874999 0.41748158437500005 0.6886153875 0.40880302031250004 0.52224279375 0.44236342031250003 0.6483517234375 0.43659561875 0.5792940125 0.394738109375 0.4076932875 0.40159178124999995 0.6254514875 0.37370149375 0.49399535781250004 0.3633982609375 0.61618788125
34 0.44894626562499995 0.6662848765625 0.47070778593749996 0.5806415 0.512719384375 0.6880871640625 0.4623678078125 0.538921240625 0.44441761093750004 0.441632846875 0.42899820312500003 0.4732525953125 0.437057453125 0.5788467140625 0.44894626562499995 0.6662848765625
21 0.5233658140624999 0.5682493796875 0.531790871875 0.6087006109375 0.532401003125 0.40712373125 0.5568386624999999 0.5404333171875 0.5780538421875 0.5911671765625 0.5732839109375 0.4021039421875 0.6091916265624999 0.628829634375 0.617090515625 0.6367605546874999 0.6135566875 0.59866103125 0.558946340625 0.28533380625000004 0.5723188140625 0.544459121875 0.5200934312500001 0.3256635125 0.5233658140624999 0.5682493796875
54 0.6672928875 0.448644671875 0.649245653125 0.35318832499999997 0.6493433390625001 0.4275932328125 0.6501014125 0.5809851609375001 0.633321225 0.5179308 0.615645940625 0.366616034375 0.5992823703125 0.348942953125 0.6417161 0.6378274734375 0.6583055953125 0.64044175 0.6672928875 0.448644671875
49 0.709737753125 0.4149821578125 0.687532121875 0.3484873375 0.6683223953125 0.33116939843750004 0.657210196875 0.3150018421875 0.682951140625 0.572360878125 0.7038127859375 0.709271075 0.7163711421875 0.6937759203125 0.6943075046875 0.5709664921875001 0.7120515109375 0.540821284375 0.709737753125 0.4149821578125
52 0.7271342109375001 0.3595073859375 0.7251541140625 0.48420760781250005 0.7686632609374999 0.538130640625 0.7357866546875 0.5895796078125 0.7553905921874999 0.5990256015625001 0.7769108359375 0.548971021875 0.7647807484375 0.49712165312499995 0.72910041875 0.46001694843749996 0.7271342109375001 0.3595073859375
2 0.8183899859375 0.5675841359375 0.8415214687500001 0.55881741875 0.8823405859375001 0.618997275 0.848754046875 0.5520028421875 0.8562916875000001 0.44439982499999997 0.8384265703124999 0.345842403125 0.8165513593749999 0.33667528281250003 0.804293690625 0.41522520625 0.81726129375 0.4551186828125 0.8280214156250001 0.43009139375 0.8239614187500001 0.35947155625 0.836751540625 0.36975418437499996 0.8488816281249999 0.42160355312500003 0.8473840796875001 0.475126184375 0.8183899859375 0.5675841359375
0 0.9457131000000001 0.6330589078125 0.9270985921875001 0.44465091718750005 0.8934453250000001 0.332506559375 0.8784402578125 0.3913629234375 0.914500846875 0.5996827328125 0.9457131000000001 0.6330589078125