21 0.10411899375 0.6705882359374999 0.115560640625 0.5764705875 0.137299771875 0.8058823531250001 0.160183065625 0.8411764703125 0.128146453125 0.6764705875 0.1212814640625 0.3 0.099542334375 0.6470588234375 0.074370709375 0.3647058828125 0.0594965671875 0.5235294125000001 0.0572082375 0.68823529375 0.0640732265625 0.68823529375 0.074370709375 0.505882353125 0.0926773453125 0.6705882359374999 0.10411899375 0.6705882359374999
34 0.1716247140625 0.6411764703125 0.18649885625 0.6705882359374999 0.2048054921875 0.517647059375 0.21510297500000003 0.6764705875 0.23798627031250003 0.5588235296875 0.21624713906249998 0.58823529375 0.2002288328125 0.48235294062499995 0.181922196875 0.6470588234375 0.17391304375 0.594117646875 0.1762013734375 0.48823529375 0.19908466875 0.42941176406250003 0.17963386718750002 0.41176470624999995 0.169336384375 0.48823529375 0.1716247140625 0.6411764703125
57 0.2847707453125 0.45094984687500006 0.26234399375 0.557126740625 0.25157916406249997 0.5564750125 0.25157916406249997 0.6356054828125 0.23722603437499998 0.7002350468749999 0.253373275 0.7140842234375 0.2632410890625 0.6171399765625 0.2650351984375 0.70946769375 0.28656485625 0.7417825765625 0.3027120984375 0.7002350468749999 0.297329684375 0.6725366937499999 0.27849123593749997 0.681769340625 0.2677264078125 0.62175630625 0.2874619515625 0.5109628828125 0.2847707453125 0.45094984687500006
42 0.2992775796875 0.6666666593749999 0.30181500156249996 0.7279334000000001 0.31347692656250004 0.6633038359375 0.32424175312500003 0.7510152234375 0.3251388484375 0.6956185171875 0.3179622421875 0.649454659375 0.3206534515625 0.5525104125 0.31257982812499996 0.4786482 0.309888621875 0.644838340625 0.2992775796875 0.6666666593749999
46 0.38703661093749997 0.612523446875 0.3753746859375 0.4786482 0.350256728125 0.5986742703125 0.348462615625 0.4740316703125 0.339659865625 0.50749710625 0.3448743140625 0.7233168703125 0.369992271875 0.5525104125 0.3753746859375 0.557126740625 0.3798600046875 0.681769340625 0.39511023125 0.6771530125 0.40677207343750005 0.5109628828125 0.4247135078125 0.6402218000000001 0.427404715625 0.5709759171875 0.40677207343750005 0.3955531296875 0.38703661093749997 0.612523446875
34 0.43278712812500003 0.4647990234375 0.4279176203125 0.5705882359375 0.429061784375 0.6588235296875 0.4610983984375 0.5764705875 0.48970251718749996 0.68823529375 0.45790500625 0.5340449171875 0.4519450796875 0.4352941171875 0.43278712812500003 0.4647990234375
21 0.5663615562500001 0.5529411765625001 0.54118993125 0.3294117640625 0.5148741421875 0.5705882359375 0.5183066359375 0.61176470625 0.5434782609375 0.41176470624999995 0.5514874140625 0.5470588234375 0.5663615562500001 0.6 0.5846681921875 0.41176470624999995 0.5926773453124999 0.6411764703125 0.5995508218750001 0.65001090625 0.6006864984375 0.61176470625 0.5846681921875 0.294117646875 0.5663615562500001 0.5529411765625001
54 0.6238628265624999 0.6540709765625 0.6400100656250001 0.6586875171875 0.6723045515625 0.469415340625 0.666025040625 0.37247110625 0.657054321875 0.4463333171875 0.6391129703125 0.5986742703125 0.6301422546875 0.5340449171875 0.63103935 0.381703953125 0.6169515578125 0.3621683875 0.6238628265624999 0.6540709765625
49 0.6842105265625 0.594117646875 0.7054960484375 0.5663595875 0.7185354687500001 0.44117647031249996 0.7045990343749999 0.37247110625 0.6876430203125 0.3529411765625 0.6785839796875 0.33553989375 0.6727688781250001 0.594117646875 0.6767898671875 0.7325497296875 0.6911430000000001 0.7187005531249999 0.6842105265625 0.594117646875
52 0.7631578953125 0.5294117640625 0.732265446875 0.48823529375 0.7425629296875 0.38823529375 0.7254004578125001 0.5117647062499999 0.7620137296875 0.5705882359375 0.723112128125 0.6176470593750001 0.7414187640625001 0.6294117640625 0.76887871875 0.582352940625 0.7631578953125 0.5294117640625
2 0.855835240625 0.4647058828125 0.8478260875 0.517647059375 0.8077803203125 0.6058823531249999 0.8318077796875001 0.6 0.8649885578125 0.6647058828125 0.839816934375 0.594117646875 0.8604119000000001 0.48823529375 0.8546910750000001 0.38823529375 0.834096109375 0.3764705875 0.8123569796875 0.45294117656250005 0.8203661328124999 0.49411764687500004 0.834096109375 0.4705882359375 0.8386727687500001 0.4 0.8501144171874999 0.41176470624999995 0.855835240625 0.4647058828125
0 0.88885895 0.43829295312500005 0.8992629515624999 0.649454659375 0.9261750203125001 0.6863858703125 0.9306604203125 0.49711370625000006 0.9109249593750001 0.381703953125 0.88885895 0.43829295312500005