21 0.1413622359375 0.70197990625 0.108252709375 0.32690525937500003 0.110776134375 0.6746351109375001 0.0659698796875 0.3947258515625 0.062210940625 0.5542000625 0.0714174859375 0.7186643546875 0.078265753125 0.7181854765625 0.075817853125 0.535558421875 0.105569196875 0.698586084375 0.1169829734375 0.6977879546875 0.12183143437499999 0.60310144375 0.159520565625 0.8304379281250001 0.184810109375 0.8640498125 0.1413622359375 0.70197990625
34 0.2427278453125 0.5769573921875 0.2230933296875 0.60781395625 0.19972806406250002 0.5033069078125 0.1929553234375 0.66888858125 0.181272690625 0.6166350578124999 0.176169465625 0.510851003125 0.194893696875 0.45057450625 0.1742592796875 0.4343272546875 0.1693212 0.5113298796875 0.1822725921875 0.6637388734375 0.19916216250000002 0.6920414265625 0.20675556718750002 0.5381958 0.2281069359375 0.6959141265625 0.2427278453125 0.5769573921875
57 0.2518338296875 0.7180774703125 0.26890780625 0.7307665359375 0.27198909375 0.633370096875 0.28021928906250004 0.7253477562499999 0.30395067343750004 0.7560820890625 0.317160371875 0.7135093921875 0.3098589296875 0.6862539703125 0.2917104078125 0.6967782296875 0.27678550468749996 0.6376623 0.288744415625 0.5257620828125 0.2818734671875 0.4660829640625 0.266907871875 0.573565628125 0.256123803125 0.5736664031250001 0.26164366562499997 0.652604115625 0.2518338296875 0.7180774703125
42 0.339210459375 0.707339696875 0.3288311078125 0.6617889078125 0.324753271875 0.5648930828125 0.3115469484375 0.49177398281249995 0.32045513593749997 0.6577470203125 0.3113926078125 0.68026235625 0.3181976 0.7412028515625 0.3253227875 0.675917228125 0.34217982812500003 0.7626640390625 0.339210459375 0.707339696875
46 0.3405734171875 0.51866360625 0.3608299890625 0.733593903125 0.37397190468749997 0.5614513796875 0.3796632265625 0.5656810046875 0.39283224843750003 0.6897071015625 0.40772330625000003 0.6840382171875 0.4077639046875 0.5174394296875 0.4346782796875 0.6451319468750001 0.432532584375 0.5758670140625 0.3997133265625 0.40231080781250006 0.3951610234375 0.6201292734375 0.374188840625 0.48739363437499994 0.35750466406250003 0.6088794671875 0.34702029375 0.4846656421875 0.3405734171875 0.51866360625
34 0.5028582312500001 0.688495078125 0.46038240156250004 0.5368983843749999 0.44754848437500006 0.43880387968749995 0.43049535937499994 0.46957330468749997 0.43301719531250005 0.5754444984375 0.44031355625 0.66338504375 0.46652747968749997 0.5789979468750001 0.5028582312500001 0.688495078125
21 0.5372173671875 0.40894675312500006 0.5546446515625 0.5433526093750001 0.57317555 0.59512725625 0.5783069625 0.40607348906249996 0.6022995609375 0.6343677265625 0.609772553125 0.6427011734375 0.6082375437499999 0.6044689171875001 0.5701003171875 0.2887130109375 0.5698928921874999 0.548183065625 0.5291899609375 0.32695404375 0.5197618953124999 0.56937871875 0.526058353125 0.6102154468750001 0.5372173671875 0.40894675312500006
54 0.652928146875 0.435508490625 0.6456572671874999 0.5887298750000001 0.6322000875 0.5248837203125001 0.6224682296874999 0.3728512734375 0.607052021875 0.354346009375 0.6343085515625 0.6450554328125 0.6507384890625 0.648534353125 0.6697513484375001 0.4574704859375 0.6567246453125 0.3612004390625 0.652928146875 0.435508490625
49 0.6769276265624999 0.3402100890625 0.6666768015625 0.323483121875 0.6789133374999999 0.5818366328125 0.692581065625 0.7196510125 0.7059331640625001 0.7048343484374999 0.6903271140625 0.5810385046875 0.70962448125 0.5518632593749999 0.7138998046875 0.4260754984375 0.695204675 0.358509653125 0.6769276265624999 0.3402100890625
52 0.7662994640624999 0.5521391328125 0.7307752828125 0.6017969625 0.7498579890625 0.6122560015625 0.7739683937499999 0.5633963015625 0.7645685171875 0.5109831515625001 0.7308789953125 0.47206193281250003 0.734175746875 0.37158721250000004 0.7256720578125 0.49601290625 0.7662994640624999 0.5521391328125
2 0.875588765625 0.638844353125 0.845554471875 0.57018395 0.858713290625 0.4631228890625 0.8460307531250001 0.36376554843750003 0.8246652921875001 0.3534661328125 0.8083134359375 0.4312668875 0.8191754046874999 0.4717843640625 0.8312306078124999 0.447354515625 0.8308721312499999 0.3766189765625 0.8431065734375001 0.38755689531250004 0.8525064499999999 0.4399700453125 0.8482097968750001 0.49334095 0.8144165624999999 0.5841547593749999 0.8379751593749999 0.5766106640625 0.875588765625 0.638844353125
0 0.9016720515625 0.353327440625 0.88360724375 0.4113178390625 0.908715796875 0.6212394203125 0.9381385 0.6562033765625 0.929410015625 0.467079384375 0.9016720515625 0.353327440625