26 0.1150720359375 0.524318171875 0.112037296875 0.437414621875 0.10186862968749999 0.40514114687499997 0.06574606875 0.406402575 0.0518330296875 0.4395170015625 0.0684750421875 0.7434691890625 0.0805158953125 0.7430487125 0.0808707125 0.6669029859375 0.1057111046875 0.6877879234375001 0.11249021562499999 0.709303571875 0.12453106875 0.7088830953125 0.13131018125 0.730398746875 0.15200233125 0.7187999703125 0.1478540921875 0.6863162578125 0.123772384375 0.687157209375 0.116993271875 0.665641559375 0.1049524203125 0.666062034375 0.09478375156249999 0.6337885609375 0.1150720359375 0.524318171875
34 0.157215021875 0.52284650625 0.154229334375 0.6099602953125001 0.1489675921875 0.63189641875 0.1565053875 0.6751379562500001 0.20203793124999997 0.6844241156249999 0.20881704375000001 0.7059397656249999 0.2114479125 0.694971703125 0.1940962671875 0.543310965625 0.165107634375 0.48994231875 0.157215021875 0.52284650625
46 0.274234 0.507883921875 0.26219314531250004 0.5083043984375 0.25693140468750003 0.5302405234374999 0.22607058593749998 0.5095658265624999 0.2241984 0.5422597765625 0.24301836406250002 0.56335495 0.24832915781249998 0.7154361625 0.2663904390625 0.7148054484374999 0.26371051562500003 0.5517561734374999 0.2859200359375 0.5836091718749999 0.2915856453125 0.6595446593750001 0.30023694375 0.648366359375 0.30661218749999997 0.5720103953125 0.3126326140625 0.5718001562499999 0.326949521875 0.6365573437500001 0.3416212453125 0.62516880625 0.3212839109375 0.5606218578125 0.31713567187499997 0.52813814375 0.29381265 0.550704984375 0.274234 0.507883921875
48 0.3445319765625 0.5215516453125 0.3399939890625 0.6216701375 0.345801559375 0.6601615578125 0.35851706875 0.6919628171875 0.38381116406250004 0.67495688125 0.3884616140625 0.5780589234375 0.37695894218750003 0.5042966234375 0.360010390625 0.479092440625 0.3445319765625 0.5215516453125
51 0.38862210625000004 0.5038894015625 0.3747090671875 0.537003828125 0.3837642328125 0.623697140625 0.39054334375 0.645212790625 0.3928193984375 0.7103904515624999 0.40486025156250005 0.7099699765625 0.4018255125 0.6230664265625 0.3942877171875 0.5798248890625 0.40142164375 0.5251948125 0.4134624984375 0.5247743375 0.423631165625 0.5570478125 0.42666590312499997 0.6439513625 0.43683457187499997 0.6762248375000001 0.439465440625 0.6652567734375 0.431927646875 0.6220152359375 0.4288929078125 0.5351116859375 0.4187242390625 0.5028382125 0.38862210625000004 0.5038894015625
42 0.44953600624999995 0.349495571875 0.44842250625 0.403915409375 0.45859117187500004 0.43618888437500003 0.46724247031250005 0.42501058281250004 0.4589459890625 0.36004315781249996 0.44953600624999995 0.349495571875
42 0.4744745015625 0.718415184375 0.48312579843750003 0.7072368828125 0.4763466875 0.685721234375 0.4684050234375 0.544608084375 0.459753725 0.5557863843749999 0.4620297796875 0.620964046875 0.45413716718749997 0.653868234375 0.44209631250000003 0.6542887109375 0.4353172015625 0.6327730609375 0.43268633124999994 0.643741125 0.433445015625 0.6654670109375 0.44361368125 0.6977404859375 0.46693670468750004 0.675173646875 0.4744745015625 0.718415184375
45 0.5237514156249999 0.6623134421875 0.516972303125 0.64079779375 0.5124201953124999 0.51044246875 0.505641084375 0.4889268171875 0.50336503125 0.42374915625 0.4931963625 0.39147568125 0.494358915625 0.5110731828125 0.5011380265625001 0.53258883125 0.5056901359375 0.66294415625 0.515858803125 0.69521763125 0.5184896734375 0.68424956875 0.5237514156249999 0.6623134421875
49 0.60844125625 0.757241725 0.611072128125 0.7462736624999999 0.6087960734375 0.6810959999999999 0.6132991296875 0.6374339875 0.6339912812499999 0.625835209375 0.6418838953125 0.592931021875 0.639607840625 0.5277533578125 0.6226600624999999 0.4739642359375 0.6045987828125 0.47459495 0.5940752984375 0.5184671984375 0.5794035734375 0.5298557374999999 0.5861826859375 0.5513713874999999 0.5982725890625 0.7249682515625 0.60844125625 0.757241725
45 0.650486140625 0.4077353828125 0.6444657140625 0.4079456203125 0.6433522125 0.46236545937500007 0.6501313234375 0.48388110781250004 0.6554421171875 0.635962321875 0.665610784375 0.6682357953125 0.67426208125 0.65705749375 0.6674829718749999 0.6355418453125 0.660654809375 0.44000885624999997 0.650486140625 0.4077353828125
54 0.731835478125 0.665923178125 0.740486775 0.6547448765625 0.7269285515624999 0.611713578125 0.720504259375 0.5140522015625 0.71448383125 0.514262440625 0.7081085875 0.5906184046875 0.6994572906250001 0.6017967046875 0.69379168125 0.5258612171875 0.6836230125 0.49358774375000003 0.68099214375 0.50455580625 0.6847855671875 0.61318524375 0.6949542328125 0.6454587171874999 0.7182772546875 0.622891878125 0.731835478125 0.665923178125
52 0.7649232984375 0.5777582 0.7750919656249999 0.610031675 0.7773680203125 0.6752093375 0.7668445375 0.7190815890625 0.7849058171875 0.718450875 0.7901675578125 0.6965147484374999 0.786374134375 0.5878853109375 0.76264724375 0.5125805375 0.7513650765625 0.5347269015625 0.736338534375 0.622261165625 0.7276872375 0.633439465625 0.731835478125 0.665923178125 0.74387633125 0.6655027015625 0.7517689437499999 0.6325985140625 0.751010259375 0.6108726265625 0.7589028734375 0.5779684375 0.7649232984375 0.5777582
2 0.8578605703125 0.56363656875 0.8593779406250001 0.60708834375 0.8695466062499999 0.6393618171875 0.9022796109375 0.627342565625 0.880828775 0.6172154546875 0.8706601078125 0.58494198125 0.8699014234375 0.5632160921875 0.88042490625 0.519343840625 0.878148853125 0.4541661796875 0.8679801859375 0.42189270468749995 0.8559393328124999 0.42231318125 0.8480467203125001 0.45521736874999996 0.8582153859374999 0.48749084375 0.863477128125 0.46555471875 0.86762536875 0.4980384296875 0.8578605703125 0.56363656875
5 0.9827721609375001 0.515769796875 0.9850482140624999 0.580947459375 0.9703764906250001 0.5923359968749999 0.9575769515625 0.5710305859375 0.9557047671875001 0.6037245359375001 0.9658734328125 0.6359980109375 0.9925860109375 0.624188996875 0.9970890671875001 0.5805269843749999 0.9940543281249999 0.493623434375 0.9838856625 0.461349959375 0.9650656984375001 0.440254784375 0.9616761421875 0.42949695937500004 0.972199625 0.385624709375 0.9567692171875001 0.3752873609375 0.9436148624999999 0.43012767343749997 0.9443735468750001 0.45185356250000003 0.9545422125 0.48412703593749995 0.9726034921875 0.48349632187499997 0.9827721609375001 0.515769796875