28 0 0.31744210625 0.017757878125 0.3357709953125 0.0645207453125 0.668506090625 0.0769553453125 0.7184093890625001 0.026177975 0.3328349609375 0.0695587046875 0.34845025625 0.06426135625 0.304286465625 0 0.26236738593750003 0 0.31744210625
34 0.10912173750000001 0.4875943796875 0.13006362968750002 0.5395391875 0.146395846875 0.5522132656250001 0.1343721 0.4990151140625 0.1150850515625 0.47178686875000003 0.10512448593749998 0.43326840000000005 0.0931760296875 0.40001883281249995 0.0767903265625 0.43226055625 0.0896522703125 0.5302491921875 0.1105188484375 0.5622451953125001 0.10912173750000001 0.4875943796875
35 0.13807830625 0.2989018953125 0.1313737484375 0.354732159375 0.1535713484375 0.5175198484375 0.16397456875 0.5996407687499999 0.18965498593750002 0.6658890421875 0.21380941562500003 0.6824535265625 0.2304527671875 0.6002775625 0.211552225 0.49814784999999995 0.186022409375 0.47179696875 0.184668775 0.526875209375 0.208028471875 0.6283782296875 0.1779642625 0.5827052234375001 0.16772424375 0.5292566078125 0.1696149078125 0.439174303125 0.15777358125000002 0.316093071875 0.13807830625 0.2989018953125
22 0.43722853281249996 0.6116747625000001 0.3904533890625 0.2909896453125 0.423189803125 0.548195990625 0.3310026046875 0.280644396875 0.3265047734375 0.3093272921875 0.3707026375 0.6116741125 0.34388900312500004 0.372335884375 0.43722853281249996 0.6116747625000001
48 0.4467197984375 0.4607367671875 0.45421973437499996 0.5089875328125 0.47330262031250003 0.5412342156250001 0.4817908203125 0.48515350156250003 0.4698960078125 0.4069880921875 0.44771100312499995 0.27359235625 0.42879033125 0.24820071718749998 0.42383255468750003 0.31865557187500004 0.4467197984375 0.4607367671875
51 0.474870471875 0.30649293437499997 0.5163894375 0.55014818125 0.5270159921875 0.52869555 0.5074277703125001 0.42167275625 0.5260053921875001 0.3791432828125 0.514873490625 0.3258197703125 0.4985631078125 0.3780103 0.488527146875 0.3195430359375 0.474870471875 0.30649293437499997
42 0.5540484218749999 0.52045475625 0.5692394828125 0.5557208109375 0.5448916359375 0.41888885 0.5540484218749999 0.52045475625
42 0.5441529843749999 0.281786471875 0.5226567734375 0.2113213296875 0.54272403125 0.31691590468749997 0.5441529843749999 0.281786471875
54 0.6015206562500001 0.528204296875 0.6158650109375 0.546147496875 0.6228490234375 0.5052473984375 0.640556546875 0.5277079046875001 0.6435650265625 0.49734622812499996 0.6315412828125 0.44414805468749996 0.6269533578125001 0.46974198281249996 0.6130707937500001 0.396845884375 0.6095787703125 0.417295821875 0.6109005953125 0.4719980515625 0.6006823765625 0.48341382499999996 0.58947519375 0.41014174375 0.57962450625 0.41276075624999997 0.6015206562500001 0.528204296875
46 0.6597465578125 0.47012292499999997 0.6321319578125 0.3642281671875 0.6368598234375 0.4121970609375 0.65941361875 0.5001085796875 0.674725134375 0.537875246875 0.6824503453124999 0.4569526453125 0.6926903656250001 0.5104012796874999 0.70634711875 0.5234513703125 0.7049500140625 0.448800571875 0.720336815625 0.5065158234375 0.7317263656249999 0.509905078125 0.6997814609375 0.3796697671875 0.6936357765625 0.46536010625 0.674198078125 0.39823471875 0.670373115625 0.44867029374999995 0.6597465578125 0.47012292499999997
5 0.788952028125 0.2256340578125 0.7499583546874999 0.20306349531249998 0.7542332015625 0.342716534375 0.7806130921875 0.3483593390625 0.7972291015625 0.4301764078125 0.7722741578125001 0.47108461718749994 0.8041927187500001 0.5039997781250001 0.8072656015625 0.4287658703125 0.791033703125 0.33754456093749996 0.7606515843749999 0.2670124484375 0.788952028125 0.2256340578125
40 0.9864358062499999 0.6840927984375 0.9714677328124999 0.4804908078125 0.9456949359375001 0.2971078328125 0.9156969265624999 0.2171714796875 0.8997097546875 0.2168468046875 0.9029716531249999 0.2844116875 0.9195876609375 0.36622875781249997 0.94415849375 0.3347247859375 0.9752469749999999 0.713716053125 0.9417919734375 0.718417846875 0.8906801234374999 0.58534731875 0.9343327515625001 0.7381666828125 0.9766719234375 0.7602670640625 0.9864358062499999 0.6840927984375
46 0.86713864375 0.2664928109375 0.851447184375 0.25348521874999996 0.8471886921875 0.2784242953125 0.8451512390625 0.31522144218750003 0.8330827093750001 0.25302365937500004 0.8247228062499999 0.27245396875 0.8234780796875001 0.303054521875 0.8151834546875 0.26770945468749996 0.8079897109375 0.271763134375 0.8205560734375 0.321720584375 0.83183188125 0.390114978125 0.8398643265624999 0.392028609375 0.8326440234374999 0.3169792171875 0.8380819171875 0.3162149703125 0.852122625 0.396391 0.86086918125 0.40733197031249996 0.8561648156249999 0.35018440625 0.863686115625 0.324786771875 0.8699626625000001 0.329989825 0.8783491234374999 0.389662590625 0.8938834703125 0.4331178828125 0.8808844578125001 0.340625103125 0.86713864375 0.2664928109375