28 0 0.340842409375 0.0123201359375 0.352701046875 0.0706668046875 0.6836014484375 0.08483543125000001 0.7330403859375 0.020632637500000002 0.34947294375000004 0.064531909375 0.3635647609375 0.057696492187500004 0.3196127484375 0 0.28478425625 0 0.340842409375
34 0.090957925 0.5445516953125 0.11292843593749999 0.5757999734375 0.10892690000000001 0.501243390625 0.1316688828125 0.55242569375 0.14843346875000002 0.5645220656250001 0.134560459375 0.51177594375 0.1143349078125 0.48523739375 0.103036134375 0.4470900078125 0.0899345640625 0.414277690625 0.07468406250000001 0.447071625 0.090957925 0.5445516953125
35 0.16769338281249999 0.45074163125 0.151563796875 0.3281486328125 0.13128055624999999 0.3116552828125 0.12652853125000002 0.3676855234375 0.1543938171875 0.5295993609375 0.167656678125 0.6113071890625 0.195633484375 0.6766188718749999 0.2203512921875 0.6923302875 0.2341166046875 0.6096235390625 0.21166330000000003 0.508215659375 0.1852294046875 0.48277180781249995 0.185798796875 0.5378637390625001 0.21268666875000003 0.638489684375 0.181046809375 0.5938937265625001 0.1689476984375 0.5408350421875 0.16769338281249999 0.45074163125
22 0.3746787734375 0.6161184953125 0.3395286875 0.37786185 0.4411641640625 0.6137974265625 0.383225765625 0.29494009062500004 0.424918609375 0.55084726875 0.323450153125 0.28667594687500003 0.31995608125 0.315498340625 0.3746787734375 0.6161184953125
48 0.4200460421875 0.2508392890625 0.417550125 0.32142424687500004 0.44538198749999997 0.4626201375 0.45456128281249997 0.5105797671875 0.4747579375 0.542140821875 0.481283778125 0.48579803750000006 0.4666682765625 0.40809536562500004 0.43984134375000006 0.2755551375 0.4200460421875 0.2508392890625
51 0.4943066046875 0.378134759375 0.482236278125 0.3200533625 0.46813248124999995 0.307487821875 0.5181296 0.5495456484375 0.52800099375 0.527735225 0.5046896640625 0.42146124687500003 0.5217717125 0.37830932968750003 0.508785628125 0.32540679843750003 0.4943066046875 0.378134759375
42 0.5711419328125 0.5532704453124999 0.54203355 0.417371565625 0.5547293578125 0.5185560328125 0.5711419328125 0.5532704453124999
42 0.5125682312500001 0.210706475 0.5363084625 0.3155363875 0.5365105453125001 0.280378484375 0.5125682312500001 0.210706475
54 0.5862846796875 0.40707384375 0.5765313953125 0.41003504375000005 0.602443128125 0.5246440953125 0.617404953125 0.5420757546875 0.6229573187499999 0.5009568328125 0.641437915625 0.5227856734375 0.6433849546875 0.492337496875 0.629511946875 0.4395913546875 0.6258200328125 0.46532980625000003 0.6094018875 0.392962609375 0.606625684375 0.41352195937499997 0.6098557828125 0.46814473437500004 0.6000421953124999 0.47991016406250003 0.5862846796875 0.40707384375
46 0.6705404046875 0.3922172859375 0.6684779484375001 0.4427556265625 0.65860655 0.46456605156249997 0.627313096875 0.35969953593750004 0.6337121734375 0.407474209375 0.659320296875 0.49454505937500004 0.6759405234375 0.5317543546875 0.6808368703125 0.45061144375 0.6929359828125 0.503670146875 0.7070398578125 0.5162356734375 0.7030383296875 0.441679109375 0.7204299921875 0.4988222109375 0.7319308859375 0.5018119109375 0.6954602953125 0.372770796875 0.692308903125 0.4586234171875 0.6705404046875 0.3922172859375
5 0.7851868015625 0.3274865953125 0.752361653125 0.25805776874999997 0.779200771875 0.21571691406250001 0.7394431531250001 0.1945209609375 0.748589215625 0.3339397375 0.7751499671875 0.3386584578125 0.7946112296875001 0.41984579687499995 0.7710991640625 0.4616000015625 0.804147003125 0.49338116875000004 0.8045923890625 0.4180858484375 0.7851868015625 0.3274865953125
40 0.942380065625 0.722863603125 0.9854647375000001 0.74347290625 0.9925642296875001 0.6670042890625 0.970499665625 0.46404870625 0.9383425953125 0.2816769 0.9055731218749999 0.20283615781250003 0.8895843593749999 0.203069625 0.89520225 0.270479509375 0.9146635109375 0.35166685000000003 0.9381199015625 0.319324559375 0.98241605 0.6969999828125 0.94914551875 0.702866475 0.8934207093750001 0.5716607875 0.942380065625 0.722863603125
46 0.891309375 0.41941229062499996 0.8750903296875 0.3274295140625 0.858765709375 0.253822103125 0.8426298515624999 0.24137005937499997 0.8392443125 0.2664425625 0.8384923046875 0.3032884 0.8242604546875001 0.2415496921875 0.8165837515625001 0.26125992187499997 0.816407728125 0.29188527343750004 0.8068846296875 0.256851215625 0.7998367390625 0.26115348437499997 0.8141389374999999 0.3106419421875 0.82779480625 0.37860115156249996 0.8358891421875001 0.3802332890625 0.8260540531249999 0.3054815984375 0.8314619609375 0.3045280390625 0.8482922203125 0.3841652140625 0.8574152828124999 0.39479426875 0.8507193609374999 0.337845696875 0.8573497140624999 0.31220104531250004 0.8638040218749999 0.3171818796875 0.8742679234375 0.37652561093750003 0.891309375 0.41941229062499996