26 0.0941341859375 0.4472768546875 0.05834136250000001 0.4523072078125 0.047965940624999995 0.4866945375 0.0962884421875 0.7872420796874999 0.10821938125 0.7855652953125001 0.100612859375 0.7097996140625 0.12750024375 0.7279736140625 0.136491215625 0.7486627875 0.14842215625 0.746986003125 0.15741312968750001 0.767675178125 0.1767795234375 0.753977021875 0.1692585359375 0.72210486875 0.14539665468750002 0.7254584375 0.13640568125000002 0.7047692624999999 0.124474740625 0.7064460453125 0.11098828125 0.675412284375 0.11972265156249999 0.5644208828124999 0.10762064375 0.478310615625 0.0941341859375 0.4472768546875
34 0.1646775140625 0.6678667546875 0.1766939890625 0.710083496875 0.22294776875000002 0.7145593390625 0.23193874062500003 0.7352485125 0.23340872343750002 0.724065534375 0.20029926874999998 0.57504935 0.1658908953125 0.5250032 0.16148094531249998 0.5585521375 0.1676174828125 0.6455007968750001 0.1646775140625 0.6678667546875
46 0.26142395625 0.5554824484374999 0.2285711015625 0.53814684375 0.23012661875 0.570857390625 0.2510485328125 0.58986978125 0.272227046875 0.740562746875 0.290123459375 0.7380475703125 0.2704149265625 0.576171625 0.29583232656249997 0.6055286015625 0.3094043203125 0.6804558890625 0.316839775 0.66843451875 0.315198721875 0.5918304453125 0.32116419218750003 0.590992053125 0.3421716390625 0.6538979703125001 0.3555725640625 0.64103820625 0.328599646875 0.5789706828125001 0.321078659375 0.5470985265625 0.3002422796875 0.5719796640625 0.2762948640625 0.53143970625 0.26436392343750004 0.533116490625 0.26142395625 0.5554824484374999
48 0.363387715625 0.6754023015625 0.37935770468749996 0.70570021875 0.4027356328125 0.6861434890625 0.3972320125 0.5892902453125 0.37808209375 0.517134378125 0.3585918328125 0.493839871875 0.3476364078125 0.5376844171874999 0.3535885125 0.6377287984375 0.363387715625 0.6754023015625
51 0.39733085625000003 0.6351694609375 0.406321828125 0.6558586359375 0.41539833593750003 0.720441334375 0.42732927500000006 0.7187645500000001 0.4152272671875 0.632654284375 0.4032107921875 0.5904375421875 0.4045952421875 0.5353610375 0.4165261828125 0.533684253125 0.4300126421875 0.564718015625 0.44211465 0.6508282828125 0.455601109375 0.68186204375 0.4570710921875 0.6706790640625 0.44505461874999996 0.6284623234375 0.432952609375 0.54235205625 0.41946615 0.51131829375 0.3896388 0.5155102546875 0.379263378125 0.5498975859375 0.39733085625000003 0.6351694609375
42 0.4521479359375 0.44086685000000003 0.4595833921875 0.42884547812499996 0.44454141406250003 0.36510116875 0.43408045624999997 0.355594975 0.43866147812499995 0.4098330859375 0.4521479359375 0.44086685000000003
42 0.4958894171875 0.687176278125 0.47324091875 0.5476662906249999 0.4658054625 0.5596876625 0.4748819703125 0.6242703625 0.47047201875000005 0.6578193 0.45854107656250004 0.659496084375 0.4495501046875 0.6388069109375001 0.448080121875 0.649989890625 0.45110562343750005 0.6715174562499999 0.46459208125 0.7025512171875 0.48542846093750003 0.6776700828125 0.4974449359375 0.719886825 0.5048803890625 0.7078654531249999 0.4958894171875 0.687176278125
45 0.5134436906250001 0.509087 0.5044527203125 0.48839782343750004 0.49537621249999997 0.42381512499999996 0.48188975312500004 0.3927813625 0.4955472796875 0.5116021765625 0.504538253125 0.53229135 0.5226912671874999 0.6614567499999999 0.5361777265625001 0.6924905109374999 0.5376477093750001 0.6813075328125 0.5405876765625 0.6589415734374999 0.5315967046875001 0.6382524 0.5134436906250001 0.509087
49 0.6271297640625 0.66873165 0.6270442296875001 0.624838125 0.6464106234375 0.61113996875 0.6508205765625 0.57759103125 0.6417440703125 0.5130083296875 0.6192666390625 0.46128539375 0.601370228125 0.4638005703125 0.5954902921875 0.5085324875 0.5820893671875 0.5213922515625 0.591080340625 0.5420814265625 0.6212498265625 0.71346356875 0.6347362859375 0.7444973296875 0.6362062703125 0.73331435 0.6271297640625 0.66873165
45 0.6386330328125001 0.44758723749999996 0.6476240062499999 0.4682764125 0.668802521875 0.6189693796875 0.6822889812499999 0.650003140625 0.689724434375 0.63798176875 0.6807334625 0.6172925953124999 0.65350394375 0.42354449375 0.6400174843750001 0.39251073281250004 0.6340520125 0.39334912499999997 0.6386330328125001 0.44758723749999996
54 0.7373626625 0.58738110625 0.7207651687500001 0.49092625156249997 0.7147996984375 0.49176464375 0.7164407500000001 0.5683687171875 0.7090052953125 0.5803900875 0.695433303125 0.5054628 0.68194684375 0.4744290390625 0.6804768609375 0.48561201875000004 0.695604371875 0.5932498515625 0.7090908296875 0.6242836125 0.729927209375 0.599402478125 0.747909153125 0.640780828125 0.7553446078125 0.6287594546874999 0.7373626625 0.58738110625
52 0.7941629328124999 0.6452566703125 0.788282996875 0.6899885875 0.8061794078125001 0.6874734109375 0.8091193734375001 0.6651074515625 0.7939918640625 0.55746961875 0.762523459375 0.48505750625 0.753618021875 0.5082618578125 0.7478236203125 0.5968873015625 0.7403881640625001 0.6089086734375 0.747909153125 0.640780828125 0.7598400953125 0.63910404375 0.764250046875 0.6055551046875001 0.76122454375 0.5840275375 0.765634496875 0.5504786 0.771599965625 0.5496402078125 0.785086425 0.58067396875 0.7941629328124999 0.6452566703125
2 0.8820894687499999 0.599970240625 0.913386803125 0.5845953015625 0.8909949062500001 0.5767658890625 0.8775084484375 0.5457321281249999 0.8744829453125 0.5242045609375 0.88036288125 0.47947264218749996 0.8712863750000001 0.41488994375 0.8577999171874999 0.38385618125 0.8458689749999999 0.385532965625 0.8414590234375 0.4190819046875 0.85494548125 0.450115665625 0.85788545 0.4277497078125 0.8654064390625 0.45962186093749996 0.86255200625 0.5258813453125 0.868603009375 0.568936478125 0.8820894687499999 0.599970240625
5 1 0.5083215171875 0.9906813140624999 0.44201562499999997 0.97719485625 0.4109818640625 0.9562729437499999 0.3919694734375 0.9517774578125 0.3816248859375 0.9576573921874999 0.3368929671875 0.9412309671875001 0.32822516562500004 0.933881046875 0.3841400625 0.9369065484375 0.4056676296875 0.95039300625 0.436701390625 0.9682894171875001 0.4341862140625 0.9817758765625 0.465219975 0.9908523828125 0.5298026765625 0.977451459375 0.5426624390625 0.962495015625 0.5228116578125 0.964050534375 0.555522203125 0.9775369921875001 0.586555965625 1 0.573665696875 1 0.5083215171875