26 0.099397590625 0.6521739125 0.0903614453125 0.6195652171875 0.11445783125 0.510869565625 0.11445783125 0.42391304375 0.1054216875 0.3913043484375 0.0692771078125 0.3913043484375 0.0542168671875 0.42391304375 0.0602409640625 0.7282608703125 0.07228915625 0.7282608703125 0.0753012046875 0.6521739125 0.099397590625 0.67391304375 0.1054216875 0.6956521734375001 0.1174698796875 0.6956521734375001 0.12349397656250001 0.7173913046875 0.1445783125 0.7065217390625 0.14156626562500002 0.67391304375 0.1174698796875 0.67391304375 0.11144578281249999 0.6521739125 0.099397590625 0.6521739125
34 0.19277108437499998 0.5326086953125 0.16566265 0.4782608703125 0.15662650625000002 0.510869565625 0.150602409375 0.5978260875 0.1445783125 0.6195652171875 0.150602409375 0.663043478125 0.19578313281249998 0.67391304375 0.20180722968749998 0.6956521734375001 0.2048192765625 0.684782609375 0.19277108437499998 0.5326086953125
46 0.3162650609375 0.5217391296875 0.292168675 0.5434782609375 0.27409638593749996 0.5 0.26204819218750003 0.5 0.256024096875 0.5217391296875 0.2259036140625 0.5 0.22289156562499998 0.5326086953125 0.2409638546875 0.5543478265624999 0.2409638546875 0.7065217390625 0.25903614531249997 0.7065217390625 0.26204819218750003 0.5434782609375 0.28313252968749997 0.57608695625 0.286144578125 0.6521739125 0.2951807234375 0.6413043484375 0.30421686718749996 0.565217390625 0.3102409640625 0.565217390625 0.32228915625 0.6304347828125 0.337349396875 0.6195652171875 0.31927710781249996 0.5543478265624999 0.3162650609375 0.5217391296875
48 0.3768839453125 0.499999934375 0.36082533125 0.47421960937499996 0.3438745421875 0.5161127609375 0.33584523437499997 0.6160118906250001 0.340305934375 0.65468254375 0.35190385 0.6869081953125 0.37777603593750003 0.6707953703125 0.38580534375000003 0.5741187390625 0.3768839453125 0.499999934375
51 0.42771084375 0.5326086953125 0.41867469843749994 0.5 0.3885542171875 0.5 0.3734939765625 0.5326086953125 0.37951807187500003 0.6195652171875 0.38554216874999997 0.6413043484375 0.38554216874999997 0.7065217390625 0.3975903609375 0.7065217390625 0.3975903609375 0.6195652171875 0.39156626562499997 0.57608695625 0.40060240937499997 0.5217391296875 0.412650603125 0.5217391296875 0.421686746875 0.5543478265624999 0.421686746875 0.6413043484375 0.4307228921875 0.67391304375 0.43373493906249994 0.663043478125 0.42771084375 0.6195652171875 0.42771084375 0.5326086953125
42 0.46987951875 0.42391304375 0.46385542187500006 0.3586956515625 0.4548192765625 0.3478260875 0.45180722968750003 0.4021739125 0.4608433734375 0.434782609375 0.46987951875 0.42391304375
42 0.4367469875 0.6956521734375001 0.4608433734375 0.67391304375 0.46686747031250003 0.7173913046875 0.4759036140625 0.7065217390625 0.46987951875 0.684782609375 0.46686747031250003 0.5434782609375 0.457831325 0.5543478265624999 0.457831325 0.6195652171875 0.44879518125000006 0.6521739125 0.4367469875 0.6521739125 0.4307228921875 0.6304347828125 0.42771084375 0.6413043484375 0.42771084375 0.663043478125 0.4367469875 0.6956521734375001
45 0.5090361453125001 0.6956521734375001 0.5120481921875 0.684782609375 0.5180722890625 0.663043478125 0.5120481921875 0.6413043484375 0.5120481921875 0.510869565625 0.5060240968749999 0.489130434375 0.5060240968749999 0.42391304375 0.49698795156250003 0.3913043484375 0.49397590312500006 0.510869565625 0.5 0.5326086953125 0.5 0.663043478125 0.5090361453125001 0.6956521734375001
49 0.58433735 0.5543478265624999 0.5903614453125 0.7282608703125 0.599397590625 0.760869565625 0.6024096390625 0.75 0.6024096390625 0.684782609375 0.6084337343749999 0.6413043484375 0.629518071875 0.6304347828125 0.6385542171874999 0.5978260875 0.6385542171874999 0.5326086953125 0.6234939765624999 0.4782608703125 0.6054216875 0.4782608703125 0.5933734937499999 0.5217391296875 0.5783132531249999 0.5326086953125 0.58433735 0.5543478265624999
45 0.662650603125 0.6413043484375 0.662650603125 0.4456521734375 0.6536144578124999 0.413043478125 0.6475903609375 0.413043478125 0.6445783125 0.46739130468749995 0.650602409375 0.489130434375 0.650602409375 0.6413043484375 0.6596385546875 0.67391304375 0.6686746984374999 0.663043478125 0.662650603125 0.6413043484375
54 0.6897590359375 0.6521739125 0.7138554218750001 0.6304347828125 0.7259036140624999 0.67391304375 0.734939759375 0.663043478125 0.722891565625 0.6195652171875 0.71987951875 0.5217391296875 0.7138554218750001 0.5217391296875 0.7048192765625 0.5978260875 0.6957831328124999 0.6086956515625 0.692771084375 0.5326086953125 0.6837349390624999 0.5 0.6807228921874999 0.510869565625 0.6807228921874999 0.6195652171875 0.6897590359375 0.6521739125
52 0.7469879515625 0.6195652171875 0.7560240968749999 0.586956521875 0.7620481921875 0.586956521875 0.7710843374999999 0.6195652171875 0.7710843374999999 0.684782609375 0.7590361453125001 0.7282608703125 0.777108434375 0.7282608703125 0.7831325296875 0.7065217390625 0.7831325296875 0.5978260875 0.7620481921875 0.5217391296875 0.75 0.5434782609375 0.7319277109375 0.6304347828125 0.722891565625 0.6413043484375 0.7259036140624999 0.67391304375 0.7379518078125 0.67391304375 0.7469879515625 0.6413043484375 0.7469879515625 0.6195652171875
2 0.86445783125 0.4782608703125 0.8674698796874999 0.510869565625 0.8554216875 0.57608695625 0.8554216875 0.6195652171875 0.86445783125 0.6521739125 0.8975903609375001 0.6413043484375 0.8765060234375 0.6304347828125 0.8674698796874999 0.5978260875 0.8674698796874999 0.57608695625 0.879518071875 0.5326086953125 0.879518071875 0.46739130468749995 0.870481928125 0.434782609375 0.858433734375 0.434782609375 0.849397590625 0.46739130468749995 0.858433734375 0.5 0.86445783125 0.4782608703125
5 0.9548192765625 0.5 0.9728915656250001 0.5 0.9819277109375 0.5326086953125 0.9819277109375 0.5978260875 0.9668674703125 0.6086956515625 0.9548192765625 0.586956521875 0.9518072296875 0.6195652171875 0.9608433734374999 0.6521739125 0.9879518078125 0.6413043484375 0.9939759031250001 0.5978260875 0.9939759031250001 0.510869565625 0.984939759375 0.4782608703125 0.9668674703125 0.45652173906250004 0.9638554218750001 0.4456521734375 0.9759036140624999 0.4021739125 0.9608433734374999 0.3913043484375 0.9457831328124999 0.4456521734375 0.9457831328124999 0.46739130468749995 0.9548192765625 0.5