28 0.0164885234375 0.1763704625 0.0164885234375 0.230724278125 0.045307284375 0.2702541296875 0.045307284375 0.606259203125 0.050675674999999996 0.6574074078125001 0.0540540546875 0.26851851875 0.094839378125 0.290019278125 0.09573999375 0.2455480375 0.0164885234375 0.1763704625
34 0.08943587187499999 0.47284544375 0.1056463953125 0.5074341296875 0.11465226718749999 0.4333153703125 0.12816103437499998 0.487669203125 0.142570415625 0.50249294375 0.13806743593749998 0.44813912968749997 0.12275752656250001 0.41849162968750003 0.11825463124999999 0.378961778125 0.11104990156250001 0.3443728890625 0.0903364828125 0.3740203890625 0.08943587187499999 0.47284544375
35 0.18129549375 0.3937855375 0.186699003125 0.2702541296875 0.16958795 0.250489203125 0.15517857031249999 0.3048430375 0.1545044765625 0.469135796875 0.1533774296875 0.5519053703125001 0.16958795 0.6210829437500001 0.1912019796875 0.6408478703125 0.21912004375 0.56178794375 0.2146171484375 0.458021703125 0.193003121875 0.428374203125 0.18399725 0.4827280375 0.193003121875 0.586494278125 0.16958795 0.5370816296875 0.16688619531249999 0.4827280375 0.18129549375 0.3937855375
22 0.35641891875 0.5925925921874999 0.36317567500000003 0.3518518515625 0.42229729687499995 0.6018518515625 0.4206081078125 0.27777777812500004 0.41722972968749994 0.5370370375 0.36317567500000003 0.259259259375 0.3547297296875 0.2870370375 0.35641891875 0.5925925921874999
48 0.4645270265625 0.240740740625 0.449812078125 0.30981994375 0.45270270312500005 0.45370370312499997 0.45341444218750004 0.5025286859375 0.46782374375 0.5371173703125 0.4840342640625 0.48276375937499993 0.48313373281249994 0.4037036109375 0.47972972968749994 0.26851851875 0.4645270265625 0.240740740625
51 0.5155547765625 0.37899751875 0.5137535546875001 0.31970251875 0.502046009375 0.304878778125 0.5092506593749999 0.5519411109375 0.522759425 0.5321761859375 0.5182565296874999 0.423468778125 0.5425723140625001 0.383938703125 0.5389699453125 0.3295848703125 0.5155547765625 0.37899751875
42 0.5608108109375001 0.5648148140625 0.5557432437500001 0.42592592656250006 0.550675675 0.527777778125 0.5608108109375001 0.5648148140625
42 0.562612584375 0.21728394374999999 0.567788625 0.324643703125 0.57409274375 0.29005501875 0.562612584375 0.21728394374999999
54 0.6011102796875 0.423468778125 0.5909909625 0.4246913515625 0.596607384375 0.5420587593749999 0.6083149296875 0.5618236859375 0.62092316875 0.5222936109375 0.635332465625 0.54699994375 0.6425371953125001 0.51735244375 0.6380342203125 0.46299861093750005 0.629928959375 0.48770494375 0.6263266749999999 0.41358618593749996 0.6200225546875 0.4333511109375 0.6137184359375001 0.48770494375 0.6020108921875 0.49758751874999996 0.6011102796875 0.423468778125
46 0.6866657843749999 0.423468778125 0.6758587703125001 0.4728811859375 0.66235 0.49264611093750005 0.6497418453125 0.383938703125 0.6477477203124999 0.432098759375 0.6578471046875001 0.5222936109375 0.66775350625 0.5618236859375 0.6866657843749999 0.48276375937499993 0.6893675375 0.5371173703125 0.7010751625 0.5519411109375 0.7100810375 0.47782237031249997 0.7172856859375 0.5371173703125 0.7280927 0.5420587593749999 0.7145839328125 0.40864501875 0.6965722671875 0.49264611093750005 0.6866657843749999 0.423468778125
5 0.8108108109375 0.3796296296875 0.790540540625 0.30555555624999997 0.8243243250000001 0.26851851875 0.7888513515625 0.240740740625 0.7736486484375 0.3796296296875 0.7989864859375 0.3888888890625 0.8040540546875 0.47222222187499996 0.7736486484375 0.509259259375 0.8006756749999999 0.546296296875 0.8141891890625 0.47222222187499996 0.8108108109375 0.3796296296875
40 0.8969594593749999 0.796296296875 0.9358108109375 0.8240740734375 0.95608108125 0.75 0.9695945953124999 0.546296296875 0.9695945953124999 0.3611111109375 0.9510135140625 0.27777777812500004 0.9352271156249999 0.27523127812500003 0.9290540546875 0.3425925921875 0.934121621875 0.42592592656250006 0.9628378375000001 0.3981481484375 0.940878378125 0.777777778125 0.9070945953124999 0.777777778125 0.875 0.6388888890625 0.8969594593749999 0.796296296875
46 0.899358415625 0.48858675937499996 0.899358415625 0.395185 0.8960635953124999 0.31986111093749997 0.8823351515625 0.304796278125 0.8746472531249999 0.32889998125000003 0.8675084562500001 0.3650554625 0.864213634375 0.3017833703125 0.8532309124999999 0.31986111093749997 0.8477395265625001 0.3499906296875 0.84444470625 0.3138351484375 0.8367568078125001 0.316848203125 0.8422481421875 0.3680683703125 0.8438955546875 0.43736644374999994 0.8515835031250001 0.44037935156249997 0.8548783249999999 0.3650554625 0.860369659375 0.3650554625 0.8631153781249999 0.44640531406250006 0.870254125 0.45845709218749997 0.8735489453125 0.4012109625 0.8845317156249999 0.377107259375 0.8900230546874999 0.383133203125 0.8900230546874999 0.4433924078125 0.899358415625 0.48858675937499996