24 0.09440277968750001 0.45586765937499996 0.12840044374999998 0.583492584375 0.1106162125 0.5025334531250001 0.15410165 0.6594732999999999 0.17704068281250002 0.7234897078125 0.1982581984375 0.7879033828125 0.215473225 0.78392898125 0.1916637 0.7043608984375 0.17959363281250001 0.6756419890625 0.1519909625 0.5874979640625 0.17143805781250002 0.5735565671875 0.17486151249999998 0.54126058125 0.1663443234375 0.480209340625 0.1541351078125 0.43577634062500004 0.1405136890625 0.40426495312500005 0.1244661328125 0.383374425 0.10963079375 0.3674352046875 0.09374432499999999 0.371102884375 0.0845550296875 0.4014312078125 0.09440277968750001 0.45586765937499996
51 0.245896184375 0.7523067734375 0.22362325625 0.67999196875 0.21408340781250002 0.6628301875 0.2055946890625 0.62606150625 0.20769694843750003 0.58684770625 0.2034525890625 0.5684633640625 0.1880916859375 0.56232759375 0.1854638609375 0.6113448453125 0.1897082203125 0.6297291875 0.2172766375 0.70082143125 0.22576535625 0.7375901109375 0.24007512968750003 0.763332784375 0.245896184375 0.7523067734375
38 0.2877345359375 0.7523297421875 0.30414656875 0.7388586125 0.3104931890625 0.71802915 0.301478903125 0.6910639203125 0.2898367953125 0.713115940625 0.2755270203125 0.6873732703125001 0.2670383015625 0.6506045874999999 0.25272852968750004 0.6248619171875001 0.2363164953125 0.6383330484374999 0.253293934375 0.7118704109375 0.252242803125 0.7314773109375 0.2570127265625 0.7400582015625 0.2781946859375 0.7351679609375 0.2877345359375 0.7523297421875
45 0.25745861406250004 0.5366308625 0.2659473328125 0.5733995453125 0.29351574999999996 0.6444917859375 0.2967089796875 0.6824830296875 0.295132284375 0.7118933796875 0.29772600625 0.7082294671875 0.30652326875 0.7345534406249999 0.3094420578125 0.7376360515625 0.30782552343749997 0.670234459375 0.32690522187500004 0.70455801875 0.3327262765625 0.6935320109374999 0.304106728125 0.6420466671875 0.295618009375 0.6052779859374999 0.28607815937500003 0.5881162046874999 0.260612003125 0.477810159375 0.2468277953125 0.4422640390625 0.23251802187499998 0.4165213671875 0.22722253124999997 0.4177439265625 0.247918765625 0.5194690828125 0.25745861406250004 0.5366308625
42 0.29820599531249997 0.45944878906250003 0.2966293 0.48885914062499997 0.3151834328125 0.5329861515625 0.3262999765625 0.5207375812499999 0.32205561718750003 0.5023532421875 0.29820599531249997 0.45944878906250003
42 0.39311875937499996 0.7376819921875 0.384630040625 0.700913309375 0.35706162343750003 0.6298210656250001 0.3236721515625 0.5697548343750001 0.3183766625 0.5709773953124999 0.31679996718750003 0.6003877453124999 0.338021765625 0.69230945 0.3427916890625 0.7008903390625 0.3443683859375 0.6714799890625 0.33640523125 0.6249078578125 0.35071500312500004 0.650650528125 0.38252778125 0.7401271125 0.39311875937499996 0.7376819921875
36 0.41797967187499996 0.6641675984375001 0.3845902 0.6041013656249999 0.3771526125 0.5477257828125001 0.3628428390625 0.5219831109374999 0.35754734843749997 0.523205671875 0.3559706546875 0.5526160234375 0.3687037328125 0.6077690453125 0.426468390625 0.7009362796875 0.43228944687500004 0.68991026875 0.4280450875 0.671525928125 0.41797967187499996 0.6641675984375001
34 0.4562552046875 0.636973978125 0.48124631406249996 0.6784626281249999 0.476062325 0.6481539625 0.4483089203125 0.59470085625 0.4407226265625 0.5775489703125001 0.4189909640625 0.547748753125 0.4069634796875 0.5569879015625 0.4159602515625 0.6273734796875 0.433340575 0.67030336875 0.443893559375 0.69338735 0.4564547421875 0.6810357125000001 0.4562552046875 0.636973978125
5 0.5386451203125 0.46203172812500004 0.5174631640625 0.4669219671875 0.51588646875 0.4963323203125 0.5344406015625001 0.54045933125 0.5312473718749999 0.5024680906250001 0.5418383515625 0.5000229703125 0.5699323328125 0.5613117625 0.5879609015625 0.615242225 0.57154886875 0.62871335625 0.575793228125 0.6470976953124999 0.59750075 0.63240400625 0.5985518796875 0.6127971046875 0.5900631609375 0.576028421875 0.5529548953125001 0.4877743984375 0.5402218171875 0.4326213765625 0.5417985109375001 0.40321102499999995 0.552389490625 0.4007659046875 0.5619293390625 0.4179276859375 0.563506034375 0.3885173359375 0.543900771875 0.3639972234375 0.5333097921875 0.36644234375 0.5306819671875 0.4154595953125 0.5386451203125 0.46203172812500004
0 0.646211284375 0.6017940640624999 0.647262415625 0.5821871625 0.6345293359374999 0.527034140625 0.620745128125 0.49148802031249994 0.5778158078125 0.41426000625 0.567224828125 0.41670512656250003 0.5656481343750001 0.446115478125 0.573085721875 0.5024910609375 0.5873954968749999 0.5282337312500001 0.584202265625 0.4902424890625 0.61124511875 0.5711381828125 0.6403902312499999 0.612820075 0.646211284375 0.6017940640624999
46 0.6901518953125 0.56260323125 0.700742875 0.5601581109375 0.703896265625 0.501337409375 0.7171549078125 0.5466869812499999 0.7314646812500001 0.572429653125 0.7372857359375 0.5614036421875 0.7203082984375 0.487866278125 0.6879699578125 0.40819314531249995 0.6826744671875 0.4094157046875 0.681097771875 0.43882605625000004 0.6880097968750001 0.5050050890625 0.6625834796875 0.49151098906249996 0.629719571875 0.42164130625 0.628142878125 0.45105165625000004 0.6514669343749999 0.5037595593749999 0.664725578125 0.5491091328125 0.6710721984375 0.5282796703125 0.6901518953125 0.56260323125
40 0.8113827484374999 0.44747585624999997 0.7975985421875 0.41192973437499997 0.7779932781250001 0.3874096234375 0.75151583125 0.393522425 0.7430669515625 0.4535656875 0.7082824421875 0.41652122187499996 0.7118195796875 0.45109759687500006 0.7343240421874999 0.4861223484375 0.747876715625 0.558958521875 0.7468255859374999 0.5785654234375001 0.8020022593749999 0.8175618531250001 0.8115421093749999 0.834723634375 0.8285195468750001 0.9082609968750001 0.8428293203124999 0.93400366875 0.8539458640625 0.9217550984375 0.8444060140625 0.9045933171874999 0.8359172953125 0.8678246359375 0.8083488781250001 0.7967323921875 0.7616609234375 0.59450464375 0.762712053125 0.5748977421875 0.754223334375 0.538129059375 0.7558000296875 0.508718709375 0.7759308578125 0.5234353703125 0.7950105562500001 0.55775893125 0.8257323624999999 0.570030471875 0.824115828125 0.5026288796875 0.8113827484374999 0.44747585624999997