14 0.046511628124999996 0.36813186875000004 0.058139534375 0.40109890156250005 0.0712209296875 0.28571428593750003 0.10901162812500001 0.23076923124999998 0.172965115625 0.23076923124999998 0.1860465109375 0.291208790625 0.181686046875 0.3736263734375 0.1947674421875 0.2582417578125 0.1642441859375 0.1758241765625 0.0915697671875 0.1978021984375 0.0494186046875 0.3021978015625 0.046511628124999996 0.36813186875000004
14 0.10901162812500001 0.49450549375 0.11337209374999999 0.36813186875000004 0.10319767500000002 0.3296703296875 0.09302325624999999 0.5109890109374999 0.046511628124999996 0.609890109375 0.088662790625 0.5824175828125 0.09302325624999999 0.752747253125 0.1162790703125 0.7637362640625 0.14389534843750001 0.725274725 0.15697674374999998 0.6428571421875 0.1497093015625 0.615384615625 0.13808139531250002 0.703296703125 0.10319767500000002 0.725274725 0.098837209375 0.609890109375 0.10901162812500001 0.5384615390625 0.20058139531250002 0.47802197812499997 0.161337209375 0.43956043906250003 0.10901162812500001 0.49450549375
36 0.23837209375 0.796703296875 0.2587209296875 0.7637362640625 0.22819767500000002 0.76923076875 0.20348837187500002 0.6868131875000001 0.20930232499999998 0.54395604375 0.2296511625 0.5219780218750001 0.21366279062500002 0.472527471875 0.1947674421875 0.5769230765625 0.191860465625 0.6868131875000001 0.21656976718749998 0.791208790625 0.23837209375 0.796703296875
48 0.265988371875 0.49450549375 0.2790697671875 0.6428571421875 0.3052325578125 0.6868131875000001 0.3139534890625 0.653846153125 0.3110465109375 0.5329670328125 0.297965115625 0.48351648281250004 0.265988371875 0.49450549375
52 0.308139534375 0.7197802203125 0.3197674421875 0.7417582421875 0.389534884375 0.6978021984375 0.34883720937499996 0.565934065625 0.3575581390625 0.5 0.3473837203125 0.428571428125 0.3372093015625 0.4450549453125 0.334302325 0.5549450546875 0.3139534890625 0.5879120875 0.3357558140625 0.5714285718750001 0.375 0.6758241765624999 0.308139534375 0.7197802203125
49 0.415697675 0.7417582421875 0.45494186093750005 0.6483516484375 0.4709302328125 0.54395604375 0.46802325624999996 0.45604395625 0.452034884375 0.40659340625 0.40552325624999996 0.3956043953125 0.3924418609375 0.4450549453125 0.3924418609375 0.9065934062500001 0.4040697671875 0.9395604390625 0.415697675 0.7417582421875
51 0.541519965625 0.6719305390625 0.5494453 0.6419424390625 0.5247093015625001 0.50549450625 0.501012675 0.4986659890625 0.476356134375 0.601958296875 0.46220930156250006 0.63186813125 0.4811046515625 0.6483516484375 0.49749035781249995 0.5952943734375 0.510699246875 0.5386501203125 0.5256692968750001 0.5719701875000001 0.541519965625 0.6719305390625
42 0.5595930234375001 0.24175824218750003 0.5654069765624999 0.208791209375 0.598837209375 0.36813186875000004 0.5872093015625001 0.2362637359375 0.5450581390625 0.1208791203125 0.5494186046875 0.2142857140625 0.5595930234375001 0.24175824218750003
42 0.5537790703125001 0.6263736265625 0.558251253125 0.6852586921875 0.59302325625 0.5549450546875 0.6084450375 0.40203759375 0.5537790703125001 0.6263736265625
47 0.6046511625 0.47802197812499997 0.6119186046875 0.50549450625 0.640988371875 0.472527471875 0.6436686921875 0.548646153125 0.6383851359375 0.6419424390625 0.65599704375 0.651938471875 0.6627906984374999 0.5 0.6904069765624999 0.428571428125 0.7017878109375 0.4553498796875 0.7149967 0.5786342640625 0.7267441859375 0.565934065625 0.712354921875 0.40870167031250004 0.6929819359375 0.37204949374999996 0.6515940265625 0.44535384687499996 0.632221040625 0.4286937359375 0.6046511625 0.47802197812499997
7 0.8401162796874999 0.247252746875 0.8415697671875 0.340659340625 0.8066860468750001 0.340659340625 0.790697675 0.390109890625 0.7921511625 0.428571428125 0.8066860468750001 0.3736263734375 0.8401162796874999 0.390109890625 0.828488371875 0.5109890109374999 0.7877906984374999 0.6428571421875 0.8023255812500001 0.653846153125 0.834302325 0.5549450546875 0.8561046515624999 0.384615384375 0.8924418609375 0.36813186875000004 0.8561046515624999 0.3516483515625 0.8415697671875 0.1868131875 0.771802325 0.1978021984375 0.7587209296874999 0.2362637359375 0.765988371875 0.29670329687499997 0.7892441859375 0.23076923124999998 0.8401162796874999 0.247252746875
5 0.8953488374999999 0.2802197796875 0.915697675 0.63186813125 0.896802325 0.68131868125 0.8677325578125 0.68131868125 0.8561046515624999 0.615384615625 0.8517441859374999 0.653846153125 0.8677325578125 0.7142857140625 0.901162790625 0.708791209375 0.9273255812500001 0.6428571421875 0.9098837203125001 0.4230769234375 0.9127906984375 0.3571428578125 0.9273255812500001 0.346153846875 0.9244186046875 0.3021978015625 0.9578488374999999 0.28571428593750003 0.995639534375 0.3296703296875 0.995639534375 0.29670329687499997 0.9578488374999999 0.252747253125 0.8953488374999999 0.2802197796875