28 0.2061582328125 0.3053934015625 0.12780499375 0.27571157031250004 0.116662771875 0.32134501875 0.1164925 0.3442731875 0.140230928125 0.362263796875 0.09300076406249999 0.6662256656250001 0.105010615625 0.6683433265625001 0.1375696484375 0.4836918734375 0.1585003671875 0.36548519062499996 0.1950160109375 0.35102685 0.2061582328125 0.3053934015625
10 0.1393049078125 0.5791940906249999 0.1328681328125 0.6278597593749999 0.16662688750000001 0.5279750890625 0.17698359375 0.5251995015625 0.14840516875 0.672014009375 0.1646854671875 0.66107978125 0.21550340937499998 0.35252816249999996 0.20702586250000002 0.35314450937499997 0.1854301046875 0.4162498140625 0.1393049078125 0.5791940906249999
11 0.1883843875 0.7250798296875 0.1722216328125 0.74365860625 0.1730892609375 0.7914097140624999 0.184809903125 0.7776103390625 0.23111404531250002 0.6905787640625001 0.249317953125 0.593173503125 0.245658303125 0.5027508187499999 0.2628971828125 0.3838931671875 0.2550652640625 0.361615153125 0.23323505312499998 0.37406136874999996 0.2204817625 0.434847353125 0.2096287515625 0.4963978375 0.1768256375 0.7092368265625 0.18743141875 0.7203100078125 0.20573622187499999 0.580887303125 0.22810643437499997 0.5710269234375 0.229103021875 0.6264221515624999 0.1883843875 0.7250798296875
12 0.40518839843750004 0.3880859109375 0.354325378125 0.5536438375 0.3380458609375 0.6459695640625001 0.3389134921875 0.6937206734375 0.374653834375 0.6841566203125 0.3797911296875 0.637464340625 0.35548221875 0.6173119828125 0.3777666609375 0.5260450875 0.41748745937500004 0.406120609375 0.40518839843750004 0.3880859109375
23 0.436948284375 0.48888228125 0.41893350781249994 0.48570579062499997 0.4023647828125 0.56211448125 0.39093335156250003 0.5918308921875 0.3638008234375 0.7457071046875 0.370673378125 0.79451704375 0.38239401875 0.7807176671875 0.39983037499999996 0.7520600859375 0.41668831093750003 0.6915684328125 0.43296782812499995 0.5992427046875 0.436948284375 0.48888228125
26 0.4445509921875 0.786383565625 0.46622129218749997 0.8822372125 0.48349825625 0.9266982578125 0.49476435937499996 0.87806680625 0.47217868906250005 0.7806830875 0.45814436875000003 0.667146171875 0.48543156875 0.600323640625 0.5070937390625 0.50290755 0.5162045984375 0.430888090625 0.5002129578125001 0.40966169375000006 0.46581607031249994 0.43050828750000003 0.44866892500000005 0.47508290625000005 0.46125719531250003 0.5090346390625 0.4048643828125 0.797792415625 0.41190722968750004 0.8036357921875 0.43373549375 0.715452115625 0.4445509921875 0.786383565625
10 0.5384535953125 0.47504832500000005 0.47267462031249996 0.66249706875 0.47644835468749996 0.6862397 0.4998493921875 0.630475628125 0.5095021187500001 0.6367794499999999 0.48389932968749994 0.7668837109375 0.4899042546875 0.7679425421875 0.4988610171875 0.768350153125 0.51671110625 0.6518554734374999 0.5444585203125001 0.4761071546875 0.5384535953125 0.47504832500000005
20 0.5734173124999999 0.47778913125000005 0.5621076281249999 0.475794928125 0.5141883093749999 0.7526463203125 0.5535862593750001 0.773398125 0.5661770390624999 0.7019922703125 0.53808876875 0.6832346671875 0.5734173124999999 0.47778913125000005
12 0.6108779109375 0.7282806875000001 0.59546754375 0.739368275 0.5836595640625 0.709676475 0.6007663609375 0.6482700125 0.616299215625 0.595789371875 0.64740988125 0.5418583796875 0.6525471765625 0.49516610156249996 0.62310096875 0.521706021875 0.59297606875 0.6008801906250001 0.5672131312500001 0.7113780890625 0.55549231875 0.782937534375 0.5680871625 0.808166325 0.5854035953125 0.8066181468750001 0.6051638078125 0.7962975218749999 0.6108779109375 0.7282806875000001
10 0.6491451406250001 0.6373605984374999 0.6094243421875001 0.7572850765625 0.6102919703125 0.805036184375 0.6214341921875 0.7594027359375 0.6331548328125 0.7456033609375 0.614073246875 0.8576895640625001 0.6285306125 0.8418323390625 0.6649782671875 0.6503892062500001 0.683150221875 0.532294325 0.6714295828125 0.5460937015625 0.6491451406250001 0.6373605984374999
20 0.69692630625 0.8354859296875 0.6718195812500001 0.7896442859375 0.7192841875 0.5357209187499999 0.7036246687500001 0.532959721875 0.6674261593749999 0.73825166875 0.647049203125 0.85890255 0.6915839046875 0.8759585390625 0.69692630625 0.8354859296875
13 0.7779563109375001 0.8083590546874999 0.7911679765625 0.7232576046875 0.80972193125 0.597683715625 0.81439095 0.507837484375 0.8135233203125001 0.46008637500000005 0.799317690625 0.45319883125000004 0.7836186984375 0.49644685937500005 0.7518072890624999 0.6871947859375 0.7277470562499999 0.8133106921875 0.7148676609375 0.91687695625 0.726675553125 0.9465687734375001 0.7479266250000001 0.9227061437499999 0.7779563109375001 0.8083590546874999