18 0.1011437546875 0.41151642187500004 0.098754159375 0.4309781109375 0.07596183125 0.50719994375 0.06401385625 0.6045083906250001 0.06704643906249999 0.6345133859375001 0.0792695265625 0.62613664375 0.0884600328125 0.5877549078125 0.1027976015625 0.4709847734375 0.10959851406250001 0.45206472499999995 0.10996638750000001 0.41259970468749996 0.1195247671875 0.334752946875 0.1263256796875 0.3158329 0.135884059375 0.23798614218749997 0.14268496875 0.21906609531250001 0.14406370468750002 0.189602740625 0.135241071875 0.18851945781249999 0.112816615625 0.22527627031250003 0.0798229203125 0.3298781734375 0.082487628125 0.399348190625 0.1011437546875 0.41151642187500004
47 0.0969147921875 0.6283032109375 0.1057374234375 0.62938649375 0.11492792968750001 0.59100475625 0.124486309375 0.513158 0.134687678125 0.48477792812500003 0.1445211703125 0.4958628765625 0.134962790625 0.573709634375 0.128161878125 0.59262968125 0.1311944609375 0.6226346781250001 0.1390062328125 0.6137162953125 0.15472253593750002 0.46748280624999994 0.1482894984375 0.4469378328125 0.13505555 0.44531290781250005 0.1282546390625 0.46423295624999994 0.1160315515625 0.4726096984375 0.0969147921875 0.6283032109375
43 0.20095018125 0.36450582656249997 0.21455200312499997 0.32666573125 0.21832033125 0.2777406875 0.20306466250000002 0.25611243125 0.188451978125 0.2839508625 0.1836727890625 0.322874240625 0.18872709375000002 0.3728825671875 0.20095018125 0.36450582656249997
43 0.176318484375 0.6380527578125 0.1906560546875 0.5212826234375 0.1835800296875 0.451270965625 0.16593476406250002 0.44910439843749994 0.1611555734375 0.4880277765625 0.1743895234375 0.48965270156249996 0.1774221046875 0.5196576984375 0.15701937187499998 0.5764178421875 0.138638359375 0.653181315625 0.1368917515625 0.722109690625 0.1491148390625 0.71373295 0.156926609375 0.7048145671875 0.176318484375 0.6380527578125
17 0.2867869109375 0.394800346875 0.25847964375 0.588875596875 0.2615122265625 0.6188805937499999 0.26932399687499997 0.6099622109375 0.2836615671875 0.49319207499999995 0.300663846875 0.44589195625 0.28494754218749996 0.592125446875 0.2879801234375 0.6221304421875 0.29138057968750003 0.61267041875 0.3104973390625 0.456976903125 0.31729825 0.43805685624999996 0.322077440625 0.399133478125 0.32005571875 0.379130146875 0.33200369375 0.2818217015625 0.3231810609375 0.28073841875 0.306453896875 0.4169702421875 0.294230809375 0.42534698437499996 0.2979991375 0.3764219390625 0.2959774171875 0.3564186078125 0.3045249359375 0.2685701859375 0.29432356875 0.296950259375 0.2847651890625 0.374797015625 0.2867869109375 0.394800346875
12 0.3730842734375 0.2572331203125 0.349281084375 0.3234532875 0.34211230000000004 0.3818383546875 0.3353113875 0.40075840312500005 0.3253851359375 0.5180701796875 0.3368724765625 0.5886234796875 0.37997477812499997 0.5840382281250001 0.3613186515625 0.5718699968750001 0.35929693125 0.5518666671875 0.34606298125 0.5502417421875 0.338619084375 0.5196951046875 0.3389869578125 0.48023008437500003 0.35332452812500004 0.36345994843749996 0.37032680625 0.3161598296875 0.36655847656249996 0.36508487343749996 0.359757565625 0.384004921875 0.35258878125000004 0.4423899890625 0.35562136093749996 0.472394984375 0.365822728125 0.44401491406250004 0.3873290828125 0.268859709375 0.3730842734375 0.2572331203125
16 0.4058924484375 0.40942466718750004 0.39394447499999996 0.5067331140625 0.394587459375 0.5561998 0.41223272499999997 0.558366365625 0.42822414374999995 0.50106458125 0.41967662343749995 0.588913003125 0.4012956109375 0.6656764749999999 0.41452956093750004 0.6673014 0.41930875 0.6283780218749999 0.4376897609375 0.5516145484375 0.44485854687500004 0.49322948125000005 0.4452264203125 0.45376446093749995 0.4401721171875 0.403756134375 0.40818928281250005 0.518359703125 0.40515670000000004 0.4883547078125 0.4239055875 0.3721262125 0.4487196375 0.3159077125 0.45349882812500003 0.2769843328125 0.443665334375 0.2658993859375 0.4198621453125 0.3321195515625 0.41269335937499996 0.39050461875 0.4058924484375 0.40942466718750004
5 0.55863466875 0.3689137703125 0.5490762890625 0.4467605265625 0.5398857828125 0.4851422625 0.5429183640625 0.515147259375 0.5673645421875 0.49839377812499996 0.56598580625 0.5278571328125 0.5309703890625 0.61245570625 0.5187473015624999 0.6208324468749999 0.540803884375 0.6235406546875 0.5486156546875 0.614622271875 0.5792197546875 0.5294820578125 0.576555046875 0.460012040625 0.55890978125 0.45784547499999995 0.5626781109375 0.40892043125 0.5728794781250001 0.3805403609375 0.599347375 0.38379020937499997 0.6095487421875 0.3554101375 0.6085378828125 0.345408471875 0.5953039343750001 0.343783546875 0.5888708968749999 0.32323857500000003 0.582069984375 0.342158621875 0.5688360359375 0.3405336984375 0.55863466875 0.3689137703125
0 0.6522831703125 0.3902899078125 0.6346379046874999 0.3881233421875 0.6244365375 0.4165034125 0.6148781578125 0.49435016875000004 0.6056876531250001 0.5327319078125 0.61037408125 0.622205253125 0.6270084859375 0.6143701546875 0.634820259375 0.605451771875 0.6474112187500001 0.5576100109375 0.6569696 0.4797632546875 0.6522831703125 0.3902899078125
0 0.670571421875 0.44192315937500004 0.6518225359375001 0.558151653125 0.6514546625000001 0.597616671875 0.6588985593750001 0.6281633109375 0.675532965625 0.6203282109375 0.6891347875 0.582488115625 0.7010827625 0.48517967031250003 0.6984180546875 0.41570965312499997 0.6807727890625 0.4135430875 0.670571421875 0.44192315937500004
0 0.7337085828125 0.4200427859375 0.7211176234375001 0.46788454531249996 0.7067800531249999 0.5846546828125 0.71183435625 0.634663009375 0.7417027093749999 0.628452834375 0.7508932140625 0.590071096875 0.7584298734375 0.492221009375 0.749332128125 0.402206021875 0.742531215625 0.42112606875 0.7337085828125 0.4200427859375
18 0.8233136421875 0.40141226249999995 0.826346225 0.43141725781250007 0.834157996875 0.42249887499999994 0.842337640625 0.374115471875 0.85354986875 0.3557370671875 0.8589720468750001 0.366280375 0.8326865015625 0.5803589546875 0.8156842234375 0.6276590734374999 0.79904981875 0.6354941734375 0.847574296875 0.64145223125 0.858786525 0.6230738234375 0.8391195390625 0.6009039281249999 0.86062589375 0.4257487234375 0.8674268046875 0.40682867656250005 0.8756064515625 0.358445275 0.8800177671875 0.35898691562499996 0.884061209375 0.39899357812499997 0.8898512593750001 0.370071865625 0.8868186765624999 0.3400668671875 0.877996046875 0.338983584375 0.8759743234374999 0.3189802546875 0.8382942 0.3341088109375 0.8280928328125 0.362488884375 0.8233136421875 0.40141226249999995
55 0.9440730281249999 0.47550493437499997 0.9414083203124999 0.4060349171875 0.9291852328125 0.4144116578125 0.9273458640625 0.6117367578125 0.9361684968749999 0.6128200421875001 0.990943659375 0.4219946390625 0.9947119890625 0.3730695953125 0.9447160140624999 0.52497161875 0.9392938390625 0.5144283125 0.9440730281249999 0.47550493437499997