12 0.052678928125 0.4114791875 0.034973790625 0.36741002031250003 0.022418431250000002 0.36939859375 0.0137246609375 0.436398290625 0.016942159374999998 0.51088610625 0.031426831249999995 0.6023387312499999 0.0385088859375 0.6199663984375 0.0542817453125 0.6924656390624999 0.07198688125 0.73653480625 0.0916242953125 0.7521739000000001 0.0987063515625 0.769801565625 0.1035355640625 0.759662015625 0.10482375 0.740708634375 0.10128272187500001 0.7318948015625 0.08164530625000001 0.7162557078125 0.04269400625 0.6193035390625 0.025312400000000002 0.509560390625 0.027888771875000003 0.47165362499999997 0.0249918359375 0.45336309999999996 0.0323974203125 0.40531678437499996 0.0365825390625 0.40465392656250004 0.0507466484375 0.4399092609375 0.055575862499999996 0.4297697125 0.052678928125 0.4114791875
34 0.1006386296875 0.7413714921875 0.11319399062499999 0.73938291875 0.11351751875 0.6737089359375 0.12349650781249999 0.709627128125 0.1318667484375 0.7083014125 0.1350872125 0.6609179546874999 0.12864925 0.6338135968749999 0.1273610640625 0.6527669796875 0.118990825 0.6540926953125 0.09420363281250001 0.5923958625 0.08776567187499999 0.565291503125 0.08358055156250001 0.5659543609375 0.083257021875 0.6316283421875 0.1006386296875 0.7413714921875
49 0.2206923109375 1 0.2199527953125 0.98676806875 0.20680418281250001 0.9263149453124999 0.193586975 0.8541472718750001 0.1899636234375 0.831270325 0.1735278609375 0.75570419375 0.1949641125 0.754555834375 0.1968963921875 0.7261257609375 0.185308653125 0.6529636609375 0.1534394078125 0.573639159375 0.14506916718750001 0.5749648765625001 0.1376635828125 0.6230111890625001 0.16018644531249998 0.7363452984375 0.182393515625 0.8539907578125 0.1979208109375 0.949101859375 0.20776015625 1 0.2206923109375 1
13 0.3897324796875 0.7518315859375 0.3987468125 0.7410291796874999 0.40615239531249997 0.692982865625 0.391667721875 0.601530240625 0.381688734375 0.56561205 0.33147025937499996 0.451695071875 0.310544659375 0.45500936249999996 0.3127975 0.4827765765625 0.3198795546875 0.50040424375 0.3372611625 0.6101473937499999 0.34434321562500003 0.6277750609375 0.3646217578125 0.755808734375 0.3897324796875 0.7518315859375
51 0.45862964531249995 0.5909245140625 0.4686086328125 0.6268427062499999 0.4772994375 0.68171428125 0.48792251875000003 0.7081557796875 0.49275173125 0.69801623125 0.49403991718749996 0.67906285 0.4740819390625 0.6072264656249999 0.4653911359375 0.5523548921875 0.46732341406250005 0.5239248171875001 0.475693653125 0.5225991015625 0.48985776249999996 0.5578544359375 0.4796188703125 0.49617375937499997 0.46345698124999996 0.467465721875 0.450582934375 0.5265762484375001 0.4393157578125 0.5096114390625 0.4373834796875 0.5380415140625 0.45862964531249995 0.5909245140625
42 0.47298229375 0.5050417203124999 0.4968640140625 0.6106965453125001 0.5151799687499999 0.7094157140624999 0.518797078125 0.681483575 0.493838303125 0.5408232828124999 0.47955035625000003 0.4844591953125 0.47298229375 0.5050417203124999
52 0.5295799453125001 0.5859724374999999 0.51730914375 0.576190525 0.525564415625 0.645235490625 0.5142399125 0.6978391890625 0.5274507734375 0.719197625 0.53589275625 0.6709588859375 0.5587659828125 0.7533226109375 0.5654025359375 0.7444544859375 0.535955025 0.6318643640625 0.5295799453125001 0.5859724374999999
38 0.56904855 0.7328053890625 0.5754865109375 0.759909746875 0.600273703125 0.8216065796875001 0.6092880359375 0.8108041734375 0.598664953125 0.7843626734375 0.594479834375 0.78502553125 0.5738777625 0.7226658390625 0.570980828125 0.7043753140625 0.5761335703125 0.628561784375 0.574524821875 0.591317875 0.568730953125 0.554736825 0.5581078703125 0.5282953265625 0.55392275 0.528958184375 0.5507022859374999 0.576341640625 0.5613224015625 0.7246544125 0.56904855 0.7328053890625
4 0.7699844 0.919200934375 0.7549555171875 0.8355947875 0.7287205125 0.6755942140625 0.70973685 0.5511530390625 0.696216834375 0.506421015625 0.68784659375 0.5077467312499999 0.6765764515625 0.61265319375 0.6839790703124999 0.68647815 0.7168159390625 0.690651978125 0.7303359546875 0.7353840046875 0.75351143125 0.8817082031249999 0.7624761999999999 0.9282069281249999 0.7699844 0.919200934375
0 0.726800859375 0.4828276265625 0.7142455 0.48481620156250005 0.719395275 0.530873940625 0.7264773296875 0.5485016078125 0.740962003125 0.6399542328125001 0.7586671390624999 0.6840234 0.7718665921875 0.672558134375 0.773154778125 0.6536047515625001 0.75158805 0.5445244609375 0.726800859375 0.4828276265625
0 0.79955665 0.5088029515625 0.797944934375 0.5934303140625 0.8137177921875001 0.6659295562499999 0.8243408750000001 0.6923710562500001 0.8459105687499999 0.679580075 0.8443018203125 0.6423361671875 0.8256320265625 0.5515464015625 0.8079268890625 0.507477234375 0.79955665 0.5088029515625
0 0.89870838125 0.6337190140625 0.8871206421875 0.560556915625 0.8736006250000001 0.515824890625 0.8539632109375 0.5001857984375 0.84848990625 0.5198020375 0.8481663765624999 0.5854760203125 0.8597541140624999 0.65863811875 0.8816443703125 0.702044428125 0.894843825 0.6905791640625 0.8996730359375 0.6804396140625 0.89870838125 0.6337190140625
0 0.919636946875 0.508533453125 0.920601603125 0.555254053125 0.935086275 0.6467066765625 0.9457093578125001 0.6731481765625 0.9672790515624999 0.6603571953125 0.9711436078125001 0.6034970484375 0.9595558687500001 0.5303349484375001 0.9418507328124999 0.4862657828125 0.919636946875 0.508533453125