12 0.0423186859375 0.47483038281249995 0.07085287500000001 0.410985384375 0.0588620765625 0.49877333593750006 0.0693391734375 0.5011921640625 0.0913931984375 0.4056656875 0.0945623875 0.3560883265625 0.0840852890625 0.3536694984375 0.03625239375 0.453306259375 0.0141983703125 0.5488327359375 0.0206785328125 0.5805142140624999 0.051695953125000006 0.5776133453125001 0.029086271875000003 0.53214626875 0.0423186859375 0.47483038281249995
34 0.130002403125 0.49262500156250005 0.1375944640625 0.42390265156250007 0.1328877171875 0.40518364531250006 0.11871711562500001 0.40612069687499996 0.098287234375 0.4475045203125 0.08042898281250001 0.528163534375 0.0832721515625 0.55566764375 0.099717875 0.556108384375 0.11097642968749999 0.5352159671875001 0.1239309546875 0.5348508609375 0.130002403125 0.49262500156250005
49 0.1435065984375 0.5384386734375 0.1483312765625 0.5294907328125 0.1491590203125 0.5498054421874999 0.16363305156250002 0.5229616203125 0.18568707499999998 0.42743514375 0.1844454609375 0.3969630796875 0.1792069125 0.395753665625 0.1550835265625 0.44049336875 0.14626191718749998 0.47870395937500004 0.1366125640625 0.4965998390625 0.1153862828125 0.6124410265625 0.116627896875 0.642913090625 0.1214525734375 0.6339651500000001 0.1435065984375 0.5384386734375
14 0.319134025 0.5186146296875 0.2838475859375 0.67145699375 0.294324684375 0.6738758218750001 0.31486500624999997 0.6685561234375 0.33457758593750003 0.642921715625 0.312795646875 0.61776935 0.3167003046875 0.57423323125 0.3566316109375 0.5473952390625 0.36062538593750004 0.527322815625 0.32874394218749997 0.5300302671875 0.34304388124999996 0.4561446046875 0.3687662375 0.472150940625 0.3722054703125 0.42018728281250006 0.34601272656250004 0.4141402125 0.3271278921875 0.46008932968750005 0.31830628125 0.4982999203125 0.319134025 0.5186146296875
57 0.374416615625 0.6018102546875 0.38269657343749997 0.6666566140625 0.3922095015625 0.6453611875 0.3885925859375 0.57740695625 0.4184654890625 0.5037606593749999 0.4084531796875 0.4913812734375 0.3920598359375 0.525389075 0.38599354375 0.50386495 0.38314244375 0.48553782968750003 0.36806883125 0.5189733875 0.372196421875 0.5568419125 0.34064387812499997 0.6644458390625 0.35112097656249996 0.66686466875 0.374416615625 0.6018102546875
42 0.40708952500000006 0.63953880625 0.416738878125 0.621642925 0.41591113437500005 0.6013282156249999 0.42914355000000004 0.5440123296875 0.4279019328125 0.5135402640625 0.40102323125000006 0.61801468125 0.4022648484375 0.648486746875 0.40708952500000006 0.63953880625
42 0.45078370312500005 0.438328496875 0.43272660937499996 0.5045923250000001 0.44844225625 0.5082205671875 0.4564361234375 0.4496952671875 0.45078370312500005 0.438328496875
54 0.4735351703125 0.6146317734375 0.49076451875 0.5280532359375 0.4855259703125 0.526843821875 0.47105193749999996 0.55368764375 0.4574056515625 0.600846175 0.45175323125 0.58947940625 0.4605748421875 0.5512688156250001 0.45933322656250003 0.5207967499999999 0.44485919531249996 0.5476405718749999 0.432868396875 0.6354285234375 0.46429968906249997 0.6426850078124999 0.46512743125 0.66299971875 0.46995210781249996 0.654051778125 0.4735351703125 0.6146317734375
46 0.5177850046875 0.5544150171875 0.5117187140625 0.5328908921875 0.49807242656249995 0.5800494234375 0.4989001703125 0.600364134375 0.4856677546875 0.6576800203125 0.49614485156250004 0.6600988484375 0.513788071875 0.5836776671874999 0.528262103125 0.5568338453125 0.5339145234375 0.568200615625 0.516685175 0.6547791515625 0.5319869500000001 0.6482500390625 0.5452193656250001 0.5909341515625 0.5596933953125001 0.56409033125 0.5525272718750001 0.642930340625 0.5670013046875 0.6160865203125 0.5794059734375 0.5384559234374999 0.5632764578125 0.5246703265625 0.553627103125 0.54256620625 0.527434359375 0.536519134375 0.5177850046875 0.5544150171875
2 0.70678663125 0.6081112859375 0.6671367328125 0.708833140625 0.69635025625 0.7256454765625 0.7094039171875 0.6850317687499999 0.6891434125 0.6845324671874999 0.697965021875 0.6463218765625001 0.7216745343750001 0.59142481875 0.7344930765625 0.5239515781249999 0.7276294359375 0.494593803125 0.697630825 0.5010920140625 0.68264480625 0.5580394531249999 0.6887047609375 0.5795742484375 0.6902432421875 0.5841683328125 0.6964226890625 0.57800001875 0.7051311453125 0.5674818671875 0.719605175 0.54063804375 0.720019046875 0.5507953999999999 0.70678663125 0.6081112859375
0 0.73629035 0.6954171953125 0.7459397046875 0.6775213156250001 0.7635829234375 0.6011001328125001 0.7615135656249999 0.5503133578125 0.756275015625 0.5491039437499999 0.7418009859375 0.5759477671875 0.7100976078125 0.6893701234375 0.73629035 0.6954171953125
46 0.7834372890625 0.7063019234375 0.7939143859375 0.7087207515625 0.8216208328124999 0.6245610453125 0.8228624484375 0.6550331078125 0.8140408375 0.6932437 0.8192793859374999 0.6944531140625 0.8409195390624999 0.5887692828125 0.8042496984374999 0.5803033828124999 0.79460034375 0.5981992625 0.774060021875 0.6035189609375 0.7576584171875 0.7104122078125 0.7677216421875 0.7026736812500001 0.7809540578124999 0.64535779375 0.7954280890625001 0.6185139734375 0.801080509375 0.6298807421875 0.7834372890625 0.7063019234375
40 0.8706953437499999 0.55539635 0.8571141828125001 0.5748270843750001 0.8367048078125 0.6473022734375 0.8427647640625 0.66883706875 0.8116075046875 0.7321189640625 0.8067709609374999 0.8048333890625001 0.8318072875 0.8039016546875001 0.8536001531249999 0.7015422421874999 0.8868248624999999 0.5691819453125 0.8706953437499999 0.55539635