26 0.1980906921875 0.45175438593750006 0.21241050156250002 0.381578946875 0.21002386562500003 0.2938596484375 0.182577565625 0.271929825 0.16945107343750002 0.3201754390625 0.17661097812499998 0.5482456140624999 0.1861575171875 0.539473684375 0.1897374703125 0.482456140625 0.224343675 0.5657894734375 0.1980906921875 0.45175438593750006
38 0.2398568015625 0.3947368421875 0.224343675 0.46929824531250003 0.22673031093749998 0.521929825 0.2350835328125 0.561403509375 0.2577565625 0.55701754375 0.24105011875 0.521929825 0.25298329375 0.425438596875 0.2398568015625 0.3947368421875
47 0.2828162296875 0.41228070156249996 0.26968973749999997 0.43421052656250003 0.27088305468749996 0.46491228125 0.2768496421875 0.43421052656250003 0.28042959375 0.5438596484375 0.28997613437499997 0.4736842109375 0.305489259375 0.539473684375 0.2995226734375 0.438596490625 0.2828162296875 0.41228070156249996
48 0.3412887828125 0.5482456140624999 0.346062053125 0.45175438593750006 0.3329355609375 0.42105263125 0.3202701640625 0.46375335156249997 0.32219570468750003 0.521929825 0.3412887828125 0.5482456140624999
55 0.3639618140625 0.4298245609375 0.37708830625 0.5657894734375 0.3890214796875 0.5657894734375 0.396181384375 0.460526315625 0.385441528125 0.5087719296875 0.37708830625 0.44298245625000005 0.3639618140625 0.4298245609375
34 0.4391408109375 0.5657894734375 0.42482100312500004 0.504385965625 0.43198090625 0.45175438593750006 0.42124105 0.438596490625 0.41288782812499997 0.5307017546874999 0.4391408109375 0.5657894734375
31 0.4964200484375 0.5921052625 0.5 0.53508771875 0.5178997609375 0.5657894734375 0.508353221875 0.504385965625 0.5155131265625 0.425438596875 0.49522672968750003 0.4473684203125 0.47852028593749996 0.3947368421875 0.474940334375 0.45175438593750006 0.49164677812499996 0.49561403437499996 0.4868735078125 0.5921052625 0.4964200484375 0.5921052625
26 0.5465393796875 0.39912280624999996 0.5465393796875 0.55701754375 0.55608591875 0.5657894734375 0.553699284375 0.4166666671875 0.564439140625 0.3771929828125 0.5727923625 0.381578946875 0.5656324578125 0.49561403437499996 0.5739856796875 0.5263157890625 0.6133651546875 0.5482456140624999 0.575178996875 0.47807017500000004 0.5847255375 0.40789473750000005 0.576372315625 0.3421052625 0.5465393796875 0.39912280624999996
6 0.749403340625 0.3201754390625 0.74105011875 0.3157894734375 0.727923628125 0.44298245625000005 0.7326968968750001 0.504385965625 0.749403340625 0.521929825 0.7565632453125 0.460526315625 0.7422434375 0.39912280624999996 0.749403340625 0.3201754390625
6 0.789976134375 0.311403509375 0.7816229109374999 0.30701754375 0.7732696890625 0.46929824531250003 0.7816229109374999 0.5263157890625 0.79236276875 0.521929825 0.8019093078124999 0.45175438593750006 0.7852028640625 0.425438596875 0.789976134375 0.311403509375
47 0.8520286390624999 0.49561403437499996 0.8639618140625 0.45175438593750006 0.85918854375 0.3640350875 0.8293556078125001 0.3947368421875 0.817422434375 0.3421052625 0.8162291171874999 0.48684210468750005 0.8269689734375 0.5 0.8329355609375 0.425438596875 0.8484486875 0.3947368421875 0.8448687343750001 0.49561403437499996 0.8520286390624999 0.49561403437499996