24 0.11472582656250001 0.3657592453125 0.119142771875 0.4977609625 0.120026190625 0.4148762265625 0.12709331562499998 0.5775758109375 0.1350438640625 0.6451116421875 0.1412276515625 0.7126473015625 0.1588955046875 0.7126473015625 0.153595140625 0.629762565625 0.1482947765625 0.599064546875 0.1412276515625 0.506970396875 0.16331245156250002 0.4977609625 0.1739131796875 0.4670628296875 0.17934782656249998 0.405660378125 0.17744678281249998 0.3596197171875 0.171263 0.32585181093750004 0.1603260875 0.30188679218750003 0.149456521875 0.28301886718749997 0.13315217343750002 0.28301886718749997 0.11737601093750001 0.3105027359375 0.11472582656250001 0.3657592453125
51 0.19565217343750002 0.6886792453125 0.190217390625 0.613207546875 0.184782609375 0.594339621875 0.184782609375 0.5566037734375 0.19565217343750002 0.518867925 0.19565217343750002 0.5 0.1820652171875 0.4905660375 0.1684782609375 0.5377358484375 0.1684782609375 0.5566037734375 0.17934782656249998 0.632075471875 0.17934782656249998 0.6698113203125 0.1875 0.6981132078125001 0.19565217343750002 0.6886792453125
38 0.23641304375 0.6981132078125001 0.2554347828125 0.6886792453125 0.2663043484375 0.6698113203125 0.26358695625 0.641509434375 0.24728260937500002 0.6603773578125 0.23913043437499998 0.632075471875 0.23913043437499998 0.594339621875 0.2309782609375 0.5660377359375001 0.211956521875 0.5754716984375 0.211956521875 0.650943396875 0.2065217390625 0.6698113203125 0.20923912968749997 0.6792452828125 0.2309782609375 0.6792452828125 0.23641304375 0.6981132078125001
45 0.2554347828125 0.481132075 0.2554347828125 0.518867925 0.2663043484375 0.594339621875 0.260869565625 0.632075471875 0.252717390625 0.6603773578125 0.2560688375 0.6573908109375 0.258719021875 0.68501905625 0.260869565625 0.6886792453125 0.274456521875 0.622641509375 0.2853260875 0.6603773578125 0.2934782609375 0.650943396875 0.2771739125 0.594339621875 0.2771739125 0.5566037734375 0.27173912968749997 0.5377358484375 0.27173912968749997 0.4245283015625 0.2663043484375 0.386792453125 0.25815217343749997 0.35849056562500003 0.252717390625 0.35849056562500003 0.25 0.4622641515625 0.2554347828125 0.481132075
42 0.3125 0.4150943390625 0.30434782656250003 0.44339622656250005 0.3125 0.4905660375 0.32608695625 0.481132075 0.32608695625 0.4622641515625 0.3125 0.4150943390625
42 0.3423913046875 0.7075471703125 0.3423913046875 0.6698113203125 0.3315217390625 0.594339621875 0.3125 0.5283018875 0.3070652171875 0.5283018875 0.29891304375 0.5566037734375 0.29891304375 0.650943396875 0.301630434375 0.6603773578125 0.309782609375 0.632075471875 0.3125 0.5849056609375001 0.32065217343749997 0.613207546875 0.3315217390625 0.7075471703125 0.3423913046875 0.7075471703125
36 0.38315217343749997 0.641509434375 0.364130434375 0.5754716984375 0.3695652171875 0.518867925 0.36141304375 0.4905660375 0.3559782609375 0.4905660375 0.3478260875 0.518867925 0.3478260875 0.5754716984375 0.38315217343749997 0.6792452828125 0.3913043484375 0.6698113203125 0.3913043484375 0.650943396875 0.38315217343749997 0.641509434375
34 0.426563940625 0.6236229062499999 0.4415816140625 0.66966998125 0.44334845625 0.63897198125 0.42833070156249997 0.5806457171875 0.4247971796875 0.5622268874999999 0.4103260875 0.5283018875 0.39652851093749997 0.5345986421875 0.3894613859375 0.605204075 0.39673912968749997 0.650943396875 0.401828875 0.6758096421875 0.41684662968749997 0.6666002265625 0.426563940625 0.6236229062499999
5 0.5461956515625 0.47169811250000004 0.524456521875 0.47169811250000004 0.5163043484375 0.5 0.524456521875 0.5471698109375 0.5298913046875 0.5094339625 0.5407608703125 0.5094339625 0.5543478265624999 0.5754716984375 0.559782609375 0.632075471875 0.5407608703125 0.641509434375 0.5407608703125 0.6603773578125 0.565217390625 0.650943396875 0.5706521734375001 0.632075471875 0.5706521734375001 0.594339621875 0.5543478265624999 0.5 0.5543478265624999 0.44339622656250005 0.5625 0.4150943390625 0.573369565625 0.4150943390625 0.5788043484375 0.43396226406249994 0.586956521875 0.405660378125 0.573369565625 0.377358490625 0.5625 0.377358490625 0.54891304375 0.4245283015625 0.5461956515625 0.47169811250000004
0 0.6195652171875 0.632075471875 0.625 0.613207546875 0.625 0.5566037734375 0.6195652171875 0.518867925 0.5951086953125 0.43396226406249994 0.5842391296875 0.43396226406249994 0.57608695625 0.4622641515625 0.5706521734375001 0.518867925 0.5788043484375 0.5471698109375 0.5842391296875 0.5094339625 0.5923913046875 0.594339621875 0.61141304375 0.641509434375 0.6195652171875 0.632075471875
46 0.6711956515625 0.6037735843750001 0.6820652171875 0.6037735843750001 0.698369565625 0.5471698109375 0.70108695625 0.594339621875 0.7092391296875 0.622641509375 0.7173913046875 0.613207546875 0.7173913046875 0.5377358484375 0.7038043484375 0.45283018906250005 0.698369565625 0.45283018906250005 0.690217390625 0.481132075 0.6820652171875 0.5471698109375 0.6603260875 0.5283018875 0.6440217390625 0.45283018906250005 0.635869565625 0.481132075 0.6467391296875 0.5377358484375 0.649456521875 0.5849056609375001 0.6603260875 0.5660377359375001 0.6711956515625 0.6037735843750001
40 0.8152173906250001 0.518867925 0.8097826093749999 0.481132075 0.7961956515625 0.45283018906250005 0.7690217390625 0.45283018906250005 0.747282609375 0.5094339625 0.721722815625 0.4655141328125 0.7173913046875 0.5 0.731440125 0.539189471875 0.7282608703125 0.613207546875 0.7228260875 0.632075471875 0.7228260875 0.877358490625 0.7282608703125 0.896226415625 0.7282608703125 0.9716981125 0.73641304375 1 0.75 0.9905660375 0.7445652171875 0.9716981125 0.7445652171875 0.9339622640625 0.7336956515625 0.8584905656249999 0.7336956515625 0.650943396875 0.739130434375 0.632075471875 0.739130434375 0.594339621875 0.747282609375 0.5660377359375001 0.76358695625 0.5849056609375001 0.774456521875 0.622641509375 0.801630434375 0.641509434375 0.8152173906250001 0.5754716984375 0.8152173906250001 0.518867925