28 0.14024390312499999 0.734375 0.14024390312499999 0.546875 0.1403302625 0.42682956250000004 0.1737804875 0.40625 0.17682926875 0.359375 0.0945121953125 0.34375 0.0914634140625 0.390625 0.0952771640625 0.41323440624999996 0.1217789875 0.42682956250000004 0.12804878125000002 0.734375 0.14024390312499999 0.734375
10 0.197750859375 0.7168593750000001 0.19421733593749999 0.40417090624999996 0.185975609375 0.40625 0.17566606093749998 0.47214665624999996 0.1585365859375 0.640625 0.1606483046875 0.6896690624999999 0.176549396875 0.58543971875 0.18626678593749998 0.5809078750000001 0.183616603125 0.73045453125 0.197750859375 0.7168593750000001
11 0.23043646875 0.77123996875 0.2242526828125 0.6307568125 0.2445708046875 0.6171616875 0.25517153124999997 0.67154228125 0.23220323125000003 0.7757718437500001 0.21951219531250002 0.796875 0.22865853593750002 0.84375 0.237804878125 0.828125 0.26829268281249996 0.734375 0.2693057859375 0.63528846875 0.25 0.546875 0.24633756718750002 0.42682956250000004 0.234756096875 0.40625 0.2154187984375 0.42229790625 0.213414634375 0.484375 0.213414634375 0.546875 0.218068975 0.7621766875 0.23043646875 0.77123996875
12 0.4054878046875 0.65625 0.37804878125 0.640625 0.3841463421875 0.546875 0.40243902499999995 0.421875 0.387195121875 0.40625 0.3658536578125 0.578125 0.3658536578125 0.671875 0.375 0.71875 0.4085365859375 0.703125 0.4054878046875 0.65625
23 0.4329268296875 0.796875 0.44512195156249995 0.765625 0.4512195125 0.703125 0.4512195125 0.609375 0.43597560937499996 0.5 0.4176829265625 0.5 0.414634146875 0.578125 0.4085365859375 0.609375 0.4085365859375 0.765625 0.4237804875 0.8125 0.4329268296875 0.796875
26 0.463414634375 0.515625 0.45802081718750004 0.80978840625 0.465971359375 0.81432003125 0.4721550671875 0.723685625 0.495123371875 0.791661375 0.5331092625 0.8822957812500001 0.5578443296875 0.9230812500000001 0.5604945125 0.87323228125 0.5213414640625 0.78125 0.48780487812500006 0.671875 0.5030739140625 0.60132928125 0.507490859375 0.5016315625 0.50395725625 0.42912415625 0.484522640625 0.41099715625 0.4542682921875 0.4375 0.44512195156249995 0.484375 0.463414634375 0.515625
10 0.5365853656249999 0.765625 0.5454768359375 0.76447109375 0.542826653125 0.64664659375 0.539634146875 0.46875 0.5335365859375 0.46875 0.5013070734375 0.664773375 0.5091463421875 0.6875 0.5225085359375 0.6285195625 0.5331092625 0.6330514375 0.5304878046875 0.765625 0.5365853656249999 0.765625
20 0.5578443296875 0.7463442812500001 0.60024725 0.7599394375 0.60024725 0.68743203125 0.56932848125 0.673836875 0.5684450609375 0.46537778125000007 0.5569609078125 0.46537778125000007 0.5578443296875 0.7463442812500001
12 0.603780853125 0.7690029375 0.6205652859375 0.791661375 0.6373498046875 0.78712975 0.6550176578125 0.77353459375 0.6488339515625 0.70555884375 0.6355830421875 0.7191539687499999 0.618798525 0.6919636875 0.6249823109375 0.6285195625 0.63116601875 0.57413896875 0.652439025 0.515625 0.64939024375 0.46875 0.625 0.5 0.6090812140625 0.5832024687499999 0.6028974328125 0.69649534375 0.603780853125 0.7690029375
10 0.68593650625 0.81432003125 0.6885866890625 0.61945628125 0.685975609375 0.5 0.6768292687499999 0.515625 0.6707317078125 0.609375 0.652439025 0.734375 0.6615853656249999 0.78125 0.664634146875 0.734375 0.6737804875 0.71875 0.674452359375 0.83244684375 0.68593650625 0.81432003125
20 0.7062545484375 0.4970999375 0.7062545484375 0.70555884375 0.70713796875 0.8279151875 0.7539578296875 0.8369786875 0.7521910734375 0.79619325 0.7195054578125 0.75540778125 0.722155640625 0.4970999375 0.7062545484375 0.4970999375
13 0.778692896875 0.7690029375 0.7839932625 0.87323228125 0.8007776953124999 0.9004225937499999 0.8175622140625001 0.87323228125 0.8272795187499999 0.75540778125 0.82551275625 0.66930503125 0.8219791578125 0.5424170312500001 0.810975609375 0.453125 0.80182926875 0.40625 0.7866434453125 0.401933875 0.778692896875 0.44725096875 0.7804878046875 0.640625 0.778692896875 0.7690029375