12 0.0806451609375 0.6764705875 0.048387096875 0.6372549015625 0.048387096875 0.578431371875 0.06182795625 0.509803921875 0.0698924734375 0.598039215625 0.0806451609375 0.598039215625 0.0806451609375 0.5 0.0725806453125 0.4509803921875 0.06182795625 0.4509803921875 0.037634409375 0.5588235296875 0.037634409375 0.6568627453125 0.05107526875 0.686274509375 0.0806451609375 0.6764705875
34 0.128868946875 0.621824646875 0.1414093171875 0.6185547640625 0.137826403125 0.576045371875 0.129764715625 0.5073765296875 0.12096774218749999 0.490196078125 0.1073711234375 0.49429680468750004 0.09677419375 0.5392156859375 0.097517978125 0.621824646875 0.1064753546875 0.6479842546875 0.1225987203125 0.644714215625 0.128868946875 0.621824646875
49 0.15860215 0.7254901953124999 0.161290321875 0.715686275 0.161290321875 0.6176470593750001 0.1639784953125 0.6078431375 0.16935483906249998 0.6274509796875 0.1774193546875 0.598039215625 0.1774193546875 0.5 0.16935483906249998 0.4705882359375 0.1639784953125 0.4705882359375 0.150537634375 0.51960784375 0.150537634375 0.5588235296875 0.145161290625 0.578431371875 0.150537634375 0.69607843125 0.15860215 0.7254901953124999
14 0.3225806453125 0.5 0.3225806453125 0.5392156859375 0.3279569890625 0.5588235296875 0.3279569890625 0.715686275 0.33870967812499997 0.715686275 0.35752688125 0.705882353125 0.3709677421875 0.6764705875 0.34408602187500004 0.6568627453125 0.3380971078125 0.6135640984374999 0.3709677421875 0.578431371875 0.37034384375 0.557975 0.3398885640625 0.5677848234375 0.3372013390625 0.492576059375 0.365865075 0.5023858828125001 0.35752688125 0.4509803921875 0.33064516093749996 0.4509803921875 0.3225806453125 0.5
57 0.3817204296875 0.69607843125 0.39247311875 0.69607843125 0.400537634375 0.6274509796875 0.423192634375 0.6887727453125 0.42767131718750007 0.6658831765625 0.4088607265625 0.6004842359375 0.421401178125 0.5220055484375 0.4088607265625 0.512195725 0.400537634375 0.5490196078125 0.389784946875 0.5294117640625 0.38288421562499997 0.512195725 0.37571830156249997 0.54816515625 0.3882586671875 0.5841346078125 0.3817204296875 0.69607843125
42 0.4301075265625 0.6372549015625 0.43817204375 0.6666666671875 0.440860215625 0.6568627453125 0.44623655937500006 0.6372549015625 0.440860215625 0.6176470593750001 0.440860215625 0.5588235296875 0.4327956984375 0.5294117640625 0.4301075265625 0.6372549015625
42 0.451612903125 0.51960784375 0.44623655937500006 0.4607843140625 0.43817204375 0.4509803921875 0.4354838703125 0.51960784375 0.451612903125 0.51960784375
54 0.502688171875 0.6666666671875 0.50537634375 0.6568627453125 0.5 0.6176470593750001 0.49731182812499997 0.5294117640625 0.491935484375 0.5294117640625 0.4838709671875 0.5588235296875 0.4811827953125 0.6078431375 0.47311827968750003 0.598039215625 0.47311827968750003 0.5588235296875 0.4650537640625 0.5294117640625 0.456989246875 0.5588235296875 0.4650537640625 0.6470588234375 0.49731182812499997 0.6470588234375 0.502688171875 0.6666666671875
46 0.5618279562499999 0.5294117640625 0.5349462359375 0.5294117640625 0.5295698921875001 0.5490196078125 0.5188172046874999 0.5294117640625 0.5161290328125 0.578431371875 0.5215053765625 0.598039215625 0.5215053765625 0.6568627453125 0.5322580640625 0.6568627453125 0.5322580640625 0.578431371875 0.54032258125 0.5490196078125 0.548387096875 0.5588235296875 0.55107526875 0.6470588234375 0.5645161296875 0.6372549015625 0.5645161296875 0.578431371875 0.5725806453125 0.5490196078125 0.5833333328125 0.6274509796875 0.59139785 0.598039215625 0.5860215046875 0.51960784375 0.5672043015625 0.509803921875 0.5618279562499999 0.5294117640625
2 0.7231182796875 0.490196078125 0.7258064515625 0.5 0.7258064515625 0.5588235296875 0.7098302640624999 0.6658831765625 0.742077 0.675693 0.74566 0.633183784375 0.7258064515625 0.6372549015625 0.7258064515625 0.598039215625 0.7365591390625 0.5392156859375 0.7338709671875 0.4705882359375 0.720579178125 0.4435268828125 0.6928112093750001 0.45660676406249995 0.6910196671875 0.5154657640625 0.70176858125 0.53508543125 0.7043010749999999 0.5392156859375 0.708934575 0.5318153921875 0.7150537640625 0.51960784375 0.7231182796875 0.490196078125
0 0.752688171875 0.51960784375 0.747311828125 0.6372549015625 0.7741935484375 0.6372549015625 0.7795698921875001 0.6176470593750001 0.7795698921875001 0.5392156859375 0.7661290328125 0.490196078125 0.7607526874999999 0.490196078125 0.752688171875 0.51960784375
46 0.8145161296874999 0.5490196078125 0.8225806453125 0.5588235296875 0.8225806453125 0.6372549015625 0.8333333328125001 0.6372549015625 0.8413978500000001 0.5490196078125 0.8494623656250001 0.578431371875 0.8494623656250001 0.6176470593750001 0.854838709375 0.6176470593750001 0.8521505375 0.509803921875 0.8145161296874999 0.509803921875 0.809139784375 0.5294117640625 0.79032258125 0.5392156859375 0.798387096875 0.6470588234375 0.8064516125000001 0.6372549015625 0.8064516125000001 0.578431371875 0.8145161296874999 0.5490196078125
40 0.8898745437500001 0.616834 0.8924731187500001 0.48039215625000004 0.8736559140625 0.4705882359375 0.8647938015625 0.492576059375 0.8612108875000001 0.5677848234375 0.8719598015625 0.587404490625 0.8558364296875001 0.6560733328125 0.8674810328125 0.728012078125 0.8916660859375 0.721472275 0.8898745437500001 0.616834