24 0.135571009375 0.3628225125 0.11992595156250001 0.5249222687499999 0.1183999546875 0.5929073484375 0.115124415625 0.660646371875 0.1326203265625 0.6631052625 0.13890687031249999 0.5802894875 0.137930428125 0.5491525515625 0.1437491078125 0.4569711015625 0.16690068593750002 0.45092490312500005 0.18167060156249998 0.4220008578125 0.1955979296875 0.361952328125 0.20012300781249998 0.31609515625 0.1986989890625 0.28179526093749996 0.19120379999999998 0.2565413453125 0.1830659234375 0.2363442890625 0.1669202484375 0.2340751625 0.147472603125 0.25909594375 0.137157990625 0.313445865625 0.1231608625 0.444777671875 0.135571009375 0.3628225125
51 0.17472074531249998 0.5495517328124999 0.1799725609375 0.512183128125 0.1959881578125 0.4763272734375 0.198614065625 0.45764296875 0.18647229062499998 0.446409878125 0.1664527921875 0.49122969687499995 0.16382688437499998 0.5099140015625 0.1640870390625 0.5861639656250001 0.1588352234375 0.6235325703125 0.1629691984375 0.6526935890625001 0.17235499062499998 0.6444860015625 0.17747672812499998 0.5689924125 0.17472074531249998 0.5495517328124999
38 0.244945490625 0.6356345796875 0.2461934046875 0.6072299375 0.2274218234375 0.6236451140625 0.2232878453125 0.5944840953125 0.22853966093750003 0.5571154890625001 0.22440568593750002 0.527954471875 0.20425611093749999 0.534649309375 0.19375248125 0.6093865218750001 0.18574468125000002 0.6273144484375 0.187122671875 0.6370347875 0.208650240625 0.6400602906249999 0.211406225 0.6595009703125 0.2315557984375 0.6528061328125 0.244945490625 0.6356345796875
45 0.2554491203125 0.5608973671874999 0.2448154140625 0.5975095984375 0.23280371406249997 0.6244014890625 0.2365381921875 0.6219104375 0.2353174765625 0.6496386421875 0.23693769062499997 0.6535625078125 0.25958309687500003 0.5900583859374999 0.265095065625 0.6289397421875 0.27448085624999996 0.6207321546875 0.266212903125 0.5624101171875 0.27146471875 0.5250415125 0.268708734375 0.5056008328125 0.2844641796875 0.3934950140625 0.284334103125 0.3553700328125 0.2802001265625 0.32620901406249997 0.27481823437499997 0.32545263750000003 0.25768479843750003 0.42783811875 0.2604407828125 0.44727879687499994 0.2551889671875 0.48464740468749995 0.2554491203125 0.5608973671874999
42 0.31563769062499997 0.46456289218749997 0.3304053734375 0.457111678125 0.33303128125 0.4384273765625 0.326141321875 0.389825678125 0.3141296234375 0.4167175703125 0.31563769062499997 0.46456289218749997
42 0.3200318203125 0.5699738734375 0.31038587500000003 0.5019314984375 0.305003984375 0.5011751234374999 0.2929922859375 0.5280670140625 0.279862746875 0.62148853125 0.28124073906249997 0.63120886875 0.2932524390625 0.604316978125 0.302508153125 0.5579844078125 0.30664212812499997 0.587145425 0.30427637500000004 0.68207969375 0.3150401578125 0.6835924453125 0.3202919734375 0.6462238375 0.3200318203125 0.5699738734375
36 0.36820869218749996 0.500531290625 0.364074715625 0.47137027187499997 0.358692825 0.47061389687500005 0.3466811265625 0.4975057890625 0.338803403125 0.5535586984374999 0.35934320625 0.66123880625 0.3687289984375 0.6530312171875 0.37135490625 0.634346915625 0.364595021875 0.6238702 0.35494907656249997 0.5558278249999999 0.36820869218749996 0.500531290625
34 0.42455862343749995 0.62973514375 0.4178044671875 0.569886440625 0.4168687390625 0.551155090625 0.4072599265625 0.515546259375 0.3927202875 0.5198614828125 0.3758955625 0.588796234375 0.376736796875 0.635103290625 0.378316296875 0.6604358953125 0.394469603125 0.653406171875 0.41007363281250003 0.6121994921875 0.418536640625 0.6598884968750001 0.42455862343749995 0.62973514375
5 0.516145675 0.5022691265625 0.5176537437500001 0.550114446875 0.52828745 0.5135022171875 0.539051234375 0.51501496875 0.5433152875 0.58230096875 0.54081945625 0.6391102531249999 0.52066988125 0.6458050906249999 0.5180439734375 0.66448939375 0.5435754390625 0.6585509328125 0.5515832390625001 0.6406230046875 0.556835053125 0.6032543968749999 0.5538189171875 0.5075637562499999 0.561696640625 0.45151084687500004 0.5737083390625 0.4246189546875 0.584472121875 0.4261317046875 0.58722810625 0.445572384375 0.5992398046875 0.41868049375 0.5897239375 0.3887631 0.5789601531249999 0.3872503484375 0.55894065625 0.43207016718749996 0.549684940625 0.4784027359375 0.5281573734375 0.47537723437499996 0.516145675 0.5022691265625
0 0.6159057859375 0.5734495468749999 0.615775709375 0.5353245656250001 0.60337378125 0.44784151093749996 0.592609996875 0.44632875937499994 0.5805982984375 0.47322065156250004 0.567338684375 0.5285171859375 0.5714726609375 0.5576782031249999 0.5821063671875 0.5210659734374999 0.578362621875 0.6062799 0.5906344734375 0.6556379734375 0.6000202640625 0.647430384375 0.6080280625000001 0.62950245625 0.6159057859375 0.5734495468749999
46 0.689874278125 0.574318465625 0.6860004546875 0.6214074109375 0.6901344296875 0.6505684296875 0.6995202218750001 0.642360840625 0.7100238531249999 0.567623628125 0.7083857078125 0.481653325 0.703003815625 0.48089695 0.6909921156250001 0.507788840625 0.6737286015625 0.5720493390625 0.6548269437500001 0.550339534375 0.6491848984375 0.47333319375 0.6371732 0.500225084375 0.640059259375 0.5577907453125001 0.6361854375 0.6048796921874999 0.649575128125 0.587708140625 0.6550870953125 0.626589496875 0.6658508796875 0.6281022484375 0.689874278125 0.574318465625
40 0.67669828125 1 0.6817892515625 0.9637758734374999 0.6815290984375 0.8875259078125 0.7104140812499999 0.6819985749999999 0.7184218796875 0.6640706468750001 0.7236736953125 0.6267020390625 0.7356853953125 0.5998101484375 0.7492051625 0.6207635796875 0.75471713125 0.6596449359375 0.77900068125 0.6821111171875 0.8016460859375 0.6186069953125 0.809523809375 0.5625540859375 0.809393734375 0.524429103125 0.7998778640624999 0.49451170937500005 0.77296840625 0.4907298328125 0.74356311875 0.5437572390625001 0.7243645296875 0.49670759843749995 0.7152756671875 0.5302550218750001 0.7237336453125 0.571018321875 0.71028400625 0.6438735921875 0.70227620625 0.6618015203125001 0.6681394078125 0.9046974609375 0.6708953921874999 0.924138140625 0.6603917625 0.9988753515625 0.660551196875 1 0.67669828125 1