55 0.14110429375 0.625 0.1472392640625 0.5568181812499999 0.15944327656249999 0.5014344765625001 0.1564417171875 0.47727272656249997 0.138036809375 0.5454545453125 0.1196319015625 0.47727272656249997 0.11349693281249999 0.47727272656249997 0.1104294484375 0.5113636359375 0.1226993859375 0.6022727265625 0.13190184062500002 0.6363636359375 0.14110429375 0.625
42 0.16299847812499998 0.491547090625 0.165644171875 0.625 0.171779140625 0.625 0.172775484375 0.49484300000000003 0.16299847812499998 0.491547090625
42 0.1779141109375 0.44318181875 0.171779140625 0.375 0.1625766875 0.3636363640625 0.159509203125 0.42045454531250004 0.16871165625 0.45454545468749996 0.1779141109375 0.44318181875
52 0.2147239265625 0.5795454546875 0.20552147187499997 0.6136363640625 0.1901840484375 0.625 0.22699386562499999 0.625 0.23312883437499998 0.5568181812499999 0.20858895781250003 0.48863636406250005 0.2208588953125 0.465909090625 0.21165644218750002 0.43181818125 0.199386503125 0.43181818125 0.1901840484375 0.465909090625 0.1901840484375 0.5113636359375 0.199386503125 0.5454545453125 0.21165644218750002 0.5454545453125 0.2147239265625 0.5795454546875
51 0.2483245953125 0.5706461593750001 0.2509910375 0.6233789546875 0.267878528125 0.62008306875 0.259879203125 0.5113218640625 0.2669896875 0.5047303859375 0.2803218890625 0.47836397656249996 0.275877853125 0.445406090625 0.266871165625 0.47727272656249997 0.2546012265625 0.47727272656249997 0.23619631874999997 0.43181818125 0.23312883437499998 0.465909090625 0.2453987734375 0.5113636359375 0.2483245953125 0.5706461593750001
34 0.336317159375 0.59042093125 0.3265402328125 0.5278008859375001 0.3238737921875 0.468476590625 0.30981595156249997 0.43181818125 0.2874324546875 0.44870181875000004 0.283877171875 0.5113218640625 0.2822085890625 0.5795454546875 0.304319865625 0.6233789546875 0.32298495156249996 0.5805335453125 0.336317159375 0.59042093125
45 0.3374233125 0.42045454531250004 0.3374233125 0.6022727265625 0.34969325156250003 0.6022727265625 0.34969325156250003 0.375 0.340490796875 0.3636363640625 0.33128834375 0.39772727343750003 0.3374233125 0.42045454531250004
5 0.5214723921875 0.625 0.5416331343749999 0.62008306875 0.551410140625 0.567350409375 0.5496324593749999 0.5113218640625 0.5363002578125 0.471772340625 0.5567430250000001 0.44211018125 0.5567430250000001 0.41574393125000003 0.5245398765625 0.43181818125 0.5214723921875 0.465909090625 0.53374233125 0.5340909093749999 0.53374233125 0.5795454546875 0.5245398765625 0.5909090906250001 0.5214723921875 0.625
0 0.592024540625 0.43181818125 0.5674846625 0.409090909375 0.5611870671875 0.48825136406249997 0.5674087921875001 0.5838294312500001 0.5798521531249999 0.613491590625 0.60122699375 0.5795454546875 0.6073619625 0.5113636359375 0.592024540625 0.43181818125
46 0.659509203125 0.43181818125 0.64110429375 0.43181818125 0.6349693249999999 0.45454545468749996 0.6226993859375 0.43181818125 0.6134969328125 0.44318181875 0.6196319015625 0.48863636406250005 0.6196319015625 0.5795454546875 0.62883435625 0.6136363640625 0.638036809375 0.5795454546875 0.64110429375 0.47727272656249997 0.6472392640625 0.47727272656249997 0.6564417171875 0.5113636359375 0.6503067484375 0.5340909093749999 0.6503067484375 0.5795454546875 0.659509203125 0.6136363640625 0.6625766875 0.6022727265625 0.66871165625 0.5795454546875 0.66871165625 0.5340909093749999 0.6779141109375 0.5 0.6871165640625 0.5340909093749999 0.6871165640625 0.5795454546875 0.693251534375 0.5795454546875 0.693251534375 0.465909090625 0.6840490796875 0.43181818125 0.671779140625 0.45454545468749996 0.659509203125 0.43181818125
40 0.7318393921874999 0.6398578406250001 0.722951140625 0.547575659375 0.7300613499999999 0.48863636406250005 0.7208588953125 0.43181818125 0.6989531718750001 0.445406090625 0.705521471875 0.5340909093749999 0.679399325 0.6233789546875 0.6785105640625 0.7255485234375 0.7007308531249999 0.76180231875 0.7220623859375 0.7288442734375 0.7318393921874999 0.6398578406250001