13 0.1206896546875 0.6777777781250001 0.137931034375 0.60555555625 0.1316614421875 0.50555555625 0.09874608124999999 0.41111111093749997 0.0689655171875 0.45 0.075235109375 0.5166666671875 0.07366771093749999 0.577777778125 0.07836990625 0.6833333328125 0.090909090625 0.70555555625 0.1206896546875 0.6777777781250001
42 0.2021943578125 0.36666666718749996 0.19435736718750002 0.40555555625000006 0.2068965515625 0.45 0.2021943578125 0.36666666718749996
42 0.164576803125 0.522222221875 0.1598746078125 0.6166666671875001 0.17554858906249998 0.65 0.17554858906249998 0.55 0.164576803125 0.522222221875
34 0.2335423203125 0.6555555562500001 0.2429467078125 0.622222221875 0.2601880875 0.672222221875 0.2507836984375 0.527777778125 0.2272727265625 0.5 0.216300940625 0.627777778125 0.2335423203125 0.6555555562500001
52 0.3322884015625 0.55 0.3166144203125 0.527777778125 0.315047021875 0.44444444375 0.2978056421875 0.55 0.3228840125 0.5833333328125 0.31818181874999996 0.6333333328124999 0.304075234375 0.6166666671875001 0.31191222500000004 0.6777777781250001 0.3228840125 0.672222221875 0.3322884015625 0.55
45 0.4059561125 0.36666666718749996 0.40438871406250004 0.5833333328125 0.4200626953125 0.627777778125 0.4169279 0.39444444375 0.4059561125 0.36666666718749996
42 0.518808778125 0.34444444375 0.5109717875 0.38333333281250004 0.52664576875 0.50555555625 0.518808778125 0.34444444375
42 0.44984326093749993 0.5111111109375 0.445141065625 0.5833333328125 0.46081504687499997 0.627777778125 0.46081504687499997 0.5388888890625 0.44984326093749993 0.5111111109375
54 0.3741445171875 0.6096033328125 0.392310840625 0.638606578125 0.38141103125 0.5419291 0.36324470781249996 0.583822621875 0.36778626718749996 0.4903676671875 0.3568864578125 0.46136442187500004 0.35052820625000003 0.62571614375 0.36051975625 0.6418291109375 0.3741445171875 0.6096033328125
47 0.507667190625 0.68372264375 0.5231085609374999 0.6611646109375 0.5176586546874999 0.6096033328125 0.5094838 0.5580419109375 0.4994923328125 0.5644871218749999 0.4976756421875 0.5387064109375 0.48950078750000003 0.5161483890625 0.48223427343749997 0.5451516328125 0.48677583437500005 0.583822621875 0.478600975 0.6547194000000001 0.487684178125 0.6579420781249999 0.4976756421875 0.60638065625 0.5058505015625 0.65149685625 0.507667190625 0.68372264375
3 0.659405965625 0.5644871218749999 0.6748473359375 0.535483878125 0.68574714375 0.56770965625 0.6865203765625 0.627777778125 0.67121411875 0.65149685625 0.647597809375 0.6128258671875 0.647597809375 0.667609821875 0.653956059375 0.677277578125 0.6648558687499999 0.68372264375 0.68574714375 0.68372264375 0.7039135484375 0.6224936109375 0.6959247656249999 0.5722222218749999 0.68574714375 0.5258161328125001 0.6833855796875 0.4388888890625 0.67121411875 0.39369018906250003 0.6494144984375 0.406580621875 0.6466895484374999 0.46780964375 0.65123110625 0.4968128890625 0.6693974296875 0.44847414375000005 0.670305775 0.48714513281249994 0.659405965625 0.5644871218749999
0 0.752351096875 0.6388888890625 0.7617554859375 0.527777778125 0.731974921875 0.45555555625000005 0.721003134375 0.5944444437499999 0.7351097171875 0.64444444375 0.752351096875 0.6388888890625
7 0.8652037625 0.627777778125 0.862068965625 0.7388888890625 0.87460815 0.7388888890625 0.877742946875 0.6388888890625 0.9122257046875 0.60555555625 0.8840125390625 0.5833333328125 0.8855799375 0.46666666718750005 0.854231975 0.477777778125 0.851097178125 0.5111111109375 0.8714733546875 0.5166666671875 0.8714733546875 0.5722222218749999 0.8432601875 0.5833333328125 0.8652037625 0.627777778125
0 0.9169278999999999 0.577777778125 0.9090909093749999 0.672222221875 0.9278996859375 0.7166666671875 0.9373040749999999 0.627777778125 0.9169278999999999 0.577777778125