18 0.047817315625 0.46804638593750003 0.07181901874999999 0.5332928578125 0.0933222390625 0.5391004749999999 0.0970635921875 0.558348065625 0.09894064218750001 0.6378825531250001 0.11764740625 0.7341205125 0.1298036171875 0.761719840625 0.138839909375 0.74997594375 0.135719990625 0.7106327203125 0.1132718734375 0.5951471703125 0.1138933078125 0.5750515375 0.1020478140625 0.5374043953125 0.087082403125 0.4604140265625 0.0877038390625 0.44031839531249994 0.0727384265625 0.363328028125 0.0733598609375 0.343232396875 0.06556643749999999 0.31478502812500003 0.0568408625 0.3164811078125 0.04687241875 0.358368453125 0.047817315625 0.46804638593750003
47 0.135396528125 0.5808591546875 0.1263602359375 0.59260305 0.156291059375 0.7465837843750001 0.1650166328125 0.7448877046875 0.16189671562500002 0.70554448125 0.1469313046875 0.6285541140625 0.14786345625 0.598410665625 0.1606411015625 0.6059143609375 0.17560651249999998 0.6829047296875 0.1749850765625 0.7030003609375 0.1871412890625 0.7305996890625 0.19181479375 0.7197038328125 0.16157325312499998 0.5757709140625 0.149106325 0.5582194015625 0.1360179625 0.560763521875 0.135396528125 0.5808591546875
43 0.144420075 0.4292938765625 0.16468042656249998 0.47529275625 0.17371671875 0.463548859375 0.1749595890625 0.42335759531250006 0.1634248109375 0.3756626359375 0.142232309375 0.3598072046875 0.13693736875 0.3907986921875 0.144420075 0.4292938765625
43 0.2323354953125 0.8117015921874999 0.23700899843749998 0.8008057359375 0.23482123437500002 0.7313190640625 0.2123731171875 0.6158335140625 0.18400862499999998 0.5514350828125 0.166557475 0.5548272421875 0.17404017968750002 0.593322425 0.18712854375000001 0.59077830625 0.199284753125 0.618377634375 0.19742045 0.6786645296875 0.2036602859375 0.7573509765625001 0.22329920312499998 0.8234454890625 0.2323354953125 0.8117015921874999
17 0.24164426875 0.37044573281250004 0.25660967968750004 0.4474361 0.264713821875 0.4658356515625 0.29776456093750003 0.6591596109375 0.309920771875 0.6867589374999999 0.3145942765625 0.6758630812499999 0.292146159375 0.56037753125 0.293699746875 0.5101384515625 0.3239412875 0.6540713703125001 0.336097496875 0.6816706984375001 0.336408215625 0.67162288125 0.30647739218750003 0.517642146875 0.3070988265625 0.497546515625 0.29961612031249996 0.4590513328125 0.29151198125 0.44065177968749997 0.2728052171875 0.3444138203125 0.2640796421875 0.3461099015625 0.2902691109375 0.48084304375000003 0.28123281875 0.49258693906250006 0.26969804218750004 0.4448919796875 0.26159390312499997 0.426492428125 0.242576421875 0.340302284375 0.24164426875 0.37044573281250004
12 0.3550894890625 0.4882180765625 0.3214173125 0.3149897484375 0.3042768796875 0.30833409375 0.302101859375 0.3786688046875 0.31332591718749997 0.4364115796875 0.31270448281249996 0.45650721250000004 0.3395153875 0.571144721875 0.3722426671875 0.6346951140625 0.4118184703125 0.6170149390625 0.39031525 0.611207321875 0.38221111093750004 0.592807771875 0.36912274843750004 0.595351890625 0.35260375 0.5686006031249999 0.3407582578125 0.5309534593749999 0.318310140625 0.4154679078125 0.3198637265625 0.365228828125 0.3313985015625 0.41292378750000003 0.33077706875 0.4330194203125 0.3420011265625 0.4907621953125 0.3541573359375 0.5183615234375 0.3550894890625 0.4882180765625
16 0.371906459375 0.3651001640625 0.3831305171875 0.422842940625 0.3825090828125 0.4429385734375 0.4012158484375 0.53917653125 0.417113409375 0.5860234515625 0.43456456093750007 0.5826312921875 0.4320660765625 0.5231924359375 0.4510835578125 0.609382578125 0.45732339375000003 0.688069025 0.47041175781250005 0.6855249046874999 0.46292905156249997 0.647029721875 0.45668921406249996 0.5683432749999999 0.44546515624999994 0.5106005 0.4336196640625 0.47295335625 0.4133593125 0.42695447656249996 0.4183562796875 0.5458321875000001 0.40620006875000003 0.5182328593750001 0.3881147390625 0.40189926875 0.39434183125 0.34076433437500003 0.386859125 0.3022691484375 0.37408148125 0.2947654546875 0.371906459375 0.3651001640625
5 0.529277525 0.324522909375 0.5161891625 0.3270670296875 0.5152570109375 0.357210478125 0.530222421875 0.43420084374999995 0.533342340625 0.4735440671875 0.54549855 0.501143396875 0.5635711359375 0.4776556046875 0.571364559375 0.5061029734375 0.564205315625 0.59738135625 0.5551690234375 0.6091252515625001 0.5769829609375 0.6048850515625 0.581656465625 0.5939891953124999 0.5844529203125 0.503558853125 0.5604512171875 0.43831238125 0.5430000671874999 0.441704540625 0.5314652921875 0.39400958125 0.5323974437500001 0.363866134375 0.55857416875 0.35877789375 0.5595063203125 0.32863444531249997 0.55545425 0.31943466875 0.5423658890625 0.3219787890625 0.5298989609375 0.30442727812500003 0.529277525 0.324522909375
0 0.6579988734375 0.5092378046875 0.6430334625 0.43224743749999994 0.61092761875 0.3486014140625 0.59347646875 0.351993575 0.592544315625 0.382137021875 0.6075097265625 0.4591273875 0.610629646875 0.49847061249999997 0.6427354890625 0.5821166359375 0.6561345703125 0.5695247 0.660808075 0.55862884375 0.6579988734375 0.5092378046875
0 0.662659634375 0.358520565625 0.645208484375 0.361912725 0.6442763312500001 0.3920561734375 0.6623616609375 0.5083897640624999 0.6742071546874999 0.5460369078125 0.6907261515625 0.572788196875 0.7041252328125001 0.560196259375 0.7053681015625 0.520004996875 0.6866613375 0.42376703750000005 0.662659634375 0.358520565625
0 0.70690894375 0.329944534375 0.7062875078124999 0.350040165625 0.6975619328125 0.35173624531250003 0.700371134375 0.40112728437499995 0.7228192515625 0.5166128359375 0.743079603125 0.562611715625 0.7695670453125001 0.547475659375 0.7664471265625 0.5081324375 0.743377575 0.4127425171875 0.70690894375 0.329944534375
18 0.77047370625 0.23768944687500002 0.7695415546875 0.2678328953125 0.7770242609375 0.3063280796875 0.789180471875 0.33392740625 0.793853975 0.32303155 0.7866819859375 0.27448855 0.791666209375 0.2535448796875 0.8000810671874999 0.261896615625 0.8412359484374999 0.47362012499999995 0.8396823609374999 0.5238592046874999 0.82628328125 0.536451140625 0.8742739437499999 0.5271227015625 0.879258165625 0.506179028125 0.8537028765624999 0.49117163750000004 0.8200307 0.31794330937500004 0.820652134375 0.2978476796875 0.813480146875 0.24930467968749997 0.817842934375 0.24845663906249998 0.8340512140625 0.28525574374999996 0.8306205796875 0.2559603359375 0.8184643671874999 0.22836100781250002 0.80973879375 0.2300570875 0.801634653125 0.2116575359375 0.77047370625 0.23768944687500002
55 0.9306667187500001 0.386324615625 0.9222518609374999 0.37797287812499997 0.91476915625 0.3394776953125 0.890767453125 0.2742312234375 0.8817311609375 0.28597511875000003 0.9409586265625001 0.4742108375 0.9496842015625001 0.4725147578125 0.942810184375 0.274102559375 0.931275409375 0.22640760000000001 0.9306667187500001 0.386324615625