26 0.23315991875000003 0.264678146875 0.2081562640625 0.2399995375 0.190058640625 0.286608765625 0.173339496875 0.5141779625 0.18375065625 0.5064519703125 0.193270953125 0.4501209828125 0.21897687656249998 0.5366151390625 0.20478762343749998 0.4204605640625 0.2263643171875 0.35216638125 0.23315991875000003 0.264678146875
38 0.22593502031249998 0.49324523124999997 0.2301163578125 0.5333758234375 0.25312364062500003 0.5313838609375 0.2401763828125 0.49474205781249997 0.262130265625 0.400026775 0.2522848890625 0.368121115625 0.22906295625 0.4406525 0.22593502031249998 0.49324523124999997
47 0.275805846875 0.441155253125 0.28494895625 0.41124536406249995 0.2770478421875 0.5206680234375 0.293877415625 0.45187489999999997 0.3024286859375 0.518925534375 0.3070393234375 0.41797727812499996 0.2931751484375 0.3900593515625 0.2778282734375 0.41049695 0.275805846875 0.441155253125
48 0.3421030046875 0.4040221234375 0.32504355 0.44516503125 0.32087744375 0.5032240812500001 0.3371151796875 0.5313914796875 0.35194838125 0.4359277828125 0.3421030046875 0.4040221234375
55 0.38275255937499997 0.5538286578125 0.4008762375 0.44989055625 0.385152175 0.49674925468750003 0.3837215859375 0.43044703437500004 0.3720423765625 0.41598912656250003 0.37088475625 0.5525813015625001 0.38275255937499997 0.5538286578125
34 0.43739656250000003 0.4449087484375 0.4280909140625 0.4307003140625 0.41015583125 0.521427865625 0.43259733125000005 0.5590675546874999 0.4247743828125 0.49650359374999997 0.43739656250000003 0.4449087484375
31 0.51092483125 0.56730010625 0.507849003125 0.5052350890625 0.5232219328125 0.42746861562499994 0.5007543765625 0.44715779843750003 0.48964094999999996 0.39306824375 0.480120653125 0.44939923281249994 0.49215099687499997 0.49476491093749997 0.47731779531249996 0.5902286078125 0.4868120375 0.59122649375 0.496332334375 0.5348955046875 0.51092483125 0.56730010625
26 0.5489018015625 0.571291646875 0.5621158187499999 0.4227362796875 0.576922965625 0.38460145625000003 0.5847719687499999 0.38983654375 0.565731375 0.502498521875 0.5708296296875 0.5339052375 0.6077010890625 0.5598312046875 0.5770594499999999 0.486048653125 0.5938890234375 0.4172555296875 0.592458434375 0.3509533078125 0.5568289703125 0.4045401125 0.5403244765624999 0.5615698859375 0.5489018015625 0.571291646875
6 0.7326349953125 0.46711931093750003 0.7309637 0.5286853875 0.7457447921875 0.5478794390624999 0.7592838890625 0.48756071875 0.751460940625 0.42499675625 0.76683386875 0.34723028437500003 0.7589848640625 0.341995196875 0.7326349953125 0.46711931093750003
6 0.774981896875 0.49803089375000004 0.7773294015625 0.5556092390625 0.7884688843750001 0.552369921875 0.8052984562500001 0.483576796875 0.79143428125 0.45565886874999995 0.808101315625 0.3427474203125 0.8002523109374999 0.33751233125 0.774981896875 0.49803089375000004
47 0.871433075 0.40232534375 0.838554359375 0.4297405203125 0.8321880546875 0.37614990625 0.81587215625 0.519969128125 0.825177803125 0.5341775640625 0.8389054937499999 0.4606482953125 0.8575428453124999 0.43173629062499996 0.843437965625 0.531686659375 0.8505586468749999 0.5324350734375 0.8670110328125 0.49006305 0.871433075 0.40232534375