21 0.11335012656250001 0.6411764703125 0.1209068015625 0.6529411765625001 0.11838790937499999 0.35882352968750003 0.084382871875 0.5764705875 0.0818639796875 0.317647059375 0.042821159375 0.6058823531249999 0.0554156171875 0.6058823531249999 0.076826196875 0.42352941250000004 0.0780856421875 0.6176470593750001 0.084382871875 0.6352941171875 0.10957178906250001 0.4705882359375 0.11335012656250001 0.6411764703125
48 0.1511335015625 0.6529411765625001 0.163727959375 0.5470588234375 0.1549118390625 0.4 0.1360201515625 0.5 0.1360201515625 0.6058823531249999 0.1511335015625 0.6529411765625001
57 0.197732996875 0.6 0.22166246875 0.6647058828125 0.20403022656249997 0.5705882359375 0.2229219140625 0.49411764687500004 0.20025188906250002 0.5411764703124999 0.17632241875000002 0.5 0.19143576874999998 0.5705882359375 0.1813602015625 0.6764705875 0.19143576874999998 0.71176470625 0.197732996875 0.6
42 0.24055415624999998 0.505882353125 0.2342569265625 0.6411764703125 0.2418136015625 0.6647058828125 0.24055415624999998 0.505882353125
40 0.2901882953125 0.84541029375 0.30478589375 0.88823529375 0.309823678125 0.4647058828125 0.29345088124999996 0.42352941250000004 0.2732997484375 0.4588235296875 0.260148884375 0.5191042828125 0.2681004859375 0.59345250625 0.28337531562499996 0.5764705875 0.2999068921875 0.5232346828125001 0.29813989687500003 0.6719311171875 0.28577076562500003 0.75454030625 0.2901882953125 0.84541029375
47 0.3992443328125 0.7411764703125 0.4008115359375 0.7413778703125 0.396725440625 0.705882353125 0.38384051874999997 0.6636703296875 0.3639798484375 0.705882353125 0.3591021765625 0.5975828937500001 0.3520341109375 0.6182352468750001 0.355163728125 0.7470588234375 0.362720403125 0.7470588234375 0.3785394515625 0.7132358125 0.3992443328125 0.7411764703125
38 0.3325968359375 0.7091052234374999 0.348500040625 0.7173662000000001 0.35390428281249997 0.6705882359374999 0.33789790468750003 0.6636703296875 0.33878144374999997 0.58932210625 0.355568103125 0.5025825296875001 0.34584950625 0.4695388125 0.3317133 0.51084330625 0.32464523437500004 0.58932210625 0.3325968359375 0.7091052234374999
31 0.5642317375 0.6411764703125 0.5440806046875 0.5352941171875 0.5705289671875 0.4470588234375 0.5403022671875 0.505882353125 0.522670025 0.4470588234375 0.5138539046874999 0.4764705875 0.5340050375 0.5352941171875 0.5239294703125 0.6058823531249999 0.5302266999999999 0.6470588234375 0.5352644843750001 0.5647058828125 0.5642317375 0.6411764703125
16 0.6057934515625 0.4 0.5894206546875 0.5117647062499999 0.5919395468750001 0.6058823531249999 0.6057934515625 0.6352941171875 0.633501259375 0.5647058828125 0.6561712843749999 0.5647058828125 0.6649874062500001 0.7352941171875 0.6700251890625 0.582352940625 0.6612090687500001 0.5411764703124999 0.633501259375 0.5411764703124999 0.6209068015625 0.48235294062499995 0.6095717890625 0.5352941171875 0.6158690171875 0.58823529375 0.5969773296875001 0.5705882359375 0.6020151140625 0.4647058828125 0.6272040296875 0.405882353125 0.6057934515625 0.4
14 0.8211786 0.4695388125 0.817644609375 0.44475607031250003 0.78967254375 0.5294117640625 0.7909319906250001 0.44117647031249996 0.8387909312499999 0.3705882359375 0.7921914359375 0.42352941250000004 0.7921914359375 0.3411764703125 0.8236775812499999 0.31176470625 0.7758186390625 0.31176470625 0.7846347609375 0.5647058828125 0.7937898031249999 0.5851915296875 0.8211786 0.4695388125
13 0.9168765750000001 0.405882353125 0.8828715359375 0.294117646875 0.8866498734375 0.5705882359375 0.9143576828125 0.48823529375 0.9168765750000001 0.405882353125