14 0.1348744859375 0.2852434359375 0.1572496578125 0.34289250312499997 0.1658358296875 0.424977515625 0.160706040625 0.3089670953125 0.117665625 0.2323391 0.0493240703125 0.2654153203125 0.024022928125000002 0.375119534375 0.0314661015625 0.4406965953125 0.0481080296875 0.47143874375 0.042978240625000004 0.3554283234375 0.071708371875 0.295247965625 0.1348744859375 0.2852434359375
14 0.06928542343750001 0.679478390625 0.106619984375 0.6457502015625 0.137572196875 0.8133007046875 0.162260753125 0.8205164109374999 0.18352031875000002 0.778208259375 0.183547709375 0.69475899375 0.1720720921875 0.668761578125 0.174339825 0.7574103265625001 0.14332370156250002 0.784574778125 0.1209667890625 0.671292865625 0.1198420546875 0.5991520703125001 0.200829615625 0.525131953125 0.1560518796875 0.4932830828125 0.11296581406249999 0.555737196875 0.09750340468749999 0.4302373140625 0.0814375390625 0.3938409296875 0.09975287499999999 0.5745189078124999 0.06928542343750001 0.679478390625
36 0.2197575359375 0.5888900078125 0.236417725 0.5639993125 0.2128904265625 0.5176587125000001 0.21055878125 0.6237249171875 0.2248781953125 0.73271685 0.2656143546875 0.831961784375 0.2880077890625 0.8339780078125001 0.3029489171875 0.7982335953125 0.273660984375 0.8084353421875001 0.23636294375000003 0.7308978453125 0.2197575359375 0.5888900078125
48 0.318530021875 0.5621199921875 0.29787390937499997 0.515324640625 0.2680099125 0.5311806234375 0.304137565625 0.6756594359375 0.3368544890625 0.7149815484375 0.3403108703125 0.6810561374999999 0.318530021875 0.5621199921875
52 0.359311834375 0.522282815625 0.3380887890625 0.453325278125 0.330618225 0.4711974859375 0.34493763906249997 0.5801894171875001 0.3299965109375 0.6159338296875 0.34895182343750003 0.5962426187500001 0.40404391874999995 0.6932137968750001 0.34488285625000004 0.74708795 0.359805725 0.76697638125 0.42183797500000003 0.7126474765624999 0.36101263437500003 0.5887693781250001 0.359311834375 0.522282815625
49 0.4380134046875 0.41524679375 0.3903553515625 0.41166909687500003 0.3851707796875 0.462557209375 0.45737130156249994 0.9184133671874999 0.47401322968750004 0.949155515625 0.4545548984375 0.7519695859375 0.4787039125 0.6535738390625 0.4781643703125 0.5479623859375 0.461540703125 0.4615873921875 0.4380134046875 0.41524679375
51 0.492597021875 0.6044017359375 0.4833032890625 0.6361563828125 0.5045445953125001 0.6494810765625 0.5124285796875 0.5945137359375 0.5166137328125 0.5365005421875 0.5366118828124999 0.5670685515625 0.5679046484375 0.6633186359375001 0.5710412359375 0.63245994375 0.52526461875 0.5015614734375 0.500791521875 0.4985239953125 0.492597021875 0.6044017359375
42 0.4851958265625 0.11849808125000001 0.50411461875 0.2100725578125 0.5184614234375 0.23561522343750002 0.5190466171875 0.2021445671875 0.5769916390625001 0.3542938390625 0.5448781687500001 0.2258682265625 0.4851958265625 0.11849808125000001
42 0.5728861515625 0.6164048578125 0.586514928125 0.673865346875 0.6004732859375 0.539716546875 0.5917852031249999 0.38627913281250004 0.5728861515625 0.6164048578125
47 0.6588860750000001 0.6185466875000001 0.677844875 0.6256645437499999 0.660786475 0.4745339234375 0.6768888609375 0.39966461875000003 0.69231865 0.42433302812499996 0.7246508421875 0.5440332515625 0.7342669484375001 0.529651703125 0.695458275 0.376606075 0.6705901390625 0.3434357515625 0.6411791109375 0.4223121015625 0.6194384234375 0.40888770625 0.5999246125 0.461921515625 0.61140023125 0.48791893281250004 0.6349549203125 0.4508102640625 0.6495098265625 0.525572503125 0.6588860750000001 0.6185466875000001
7 0.77738040625 0.383748321875 0.7831410421875 0.327205975 0.8187382828124999 0.3382569125 0.8261631953125 0.459466815625 0.8065952984375 0.59607795 0.8226702921875001 0.6046579109375 0.8387818093750001 0.501972184375 0.8336702812500001 0.3303289203125 0.8669815296875001 0.30836395156249996 0.8285131015625 0.297767765625 0.788371265625 0.137235753125 0.7211818359375 0.159003503125 0.7142782046875 0.199037896875 0.730911003125 0.25759646875 0.7435661390625 0.18883615 0.796390503125 0.1971585765625 0.8124381062499999 0.2891878046875 0.7779838625 0.2946448203125 0.769928103125 0.345987684375 0.77738040625 0.383748321875
5 0.86977054375 0.5582569984375 0.8714804718750001 0.5969271375 0.89672683125 0.6541214546874999 0.9288859515624999 0.64346495625 0.944412275 0.574249884375 0.8928039515625 0.359904034375 0.8853607796875 0.2943269734375 0.8979976531249999 0.2811995 0.8882502265625 0.23823937812499998 0.9186902874999999 0.2167291609375 0.9628919578125 0.254232265625 0.957734778125 0.22167111093749997 0.9135331078125001 0.18416800625000002 0.8561002359375 0.22107945468749998 0.9312084671875 0.565215171875 0.9202815203125001 0.6170127875 0.8915696499999999 0.6215603015625 0.86977054375 0.5582569984375