12 0.065677965625 0.3703703703125 0.0720338984375 0.3611111109375 0.0720338984375 0.3425925921875 0.061440678125 0.296296296875 0.0487288140625 0.296296296875 0.0296610171875 0.3611111109375 0.021186440625 0.43518518593750005 0.021186440625 0.527777778125 0.025423728125 0.546296296875 0.0296610171875 0.6203703703125 0.0402542375 0.6666666671875 0.0572033890625 0.6851851859375 0.061440678125 0.703703703125 0.0677966109375 0.6944444437499999 0.0720338984375 0.6759259265625001 0.0699152546875 0.6666666671875 0.0529661015625 0.6481481484375 0.0296610171875 0.546296296875 0.0296610171875 0.43518518593750005 0.03813559375 0.3981481484375 0.03813559375 0.3796296296875 0.0529661015625 0.3333333328125 0.0572033890625 0.3333333328125 0.065677965625 0.3703703703125
34 0.07838983125 0.5 0.0677966109375 0.5648148140625 0.0677966109375 0.6759259265625001 0.080508475 0.6759259265625001 0.0911016953125 0.6111111109375 0.0953389828125 0.6481481484375 0.103813559375 0.6481481484375 0.11440677968749999 0.6018518515625 0.1122881359375 0.5740740734374999 0.108050846875 0.5925925921874999 0.099576271875 0.5925925921874999 0.0847457625 0.527777778125 0.08262711874999999 0.5 0.07838983125 0.5
49 0.1309274234375 0.79994794375 0.1313848984375 0.8963170734375 0.1348989484375 1 0.143723559375 0.9717092781250001 0.1472533390625 0.9369661109375 0.143723559375 0.8752003703125 0.1419585890625 0.8018535734375 0.1419585890625 0.7786914625 0.13754632656250002 0.70148455625 0.1588983046875 0.703703703125 0.16525423749999998 0.6759259265625001 0.16525423749999998 0.6018518515625 0.146186440625 0.51851851875 0.1377118640625 0.51851851875 0.12288135625 0.5648148140625 0.1273975640625 0.68027694375 0.1309274234375 0.79994794375
13 0.3262711859375 0.6018518515625 0.3262711859375 0.73148148125 0.351694915625 0.73148148125 0.3622881359375 0.722222221875 0.37711864375 0.6759259265625001 0.37711864375 0.5833333328125 0.37288135625 0.546296296875 0.3411016953125 0.42592592656250006 0.31991525468750004 0.42592592656250006 0.3177966109375 0.45370370312499997 0.3220338984375 0.47222222187499996 0.3220338984375 0.5833333328125 0.3262711859375 0.6018518515625
51 0.438559321875 0.5 0.4322033890625 0.527777778125 0.44491525468750004 0.5833333328125 0.4491525421875 0.6203703703125 0.4491525421875 0.6759259265625001 0.45550847499999997 0.703703703125 0.46186440624999997 0.6944444437499999 0.4661016953125 0.6759259265625001 0.45762711874999995 0.6018518515625 0.45762711874999995 0.546296296875 0.4639830515625 0.51851851875 0.4724576265625 0.51851851875 0.48093220312499996 0.5555555562500001 0.4804683515625 0.49303255625000003 0.46899636874999995 0.4621496859375 0.4470338984375 0.51851851875 0.438559321875 0.5
42 0.4875279953125 0.5393567781249999 0.4822332421875 0.48145150000000003 0.472526228125 0.5007531484375 0.47958586875 0.6088431109375 0.4822332421875 0.7092121296875 0.49017536875 0.682189721875 0.4875279953125 0.5393567781249999
52 0.526356215625 0.75167605625 0.514884228125 0.6358655 0.515766715625 0.589541296875 0.5051772156250001 0.5779602406250001 0.5025298390625 0.64744655625 0.48311572812500003 0.6976310734375 0.49282274531250003 0.7207931859375 0.5087069953125 0.6744689625 0.5184140890625 0.7593968140625 0.526356215625 0.75167605625
38 0.5381355937500001 0.5833333328125 0.525423728125 0.73148148125 0.5317796609375 0.740740740625 0.5338983046875 0.76851851875 0.5487288140625 0.8333333328125001 0.5593220343749999 0.8240740734375 0.5529661015625 0.796296296875 0.5487288140625 0.796296296875 0.5381355937500001 0.73148148125 0.5381355937500001 0.7129629625 0.5550847453125 0.6388888890625 0.5593220343749999 0.6018518515625 0.5593220343749999 0.5648148140625 0.5529661015625 0.5370370375 0.5487288140625 0.5370370375 0.5381355937500001 0.5833333328125
4 0.6906779656250001 0.9166666671874999 0.6922583609374999 0.9639953140624999 0.7010829703125 0.9562747406250001 0.699318 0.8713468890625 0.698435596875 0.7092121296875 0.6991525421875 0.5833333328125 0.6927966109375 0.5370370375 0.6843220343749999 0.5370370375 0.6567796609375 0.6388888890625 0.6525423734375 0.7129629625 0.6843220343749999 0.722222221875 0.6906779656250001 0.76851851875 0.6906779656250001 0.9166666671874999
0 0.7457627125 0.6944444437499999 0.7415254234375 0.5833333328125 0.726694915625 0.51851851875 0.7139830515625001 0.51851851875 0.7118644062499999 0.5648148140625 0.7161016953125 0.5833333328125 0.7161016953125 0.6759259265625001 0.726694915625 0.722222221875 0.7415254234375 0.7129629625 0.7457627125 0.6944444437499999
0 0.8135593218749999 0.6018518515625 0.8029661015625 0.5555555562500001 0.794491525 0.5555555562500001 0.7796610171875 0.6388888890625 0.7838983046875 0.7129629625 0.7902542375 0.740740740625 0.8135593218749999 0.73148148125 0.8177966109374999 0.6944444437499999 0.8135593218749999 0.6018518515625
0 0.8601694921874999 0.75 0.8665254234375 0.740740740625 0.87288135625 0.6944444437499999 0.87288135625 0.6203703703125 0.8665254234375 0.5740740734374999 0.8495762718750001 0.5555555562500001 0.8411016953124999 0.5740740734374999 0.830508475 0.6388888890625 0.830508475 0.7129629625 0.8453389828125 0.759259259375 0.8601694921874999 0.75
0 0.9491525421875 0.6018518515625 0.9385593218749999 0.5555555562500001 0.9131355937500001 0.5740740734374999 0.9067796609375 0.6203703703125 0.9067796609375 0.7129629625 0.9131355937500001 0.740740740625 0.9364406781250001 0.73148148125 0.9491525421875 0.6759259265625001 0.9491525421875 0.6018518515625