13 0.133098525 0.467023259375 0.1102356109375 0.3696555984375 0.0765531921875 0.4052185328125 0.07581987500000001 0.47217534375000003 0.0678732125 0.53278784375 0.0615160890625 0.6382566671875 0.0716637265625 0.6616678578124999 0.10418471874999999 0.6371551656250001 0.1288809265625 0.5671307999999999 0.133098525 0.467023259375
42 0.21372862656249997 0.4196362515625 0.217762896875 0.336267915625 0.2059038421875 0.374124578125 0.21372862656249997 0.4196362515625
42 0.16164669843749999 0.6152638765625 0.1720995453125 0.5158116875000001 0.16409143125 0.487039215625 0.14954286249999998 0.5804747703124999 0.16164669843749999 0.6152638765625
34 0.243499678125 0.6462116 0.2492453625 0.5015754109375 0.2287667546875 0.4714922375 0.204498659375 0.5974231718749999 0.21874202031249998 0.6268509953125 0.231579171875 0.594683290625 0.243499678125 0.6462116
52 0.32186735 0.42541593281249995 0.29368686093749996 0.5285910296874999 0.3151435671875 0.5643631625000001 0.305240709375 0.61359774375 0.29295354375 0.595547840625 0.2943597515625 0.6571433671875 0.30585214843749997 0.6527651078125001 0.3279807203125 0.532195459375 0.3147154578125 0.5084565953125 0.32186735 0.42541593281249995
45 0.40714418593749996 0.618722075 0.42841653749999997 0.38633928906250004 0.4204084234375 0.35756681874999996 0.396201778125 0.5728827234375 0.40714418593749996 0.618722075
42 0.5259190859375 0.5083103640625 0.534965725 0.3472626453125 0.5231066703125 0.385119309375 0.5259190859375 0.5083103640625
42 0.44767329062499994 0.6229818546875 0.4569647109375 0.534579909375 0.448956596875 0.5058074359375 0.4367308828125 0.5771425046875 0.44767329062499994 0.6229818546875
54 0.3776778890625 0.5293034859375 0.35523201718749997 0.5690686125 0.3695174015625 0.47660033593750006 0.361708965625 0.4466166328125 0.3382061125 0.6094033999999999 0.3464586640625 0.6264725 0.3633772984375 0.595847434375 0.378412440625 0.62659069375 0.3776778890625 0.5293034859375
47 0.5061052515625 0.610848746875 0.503364815625 0.558715278125 0.4927543734375 0.5640807890625 0.493642453125 0.5382514109375001 0.4878703375 0.514962459375 0.47761196562499997 0.5430472640625 0.478086428125 0.58198113125 0.4625456203125 0.6516350234375 0.471242203125 0.6557895015625 0.48656856875 0.6055549296875 0.48998271875 0.651278484375 0.48842094375 0.68351763125 0.50613568125 0.6626972359375001 0.5061052515625 0.610848746875
3 0.677652015625 0.5867545984375 0.672142184375 0.6465744859375 0.6544404562499999 0.6685636890625 0.6349957390625 0.6276359671875 0.62926925625 0.6821198093749999 0.63458211875 0.6923992234375 0.644748525 0.699948321875 0.6655253562500001 0.7021320546875 0.6899924203125 0.6431373484375 0.687302190625 0.5923062953125 0.68203108125 0.5450905734375 0.688768825 0.45839267499999997 0.681388590625 0.4121693140625 0.6583609734375 0.42271045156250003 0.6492507765625 0.48331921875 0.650735790625 0.5126383031249999 0.673855371875 0.4664632609375 0.670716521875 0.5050173546875001 0.6517919828125 0.580796315625 0.670180428125 0.5535660171875 0.677652015625 0.5867545984375
0 0.7353498484375 0.48004700937499994 0.7099203234375 0.6170281859375 0.71872320625 0.6682288187500001 0.7364508484375001 0.6645059140625 0.7574179937500001 0.5549865078125 0.7353498484375 0.48004700937499994
7 0.84758531875 0.7767374453125 0.8611557890625001 0.67761293125 0.8989339296875001 0.6480666312500001 0.8731981734375 0.6230170640625 0.8869519718750001 0.5071533484375 0.854614309375 0.5149268375 0.848012403125 0.5477498921875 0.86769624375 0.5554049046875 0.8618891062499999 0.6106561203124999 0.8326690671874999 0.618757284375 0.8498467234374999 0.6652519859375 0.835114825 0.77542674375 0.84758531875 0.7767374453125
0 0.9029077734375001 0.760207440625 0.9215520625 0.6727885203125 0.9065139343749999 0.6209325359375 0.8888477421875001 0.7140404140625 0.9029077734375001 0.760207440625