28 0.15192841875000002 0.3835422484375 0.1876373296875 0.367192640625 0.19637601093749998 0.32103859218749997 0.116576725 0.29549813125 0.10783804374999999 0.3416521796875 0.108867971875 0.3645578375 0.1335154234375 0.38128141718749997 0.10225812187500001 0.687298553125 0.11436234375000001 0.688784765625 0.1372128453125 0.5026823609375 0.15192841875000002 0.3835422484375
10 0.19974155 0.3686788515625 0.181478065625 0.43282790625 0.1439439265625 0.59796288125 0.14006293593750002 0.6468987296875001 0.168547865625 0.5453841515625 0.178745115625 0.5420703390625 0.157889534375 0.690179321875 0.17357526875 0.6784080343750001 0.208175221875 0.36761966875 0.19974155 0.3686788515625
11 0.23219631718749997 0.5851593937499999 0.23609070000000001 0.640426546875 0.2005912140625 0.7410800656250001 0.185422946875 0.7604792734375 0.1887884875 0.8081195328125 0.1997708625 0.793725659375 0.24145666718749997 0.7043899859375 0.25453782812500003 0.606165496875 0.24615083593749998 0.516058265625 0.2571455609375 0.3964612890625 0.24815843593750003 0.3746236984375 0.2270095265625 0.3881953609375 0.21745500624999997 0.4495654953125 0.20983817343750003 0.51159963125 0.1882191453125 0.7258637140624999 0.19938991718750002 0.73636665625 0.2103728140625 0.5961770265624999 0.23219631718749997 0.5851593937499999
12 0.379297271875 0.5324065921875001 0.412687271875 0.41056764062499995 0.399461203125 0.39320134218749997 0.357332521875 0.5611943421875 0.3459072703125 0.65424554375 0.34927281250000003 0.7018858031249999 0.38446362968750003 0.6904643515625 0.3871502 0.6435671968750001 0.3618199109375 0.6247146875 0.379297271875 0.5324065921875001
23 0.42682840468750005 0.695666090625 0.43825365468750005 0.6026148890624999 0.43645283749999997 0.4921973890625 0.41829650625000003 0.489968071875 0.4057494078125 0.5671391875 0.39588888125 0.5974131484375 0.3768467953125 0.7524984859375 0.386264446875 0.80088185 0.397246821875 0.786487975 0.413159459375 0.7569571203125001 0.42682840468750005 0.695666090625
26 0.427919028125 0.8078300890625 0.4451021984375 0.7186248625 0.459615140625 0.7888930640625 0.48627233593749997 0.8834812109374999 0.5058525328125001 0.9269771171875 0.514558021875 0.877822690625 0.4869066359375 0.781754475 0.46694948593749996 0.6691076578125 0.49070206875 0.6009486046875 0.5072361859375001 0.5025323078125 0.5125653515625 0.430134721875 0.495484725 0.4097743546875 0.46222600312499995 0.432392571875 0.4474352125 0.4778035140625 0.461783128125 0.5110498984375 0.42058001406249995 0.802363315625 0.427919028125 0.8078300890625
10 0.52463570625 0.65077276875 0.5431471375 0.47381312031249995 0.5370950265625 0.47307001406250004 0.4812165078125 0.663704471875 0.48622766562499997 0.6872170625 0.506678165625 0.6303046984375 0.5166475796875 0.6360946968750001 0.49788900937499997 0.7673606000000001 0.50394111875 0.76810370625 0.512906940625 0.7680419984375 0.52463570625 0.65077276875
20 0.576657803125 0.6982520078125 0.54762633125 0.6809901375 0.5721542687500001 0.47397720468750004 0.5607557171875001 0.47257763906249994 0.5273913515624999 0.75155751875 0.5678213734375 0.7702189546875 0.576657803125 0.6982520078125
12 0.6013337062499999 0.801728259375 0.6205266984375 0.7903876078125001 0.6226732453125 0.7221649359375 0.6078642765625 0.7340438453125 0.5945185296875 0.7050107171875 0.6083881171875001 0.642793109375 0.621153059375 0.5895714640625 0.649398559375 0.534086178125 0.652085128125 0.4871890234375 0.62406826875 0.5152336671875 0.5981283093750001 0.595875946875 0.5781836921875 0.7075707390625 0.5702240749999999 0.779645534375 0.5841220296875 0.8041805875 0.6013337062499999 0.801728259375
10 0.684589375 0.522664725 0.6736070015625 0.5370586 0.656129640625 0.629366696875 0.622739640625 0.7512056484375 0.6261051796875 0.7988459078125 0.6348438609375 0.7526918593749999 0.6458262359375 0.738297984375 0.6326369390625 0.8512292296874999 0.6462445875 0.834637096875 0.672622934375 0.6415488078125 0.684589375 0.522664725
20 0.665631184375 0.8507147249999999 0.7109974953125 0.8654165734375001 0.714214403125 0.82471983125 0.68674291875 0.780254996875 0.7208531546875 0.524195515625 0.7050705875000001 0.5222576609375 0.6796658375 0.7291627453125 0.665631184375 0.8507147249999999
13 0.7497365046875 0.9340934843750001 0.7697095796875 0.9091513625 0.7937136484375 0.79338935 0.8024533406250001 0.7077130828125 0.8144098375000001 0.58134025 0.8143702703125 0.4913727921875 0.8110047296875 0.44373253281249997 0.796458103125 0.43759789375 0.7830440515625 0.481608271875 0.7612592140625 0.6737596671875 0.7438323515625 0.8009619499999999 0.736390846875 0.9050603374999999 0.7497365046875 0.9340934843750001