14 0.1404494375 0.5322580640625 0.15168539375 0.3709677421875 0.17696629218749999 0.354838709375 0.1853932578125 0.30645161249999997 0.1657303375 0.29032258125 0.16011235937499999 0.2258064515625 0.14887640468750002 0.2258064515625 0.146067415625 0.30645161249999997 0.1292134828125 0.3709677421875 0.1292134828125 0.5322580640625 0.117977528125 0.59677419375 0.117977528125 0.758064515625 0.1404494375 0.758064515625 0.16011235937499999 0.741935484375 0.1629213484375 0.6935483875 0.14887640468750002 0.6774193546875 0.1432584265625 0.70967741875 0.132022471875 0.70967741875 0.1292134828125 0.6935483875 0.1348314609375 0.6290322578125 0.16853932656249998 0.59677419375 0.1657303375 0.548387096875 0.1404494375 0.5322580640625
57 0.1966292140625 0.4354838703125 0.1966292140625 0.5322580640625 0.20786516875 0.59677419375 0.17977528125 0.758064515625 0.188202246875 0.8064516125000001 0.1910112359375 0.79032258125 0.2196898546875 0.6311576453125001 0.2384098703125 0.7643663218750001 0.24821565156249997 0.7438727421875 0.229495634375 0.5799233546875 0.22771271875000001 0.55430641875 0.24643273593749998 0.4415911296875 0.2366270390625 0.4108506125 0.216292134375 0.5161290328125 0.1994382015625 0.4193548390625 0.1966292140625 0.4354838703125
42 0.269662921875 0.30645161249999997 0.27528089843750003 0.3709677421875 0.2808988765625 0.3709677421875 0.2780898875 0.258064515625 0.269662921875 0.30645161249999997
42 0.2528089890625 0.758064515625 0.258426965625 0.6935483875 0.258426965625 0.59677419375 0.269662921875 0.5 0.2668539328125 0.38709677343750004 0.2612359546875 0.38709677343750004 0.2528089890625 0.4677419359375 0.2528089890625 0.5645161296875 0.241573034375 0.6935483875 0.241573034375 0.758064515625 0.2528089890625 0.758064515625
54 0.319529965625 0.5184423546875 0.3070499828125 0.5799233546875 0.29456992187500003 0.5850469031250001 0.29278709062499997 0.4723316125 0.3132899328125 0.2981355484375 0.29991849375 0.29301222656250003 0.284764225 0.40060393593750004 0.27941564531249996 0.5850469031250001 0.2918956296875 0.667021484375 0.320421421875 0.626034096875 0.333792865625 0.641404321875 0.34538138749999997 0.6311576453125001 0.35697 0.5748 0.35251287656249997 0.508195678125 0.3409242703125 0.55430641875 0.32844428593749997 0.569676678125 0.341815725 0.344246290625 0.33022711875 0.34936964531250003 0.319529965625 0.5184423546875
46 0.44382022499999996 0.5 0.438202246875 0.5322580640625 0.438202246875 0.59677419375 0.4466292140625 0.6129032265625 0.4550561796875 0.5322580640625 0.4550561796875 0.4354838703125 0.4353932578125 0.354838709375 0.424157303125 0.38709677343750004 0.3904494375 0.38709677343750004 0.3848314609375 0.4193548390625 0.367977528125 0.38709677343750004 0.3651685390625 0.6290322578125 0.3707865171875 0.6290322578125 0.3904494375 0.451612903125 0.3988764046875 0.4677419359375 0.3988764046875 0.5645161296875 0.3932584265625 0.59677419375 0.40730337031249997 0.6129032265625 0.4157303375 0.5645161296875 0.4157303375 0.5 0.424157303125 0.4193548390625 0.438202246875 0.4354838703125 0.44382022499999996 0.5
21 0.5227758484375 0.2007907421875 0.5156444437500001 0.3647398703125 0.5085129546875 0.5338126125 0.49870725781249997 0.6875150640625 0.512078696875 0.6926386453125 0.5201015625000001 0.5799233546875 0.5209930171875 0.467208290625 0.53525583125 0.5901702578125 0.5477358984375 0.5799233546875 0.5611073375 0.564553096875 0.564673 0.6875150640625 0.570913034375 0.7541196453125 0.586067303125 0.7643663218750001 0.5807187296875 0.6516512578125 0.5762616125 0.544059515625 0.5789358984375 0.3801101296875 0.584284471875 0.2007907421875 0.572695865625 0.1905438390625 0.5593244265624999 0.48257851562500004 0.5343644609375 0.49282541875 0.5299072578125 0.3647398703125 0.537038746875 0.2007907421875 0.5227758484375 0.2007907421875
54 0.6067415734375 0.33870967812499997 0.6067415734375 0.5 0.6207865171875 0.548387096875 0.6348314609375 0.5322580640625 0.6488764046875 0.451612903125 0.660112359375 0.4838709671875 0.6685393265624999 0.4677419359375 0.6573033703125 0.40322580625000004 0.6544943812499999 0.258064515625 0.6404494374999999 0.4354838703125 0.6320224718749999 0.4838709671875 0.62359550625 0.4677419359375 0.62359550625 0.33870967812499997 0.6067415734375 0.33870967812499997
49 0.7106741578125 0.1935483875 0.6994382015625 0.1935483875 0.6910112359375 0.24193548437499998 0.674157303125 0.4354838703125 0.674157303125 0.5322580640625 0.6629213484375 0.6612903218749999 0.6573033703125 0.854838709375 0.65168539375 0.8870967734375 0.65168539375 0.9838709671875 0.6629213484375 0.9838709671875 0.6685393265624999 0.854838709375 0.674157303125 0.8225806453125 0.674157303125 0.7258064515625 0.67977528125 0.6935483875 0.67977528125 0.59677419375 0.6853932578124999 0.5322580640625 0.7106741578125 0.4838709671875 0.7247191015625 0.3709677421875 0.7247191015625 0.2741935484375 0.7106741578125 0.1935483875
52 0.7471910109375 0.5645161296875 0.75 0.6129032265625 0.758426965625 0.59677419375 0.7752808984375 0.5 0.7752808984375 0.4677419359375 0.7612359546875 0.38709677343750004 0.7528089890625 0.3709677421875 0.76404494375 0.30645161249999997 0.7612359546875 0.258064515625 0.755617978125 0.258064515625 0.73595505625 0.3709677421875 0.76404494375 0.5 0.7471910109375 0.5645161296875
2 0.8426966296874999 0.4677419359375 0.8314606734375 0.5322580640625 0.8314606734375 0.5645161296875 0.8511235953125 0.645161290625 0.8623595500000001 0.645161290625 0.8679775281250001 0.6774193546875 0.8820224718749999 0.6612903218749999 0.87359550625 0.6129032265625 0.84831460625 0.5645161296875 0.8595505625 0.4354838703125 0.8595505625 0.33870967812499997 0.8455056187500001 0.258064515625 0.8230337078125001 0.258064515625 0.8202247187499999 0.30645161249999997 0.8342696625 0.3225806453125 0.8426966296874999 0.3709677421875 0.8426966296874999 0.4677419359375
0 0.9073033703125001 0.354838709375 0.8904494375 0.354838709375 0.8876404499999999 0.6612903218749999 0.896067415625 0.70967741875 0.9213483140625 0.6935483875 0.938202246875 0.59677419375 0.9325842703125 0.4677419359375 0.9073033703125001 0.354838709375