21 0.0919806359375 0.29601341875 0.037906253125 0.5818103531250001 0.05048345 0.582469496875 0.081408303125 0.4014870078125 0.07250668906249999 0.5954045375 0.0778717140625 0.61335698125 0.11164615 0.45019510937499996 0.1064914109375 0.6207473015625 0.11342201249999999 0.6328913703125 0.1262995015625 0.3390449734375 0.0809503 0.5546140671875001 0.0919806359375 0.29601341875
48 0.13097751875000002 0.5866880109375 0.1436072875 0.6344733140625001 0.161725940625 0.5293952125 0.160618365625 0.382076528125 0.1365189734375 0.4809507671875 0.13097751875000002 0.5866880109375
57 0.1985076734375 0.5254324359375 0.17676600781250001 0.483060025 0.1881643421875 0.55434249375 0.17256112968749998 0.659552421875 0.1807757375 0.6953254859375 0.1929136484375 0.5840435203125 0.21342388125 0.6499130984375 0.200741540625 0.5550016359375001 0.22360949843750003 0.4796245625 0.1985076734375 0.5254324359375
42 0.2272325125 0.627075075 0.233547396875 0.6509677265625 0.24060185937499998 0.49229594531250004 0.2272325125 0.627075075
40 0.27576544375 0.4470153859375 0.2594777515625 0.5065252640625 0.2635273703125 0.58118775 0.27967003125 0.5650285265625 0.298965103125 0.5127307765625 0.289418359375 0.66113095 0.2727427484375 0.742979575 0.27239845625000003 0.833956225 0.28473476249999996 0.8774865140625 0.311931459375 0.45480119218750004 0.29773611093749996 0.41282426718750004 0.27576544375 0.4470153859375
47 0.353391209375 0.698481453125 0.354188178125 0.5900751375 0.3460489390625 0.6103292734375 0.3424321609375 0.73914009375 0.3499784796875 0.7395355796875 0.367546009375 0.7065868265625 0.3867602140625 0.7355728015625 0.388314728125 0.735855946875 0.386091925 0.7001952250000001 0.37543386875 0.6573667078125001 0.353391209375 0.698481453125
38 0.3343276296875 0.580762165625 0.3556308828125 0.495020009375 0.34765497968750003 0.46151294531250003 0.3313764359375 0.5020209999999999 0.32021079375 0.580022334375 0.321882534375 0.700057446875 0.3373315984375 0.7091394125 0.345176603125 0.6627083921875 0.3295542171875 0.6549622562499999 0.3343276296875 0.580762165625
31 0.525409684375 0.44831783437499995 0.515066353125 0.47722789062500004 0.5321112828125 0.537025434375 0.518355221875 0.6069896171875 0.5224888109375 0.648439228125 0.5318297109375 0.56646280625 0.5567551046875 0.644344621875 0.5421730421875 0.5375527484375 0.5732030375 0.45082257812500004 0.539939175 0.50798355 0.525409684375 0.44831783437499995
16 0.62993185625 0.571604121875 0.6525708125 0.5727905796874999 0.6524469546875 0.743606428125 0.66548215625 0.591138509375 0.6588331281250001 0.5495570703125 0.631163290625 0.5481069546875 0.6216646781249999 0.48870489843750003 0.6075744734375 0.5409802921875 0.61109234375 0.5941784859375 0.5931501234375001 0.5755668984375 0.6037224578125 0.47009331093749995 0.6319554375 0.4126686828125 0.6108820609375 0.4056738484375 0.5886823890625 0.5164284984374999 0.5862720921875 0.6105489890625 0.59856771875 0.640645503125 0.62993185625 0.571604121875
14 0.84509951875 0.3884965375 0.795793159375 0.43892633124999997 0.8001031796875001 0.35668625 0.8330854671875001 0.32896265156250004 0.7852921140625 0.3264579078125 0.780858234375 0.5795138375 0.78892859375 0.6004505484375 0.8223326515625 0.48638974687500003 0.8201005328125 0.4614560140625 0.7877362640625 0.5445317453125 0.7936118640625 0.45648329062500004 0.84509951875 0.3884965375
13 0.9212309968750001 0.427828971875 0.8931218734374999 0.31443775 0.8824256796875 0.5907271875 0.9144055375000001 0.509937221875 0.9212309968750001 0.427828971875