12 0.13109044375 0.7662819703125 0.090837540625 0.735327865625 0.0776051265625 0.6780119796874999 0.0752636796875 0.6081199109375001 0.1029701265625 0.69227961875 0.1134472234375 0.6898607906249999 0.0913931984375 0.5943343125 0.0725083625 0.5483851953125 0.062031265625 0.5508040249999999 0.062717225 0.6613255140625001 0.08477124999999999 0.756851990625 0.10448382812499998 0.782486396875 0.13109044375 0.7662819703125
34 0.16578559375 0.7021886109375 0.1772689921875 0.696181565625 0.164215375 0.655567665625 0.1409131796875 0.5904722875 0.12847691249999998 0.5757110578125 0.11615123593750001 0.58276525625 0.1159304546875 0.6289166609375 0.13523814843749998 0.70924104375 0.14985057968749999 0.7327152109374999 0.16482510625 0.725902015625 0.16578559375 0.7021886109375
49 0.2180764125 0.796508703125 0.218490284375 0.7863513484375 0.196436259375 0.6908248718750001 0.1968501328125 0.6806675171875 0.2064994859375 0.698563396875 0.2077411 0.6680913328125 0.18568707499999998 0.57256485625 0.17121304531249998 0.545721034375 0.16597449687500002 0.54693045 0.1639051375 0.5977172234375 0.172726746875 0.6359278140625 0.171899003125 0.6562425234375 0.20360238125 0.76966488125 0.2180764125 0.796508703125
14 0.3271278921875 0.5399106703125 0.3359495015625 0.5781212609375 0.3455988546875 0.5960171437499999 0.38088529531250004 0.74885950625 0.39136239375000004 0.746440678125 0.40749191093750003 0.7326550796875 0.41397207500000005 0.7009736 0.3833685265625 0.6879153765625 0.3677930328125 0.647073684375 0.39191805 0.6054471234375 0.386708459375 0.58565539375 0.3592404765625 0.6020647390625 0.33970383437499996 0.529388065625 0.3698396515625 0.5324985250000001 0.3501514453125 0.4842862390625 0.3239587015625 0.4903333109375 0.3271278921875 0.5399106703125
57 0.4288599765625 0.7176600671875 0.43933707499999997 0.7152412390625 0.43175708124999995 0.6465585828125 0.4676258296875 0.701212409375 0.4668406921875 0.677902015625 0.43380065468750006 0.6184107078125 0.4283658328125 0.5391224359375 0.4139400609375 0.532385025 0.4141138609375 0.570137403125 0.399225959375 0.553450934375 0.3886293265625 0.5382284687500001 0.3897384359375 0.5748879859375 0.41004875937499996 0.6071145734375001 0.4288599765625 0.7176600671875
42 0.4627745015625 0.649459453125 0.47724853281249996 0.676303275 0.4776624046875 0.6661459203125 0.47849014843750004 0.645831209375 0.46884079375 0.6279353296875 0.4556083796875 0.57061944375 0.4411343484375 0.5437756203124999 0.4627745015625 0.649459453125
42 0.45726386718749995 0.529990025 0.43879290312499997 0.47388355156250006 0.428729678125 0.466145025 0.4415482203125 0.5336182671875 0.45726386718749995 0.529990025
54 0.5401111171874999 0.6617903046875 0.5405249890625 0.6516329484375001 0.5264648296875001 0.6146317734375 0.5039969328125 0.52926265 0.49875838437500003 0.5304720640625 0.49751676875 0.5609441296875 0.50592450625 0.609312075 0.49586128125 0.6015735484375 0.487039671875 0.5633629578125 0.47256564062499995 0.536519134375 0.47132402500000004 0.5669912 0.499030471875 0.6511509078125 0.5304617625 0.643894421875 0.5401111171874999 0.6617903046875
46 0.5668595171875 0.514749678125 0.5406667734374999 0.5207967499999999 0.5398390296875 0.5411114593749999 0.524951128125 0.5244249921875 0.5333588671875 0.5727929375 0.5430082203125 0.5906888203125 0.556240634375 0.64800470625 0.56671773125 0.645585878125 0.5490745125000001 0.5691646953125 0.550316128125 0.53869263125 0.560379353125 0.5464311578125 0.58284725 0.6318002796875 0.5937382203125 0.6192240953125 0.5805058046875 0.5619082093750001 0.5817474203125 0.5314361453124999 0.6098677375 0.6054384984375 0.6111093546874999 0.5749664343750001 0.588227584375 0.4997546671875 0.5676872625 0.49443496875 0.5668595171875 0.514749678125
2 0.7151943703125 0.44025665937499997 0.720019046875 0.4492046 0.7332514625 0.5065204875 0.7417679234375 0.6144300625 0.7753949078125 0.6167345234375 0.7693235828125 0.5745088171875 0.7508946812499999 0.58294166875 0.7420730718749999 0.544731078125 0.739317753125 0.4849963625 0.7212606625 0.41873253750000006 0.7022220609375001 0.3953547671875 0.678108115625 0.41434584531249996 0.6896028859375 0.4720993015625 0.7044897703124999 0.48879813906249997 0.7078864609375 0.49225284843750006 0.7107365015625 0.4839999125 0.7139527546875 0.470728725 0.7151943703125 0.44025665937499997
0 0.7506225953125 0.462262825 0.7718488765625 0.5781040109375 0.7980416203125 0.5720569390625 0.7988693640625 0.55174223125 0.78122614375 0.4753210484375 0.7571027609375001 0.43058134531250003 0.7518642109375 0.431790759375 0.7506225953125 0.462262825
46 0.8174821140624999 0.477012503125 0.8275453390624999 0.4847510296875 0.8451885593749999 0.5611722109375 0.85566565625 0.5587533828125 0.8436748578125 0.4709654328125 0.8581488875 0.49780925312499996 0.8669704984375001 0.5360198453125 0.872209046875 0.53481043125 0.8453303453125001 0.4303360140625 0.8086605046875001 0.43880191249999995 0.807832759375 0.45911662187499996 0.7917032421875 0.4729022203125 0.8238204921875001 0.5761672234375 0.8294729125 0.5648004546875 0.816240496875 0.5074845671875 0.8174821140624999 0.477012503125
40 0.906164015625 0.5261368625 0.878003253125 0.3926074625 0.8574629296875 0.387287765625 0.8537741375 0.41070558437500004 0.86720134375 0.4847927328125 0.882088228125 0.5014915703125 0.8818252265625001 0.572027403125 0.9093540750000001 0.6395028968750001 0.93144813125 0.62769025625 0.906164015625 0.5261368625