18 0.1 0.23529411718749998 0.082222221875 0.27450980468749997 0.062222221875 0.382352940625 0.0733333328125 0.4509803921875 0.0933333328125 0.4607843140625 0.0933333328125 0.48039215625000004 0.08 0.5588235296875 0.08 0.6568627453125 0.0866666671875 0.686274509375 0.097777778125 0.6764705875 0.102222221875 0.6372549015625 0.102222221875 0.51960784375 0.1066666671875 0.5 0.102222221875 0.4607843140625 0.102222221875 0.382352940625 0.1066666671875 0.36274509843749997 0.1066666671875 0.28431372499999996 0.1111111109375 0.2647058828125 0.10888888906250001 0.23529411718749998 0.1 0.23529411718749998
47 0.14444444375 0.490196078125 0.1311111109375 0.490196078125 0.1266666671875 0.509803921875 0.11555555625 0.51960784375 0.11555555625 0.6764705875 0.12444444375 0.6764705875 0.1288888890625 0.6372549015625 0.1288888890625 0.5588235296875 0.13555555625 0.5294117640625 0.14666666718750002 0.5392156859375 0.14666666718750002 0.6176470593750001 0.142222221875 0.6372549015625 0.1488888890625 0.6666666671875 0.15555555625 0.6568627453125 0.1533333328125 0.509803921875 0.14444444375 0.490196078125
43 0.17555555625000002 0.294117646875 0.16444444375 0.3235294125 0.16444444375 0.36274509843749997 0.17555555625000002 0.41176470624999995 0.1866666671875 0.40196078437500005 0.19555555625 0.36274509843749997 0.1933333328125 0.313725490625 0.17555555625000002 0.294117646875
43 0.16 0.69607843125 0.1666666671875 0.7647058828125 0.177777778125 0.7549019609375 0.18444444375 0.7450980390625 0.19555555625 0.6764705875 0.19555555625 0.5588235296875 0.18 0.490196078125 0.162222221875 0.490196078125 0.162222221875 0.5294117640625 0.17555555625000002 0.5294117640625 0.18222222187499998 0.5588235296875 0.1688888890625 0.6176470593750001 0.16 0.69607843125
17 0.27999999999999997 0.382352940625 0.27777777812500004 0.294117646875 0.2711111109375 0.3235294125 0.2711111109375 0.40196078437500005 0.27555555625 0.421568628125 0.2711111109375 0.6176470593750001 0.27777777812500004 0.6470588234375 0.28444444375 0.6372549015625 0.28444444375 0.51960784375 0.29555555624999996 0.4705882359375 0.297777778125 0.6176470593750001 0.30444444375 0.6470588234375 0.3066666671875 0.6372549015625 0.3066666671875 0.48039215625000004 0.3111111109375 0.4607843140625 0.3111111109375 0.421568628125 0.3066666671875 0.40196078437500005 0.3066666671875 0.30392156875 0.297777778125 0.30392156875 0.297777778125 0.44117647031249996 0.2866666671875 0.4509803921875 0.28444444375 0.40196078437500005 0.27999999999999997 0.382352940625
12 0.3466666671875 0.4607843140625 0.3533333328125 0.490196078125 0.36 0.4607843140625 0.36 0.28431372499999996 0.34444444375 0.27450980468749997 0.3288888890625 0.3431372546875 0.3288888890625 0.40196078437500005 0.32444444375 0.421568628125 0.3288888890625 0.5392156859375 0.34888888906250004 0.6078431375 0.3911111109375 0.598039215625 0.3711111109375 0.58823529375 0.36666666718749996 0.5686274515624999 0.3533333328125 0.5686274515624999 0.342222221875 0.5392156859375 0.337777778125 0.5 0.337777778125 0.382352940625 0.34888888906250004 0.3333333328125 0.35111111093749997 0.382352940625 0.3466666671875 0.40196078437500005 0.3466666671875 0.4607843140625
16 0.4266666671875 0.28431372499999996 0.41555555625 0.27450980468749997 0.4 0.3431372546875 0.4 0.40196078437500005 0.39555555625 0.421568628125 0.39555555625 0.51960784375 0.40222222187499995 0.5686274515624999 0.42000000000000004 0.5686274515624999 0.42888888906249995 0.509803921875 0.4311111109375 0.598039215625 0.42222222187499997 0.6764705875 0.43555555625000003 0.6764705875 0.43555555625000003 0.6372549015625 0.44444444375 0.5588235296875 0.44444444375 0.5 0.44000000000000006 0.4607843140625 0.42888888906249995 0.41176470624999995 0.41111111093749997 0.5294117640625 0.40444444375 0.5 0.40888888906250004 0.382352940625 0.4266666671875 0.3235294125 0.4266666671875 0.28431372499999996
5 0.57555555625 0.3333333328125 0.5666666671875 0.313725490625 0.562222221875 0.3333333328125 0.5488888890625 0.3333333328125 0.542222221875 0.36274509843749997 0.542222221875 0.44117647031249996 0.5377777781249999 0.48039215625000004 0.54444444375 0.509803921875 0.5666666671875 0.490196078125 0.5688888890625 0.51960784375 0.54444444375 0.6078431375 0.5333333328125 0.6176470593750001 0.5555555562500001 0.6176470593750001 0.562222221875 0.6078431375 0.5822222218750001 0.51960784375 0.5711111109375 0.4509803921875 0.5533333328125 0.4509803921875 0.5511111109375 0.40196078437500005 0.557777778125 0.37254902031250003 0.58444444375 0.37254902031250003 0.5911111109375 0.3431372546875 0.5888888890625 0.3333333328125 0.57555555625 0.3333333328125
0 0.64 0.598039215625 0.6466666671875 0.58823529375 0.6533333328125 0.5392156859375 0.6533333328125 0.4607843140625 0.637777778125 0.37254902031250003 0.62 0.37254902031250003 0.6133333328125 0.40196078437500005 0.6133333328125 0.48039215625000004 0.6088888890625 0.51960784375 0.6244444437500001 0.6078431375 0.64 0.598039215625
0 0.6977777781250001 0.5588235296875 0.6977777781250001 0.4607843140625 0.6866666671874999 0.3921568625 0.6688888890625 0.3921568625 0.662222221875 0.421568628125 0.657777778125 0.5392156859375 0.662222221875 0.578431371875 0.6733333328125 0.6078431375 0.6888888890625 0.598039215625 0.6977777781250001 0.5588235296875
0 0.76 0.5588235296875 0.75555555625 0.4607843140625 0.73555555625 0.37254902031250003 0.7311111109375 0.3921568625 0.722222221875 0.3921568625 0.71555555625 0.44117647031249996 0.71555555625 0.5588235296875 0.7266666671875 0.6078431375 0.75555555625 0.598039215625 0.76 0.5588235296875
18 0.85555555625 0.294117646875 0.8511111109374999 0.27450980468749997 0.81555555625 0.294117646875 0.8088888890625 0.3235294125 0.8088888890625 0.36274509843749997 0.81555555625 0.3921568625 0.8222222218749999 0.382352940625 0.82444444375 0.3333333328125 0.8333333328125001 0.313725490625 0.8400000000000001 0.3235294125 0.8400000000000001 0.5392156859375 0.8288888890624999 0.58823529375 0.8133333328125 0.598039215625 0.862222221875 0.598039215625 0.8711111109375 0.578431371875 0.8488888890625 0.5588235296875 0.8488888890625 0.382352940625 0.8533333328125 0.36274509843749997 0.85555555625 0.313725490625 0.86 0.313725490625 0.8688888890625 0.3529411765625 0.8711111109375 0.3235294125 0.8644444437500001 0.294117646875 0.85555555625 0.294117646875
55 0.977777778125 0.36274509843749997 0.97555555625 0.313725490625 0.9444444437499999 0.4705882359375 0.937777778125 0.4607843140625 0.937777778125 0.421568628125 0.9266666671875001 0.3529411765625 0.91555555625 0.36274509843749997 0.937777778125 0.5588235296875 0.9466666671875 0.5588235296875 0.977777778125 0.36274509843749997