14 0.193909390625 0.3218677015625 0.20734802187499998 0.27462653124999997 0.189478759375 0.256530521875 0.19063532968750002 0.1917805796875 0.17946092656249998 0.19060610312499998 0.1682376109375 0.2705158609375 0.144732234375 0.33291685000000004 0.1278728046875 0.49332360625 0.1099546296875 0.5563118328125001 0.0930952 0.7167185890625001 0.11544400625 0.71906754375 0.1366851546875 0.705082203125 0.144536584375 0.6572537953124999 0.1322545234375 0.6397450234375001 0.1232954359375 0.6712391359375001 0.11212103281250001 0.6700646578125 0.111013375 0.6537303640625 0.1233443484375 0.5901549 0.1602394453125 0.5615969796875 0.1625036734375 0.5131813328125 0.1390472078125 0.49449808281249996 0.167081040625 0.335265803125 0.193909390625 0.3218677015625
57 0.19934985624999998 0.56570765 0.15455441875 0.7231782140624999 0.15787739218750002 0.7721810984374999 0.1623569359375 0.75643404375 0.20751571562499999 0.6011387609375001 0.2122090828125 0.73557448125 0.224103309375 0.71621815 0.22262322031249998 0.5512101203124999 0.22352777031249998 0.5255471515625 0.25392719375 0.41540610312500004 0.247388471875 0.3838090109375 0.2161603734375 0.4863851296875 0.209514425 0.388379359375 0.2050348828125 0.40412641406249994 0.194919225 0.50037046875 0.19934985624999998 0.56570765
42 0.2955866796875 0.34877229062500004 0.304594678125 0.236193940625 0.2911560484375 0.283435109375 0.28999947656249997 0.3481850515625 0.2955866796875 0.34877229062500004
42 0.2496346703125 0.5709927968749999 0.2709247328125 0.47592321875000004 0.2799327328125 0.36334486875 0.27434552968750003 0.3627576296875 0.2575350125 0.44208015312500004 0.2474193546875 0.5383242078125 0.222757409375 0.6654751359375 0.2160136375 0.7296378375 0.22718804062500003 0.7308123140625 0.23951901250000002 0.6672368515625 0.2496346703125 0.5709927968749999
54 0.2868054671875 0.5631077171875 0.296814359375 0.4508235359375 0.33541333125 0.2797248671875 0.322650675 0.273231915625 0.2963330265625 0.37865017343749996 0.2717342078125 0.5615236640625 0.2755771484375 0.6443536937500001 0.308231021875 0.606572596875 0.31992258906250004 0.6232563171875001 0.332518696875 0.6142771046875 0.3499348046875 0.55943953125 0.35246414531250003 0.4927341796875 0.3361191375 0.53738098125 0.32210089062499997 0.5513625265625001 0.3589629703125 0.3285647671875 0.34690231250000003 0.332448715625 0.3185908484375 0.4994770703125 0.29975271718749996 0.5593167578125 0.2868054671875 0.5631077171875
46 0.42842512343749994 0.5897844296875 0.435119984375 0.6067059640625 0.4519305 0.5273834421875 0.4620461578125 0.4311393875 0.4509206671875 0.34888067500000003 0.436374378125 0.3797875484375 0.4028511671875 0.37626411718749997 0.39389208125 0.40775823125 0.3805023625 0.3739151625 0.352419615625 0.6142316796875 0.35800681875 0.6148189187499999 0.3961073953125 0.44042682031249997 0.40280225625000005 0.4573483546875 0.3926865984375 0.553592409375 0.3837275109375 0.585086521875 0.39600957187499997 0.6025952953125 0.409448203125 0.555354125 0.416191975 0.491191421875 0.43300249218750003 0.4118689015625 0.44528455312500004 0.42937767187500003 0.444127984375 0.4941276140625 0.43516889531249997 0.5256217265625 0.42842512343749994 0.5897844296875
21 0.5049319390625 0.5345172296875 0.47911367812499994 0.6863527078125 0.49187630625 0.69284591875 0.511637178125 0.5815867109374999 0.5243056828125 0.4695822953125 0.5256373375 0.5933615328124999 0.53912013125 0.5844752859375 0.5540249484374999 0.570586925 0.544718053125 0.6932480062499999 0.5439618296875001 0.76013998125 0.5579620125 0.771914578125 0.564424671875 0.6592579015625 0.5712383703125 0.5517896624999999 0.5910353828125 0.389017946875 0.6150986359374999 0.21123996875 0.60464460625 0.199837859375 0.5608204828125001 0.48887504374999996 0.53492615625 0.49645678593750003 0.54388195625 0.3686069984375 0.568111728125 0.2063014453125 0.5539269640625 0.20481056562500002 0.529697275 0.36711612968749996 0.5049319390625 0.5345172296875
54 0.6150670078125 0.56074765625 0.6307209546875 0.5461750765625 0.6531186734375 0.46743979375 0.660921190625 0.500695621875 0.6709879359375 0.48553580625 0.6665573031250001 0.420198625 0.6789371890625 0.27553892343749997 0.6464238124999999 0.45051826093749997 0.63298518125 0.4977594296875 0.6262903234375 0.48083789687499995 0.6397778671875 0.35251249218749997 0.6230162609375001 0.35075077656250003 0.6061568312500001 0.5111575328125 0.6150670078125 0.56074765625
49 0.71693994375 0.26331530000000003 0.6799470234375 0.4540416921875 0.669831365625 0.550285746875 0.64516941875 0.677436675 0.6193509015625 0.8693375453125001 0.6103918140625 0.9008316578125 0.60027615625 0.9970757125 0.6114505593749999 0.9982501890625001 0.63052530625 0.870512021875 0.6394843921875 0.839017909375 0.64960005 0.7427738546875 0.6585591375 0.71127974375 0.6686747953125 0.6150356890625 0.68100576875 0.5514602234375 0.7112060062500001 0.5059807703125 0.7369756109375001 0.3951641375 0.74709126875 0.2989200828125 0.741552978125 0.2172486078125 0.730378575 0.2160741296875 0.71693994375 0.26331530000000003
52 0.7468956171875 0.6232570281250001 0.77377288125 0.5287746890625 0.7771447671875 0.4966933375 0.771606478125 0.4150218625 0.76491161875 0.3981003296875 0.7828297937500001 0.335112103125 0.785094021875 0.28669645625 0.7795068203125 0.28610921718750004 0.7481500140625 0.3963386140625 0.7625984781249999 0.5276002125 0.7390931015625 0.5900012 0.7368288734374999 0.638416846875 0.7468956171875 0.6232570281250001
2 0.8229011249999999 0.5988097781249999 0.8340266171874999 0.6810684921875 0.8452010203125001 0.68224296875 0.8474163359375 0.7149115578125 0.8630702828124999 0.700338978125 0.8597473109375 0.6513360953125 0.83966273125 0.60057149375 0.8643246781249999 0.47342056406250005 0.8744403359374999 0.3771765109375 0.868902046875 0.295505034375 0.8465532390625 0.29315608125 0.8387018093749999 0.3409844890625 0.8509838703125 0.3584932609375 0.8543068453125 0.40749614687499996 0.8441911875000001 0.5037402015625 0.8262730109374999 0.5667284265625 0.8229011249999999 0.5988097781249999
0 0.8686574859375 0.7009262171875 0.8719804578125 0.7499291015625 0.8988088078124999 0.7365310015625 0.925686071875 0.6420486624999999 0.9335864140625001 0.51313601875 0.92024560625 0.3982087140625 0.9034840015625001 0.3964469984375 0.8686574859375 0.7009262171875