55 0.159600671875 0.48954834375 0.1574441734375 0.46529656093750005 0.1366709671875 0.532794521875 0.12065678124999998 0.464011915625 0.11452555 0.46379780937500004 0.1102701796875 0.497760896875 0.11935996093750001 0.5890428234375 0.12736705312500002 0.6234341265625 0.13696048593750001 0.6123985734375 0.14547122968749998 0.544472396875 0.159600671875 0.48954834375
42 0.167616646875 0.6134691109375 0.173154796875 0.48342617031249996 0.163498771875 0.47979105625 0.16148541562500002 0.613255003125 0.167616646875 0.6134691109375
42 0.167541259375 0.3519435296875 0.1624927171875 0.40862004531249996 0.170499809375 0.4430113484375 0.1800932421875 0.4319757953125 0.1763415203125 0.363621403125 0.167541259375 0.3519435296875
52 0.1860103421875 0.6141114328125 0.22279773593750002 0.6153960765625001 0.2313084796875 0.5474699000000001 0.2091630625 0.4784731875 0.222218696875 0.4561879734375 0.2142116046875 0.42179667031249996 0.20194914062499997 0.42136845625 0.1915625359375 0.45511743750000005 0.1899761953125 0.5005442921875 0.1979832875 0.5349355953125 0.210245753125 0.5353638109375 0.2121216125 0.5695410062499999 0.20173500781249998 0.6032899875 0.1860103421875 0.6141114328125
51 0.2638290921875 0.6119089953125 0.2596303515625 0.502934871875 0.26696654375 0.4965955609375 0.281210796875 0.47071050156250005 0.2779196828125 0.437617596875 0.2678063515625 0.46915049218749993 0.2555438875 0.468722278125 0.23873653125 0.42265309999999995 0.23448116093750002 0.45661618906249996 0.245157284375 0.502471259375 0.24601239375 0.5618197781250001 0.2468368640625 0.6146135078125 0.2638290921875 0.6119089953125
34 0.32508123437499997 0.46234907812500003 0.3123113171875 0.4252223875 0.28935222656250004 0.4413145671875 0.28361369999999997 0.5037723890625 0.279565165625 0.5718961874999999 0.3001332046875 0.6164746578125 0.3202822046875 0.5743067500000001 0.333261225 0.5846534 0.3256756625 0.5217302921875 0.32508123437499997 0.46234907812500003
45 0.3462155484375 0.5969647953125 0.35414725156250004 0.3698305171875 0.34534698750000004 0.3581526421875 0.33496038437500003 0.3919016234375 0.340298446875 0.41482915781249996 0.3339530828125 0.5965365796875 0.3462155484375 0.5969647953125
5 0.549028328125 0.56910356875 0.549207096875 0.5130471156249999 0.5372632765625001 0.473056396875 0.5587287843750001 0.44412574843749997 0.559648953125 0.41777556093749996 0.5269044390625 0.4327161453125 0.5226490671875 0.4666792328125 0.5325320203125 0.5352477328125 0.5309456796875 0.5806745875 0.5213522453125 0.5917101406249999 0.517096875 0.6256732296874999 0.537416934375 0.6214628921875 0.549028328125 0.56910356875
0 0.561559815625 0.49039391875 0.5644421234375 0.5861308968750001 0.575842709375 0.6162092546875 0.5983892328125 0.58302976875 0.6068999749999999 0.5151035921875 0.5943479921875 0.4350713265625 0.570616234375 0.41150146875000004 0.561559815625 0.49039391875
46 0.6364734453125 0.45928350625 0.6250041515625 0.4361418625 0.61541071875 0.44717741718750004 0.6199556109375 0.49281837968750003 0.616782928125 0.583672090625 0.624790021875 0.61806339375 0.6351766249999999 0.5843144125 0.6418115078125 0.48221104062500003 0.647942740625 0.482425146875 0.65594983125 0.51681645 0.6490254296875 0.539315771875 0.6474390890625 0.584742628125 0.6554461828125 0.61913393125 0.6589083828125 0.60788426875 0.6658327859375001 0.58538495 0.6674191265625 0.5399580937499999 0.6778057296875 0.5062091125 0.685812821875 0.5406004156249999 0.68422648125 0.586027271875 0.6903577140625 0.5862413796875 0.694323565625 0.47267423906249995 0.6863164734375 0.4382829359375 0.6732608375 0.46056815 0.6617915453125 0.43742650625 0.6433978484375 0.436784184375 0.6364734453125 0.45928350625
40 0.7303177875 0.4966723125 0.723103865625 0.43956757968750004 0.700737275 0.4523827140625 0.7042065187500001 0.5412427375 0.6749841765625 0.6295647421874999 0.670530290625 0.7316410546875 0.6914718046874999 0.7686482421874999 0.7139405609375 0.7364547328125 0.72681719375 0.6478637218750001 0.7211549578125 0.5553275609375 0.7303177875 0.4966723125