14 0.0382111671875 0.371466221875 0.0648235328125 0.31031985781250004 0.127602015625 0.29811695625 0.1519754796875 0.3549500234375 0.16342114531250002 0.43668537812499997 0.1542457765625 0.32092465468750003 0.108557303125 0.24584542968749998 0.041411721875 0.2812865859375 0.019954615624999998 0.39180696875 0.0296818609375 0.45708431875000005 0.0473865359375 0.4872269453125 0.0382111671875 0.371466221875
14 0.07798761875 0.40851321875 0.10259736718750001 0.5884419359375 0.0758115078125 0.6944007796875 0.11194622968750001 0.6593901796875 0.1487270140625 0.8257583984375 0.17365235625 0.832108090625 0.19342243750000002 0.7890837640624999 0.190537475 0.7056843765624999 0.1781615515625 0.6801032921875 0.1835216984375 0.7686188953124999 0.1534724953125 0.796849246875 0.12717572187499998 0.6844165875 0.12353399375 0.612358990625 0.2018889546875 0.5355575390625 0.1560269875 0.5052907906249999 0.115146784375 0.5692105421875 0.0953139109375 0.44432674062500005 0.07798761875 0.40851321875
36 0.2845631015625 0.8161465703124999 0.24458176250000002 0.7399579890625 0.22303046875 0.598616178125 0.2388118359375 0.5731592140624999 0.21368160625 0.5276679343749999 0.2150530390625 0.6337509 0.23316749374999998 0.7421766984375 0.27734243593749996 0.839939503125 0.29979259375 0.8411729796875 0.3134771578125 0.804928903125 0.2845631015625 0.8161465703124999
48 0.3444566203125 0.7205442828125 0.3467269171875 0.6865189140625 0.320808525 0.5684153609375 0.2985318625 0.5223694046875 0.2692394234375 0.5392579671875 0.31038730625 0.6823879296875 0.3444566203125 0.7205442828125
52 0.42930687812499996 0.7152457531249999 0.3641953078125 0.593565890625 0.360175196875 0.5271791890624999 0.336558496875 0.45900433124999995 0.32971621406249996 0.47712637031250005 0.34783066875 0.585552165625 0.3341461046875 0.6217962421875 0.35240265625 0.6014554953125 0.4108454359375 0.696444915625 0.3536005953125 0.752350940625 0.36920846875 0.77170645625 0.42930687812499996 0.7152457531249999
49 0.479851534375 0.5486952203125 0.46022355 0.462953003125 0.4350933203125 0.4174617234375 0.3873394390625 0.41554944843749997 0.383933996875 0.46658750156249995 0.47199968593749997 0.9196462000000001 0.4897043609375 0.9497888265625001 0.46337619375 0.7534021046875 0.48407653437500003 0.654223509375 0.479851534375 0.5486952203125
51 0.5253037234375 0.5006788 0.500739528125 0.498497271875 0.4962450984375 0.6045964984375 0.4880652484375 0.6366561468749999 0.509758640625 0.6492314125 0.515719490625 0.5940224093750001 0.5178774625 0.535898496875 0.5389302390624999 0.5657499593749999 0.5735630203125 0.6608493078125 0.5756207453125 0.6298999484375 0.5253037234375 0.5006788
42 0.571859665625 0.3516956296875 0.53528376875 0.2244689953125 0.4718906203125 0.119247140625 0.493993790625 0.2101055765625 0.5092232812499999 0.2351319859375 0.508640009375 0.20166129531250002 0.571859665625 0.3516956296875
42 0.6017981671875 0.5361858859375 0.5877604890625 0.38314515 0.576904221875 0.6137902562499999 0.5925300390625 0.6707401046875 0.6017981671875 0.5361858859375
47 0.6331560125 0.4461303703125 0.6503112171875001 0.5203391078124999 0.6629265046875 0.612929428125 0.6821221656249999 0.6193812953125 0.659799775 0.4689380703125 0.67327945 0.3935524078125 0.68956075625 0.4176672984375 0.7260507296875 0.5361662265625 0.73515906875 0.521457840625 0.691032821875 0.3698598484375 0.66502220625 0.337577615625 0.6383818390625 0.41743234687499997 0.616185890625 0.40477486875 0.598534821875 0.45845739375 0.6109107453125 0.4840384796875 0.6331560125 0.4461303703125
7 0.7706477296875 0.2850684203125 0.76438871875 0.33666114999999996 0.773154309375 0.37413870312499997 0.7769381359375 0.31742975625000003 0.8128993640625 0.3272316359375 0.8245499171875 0.448108575 0.8097616000000001 0.5853194 0.8261262390624999 0.593333125 0.8386442609375001 0.49014766875 0.8275455828125 0.3187873546875 0.8600699734375 0.2956732203125 0.8212551765624999 0.28642601875 0.7755353078125 0.1273927265625 0.7091464921874999 0.15149209531250002 0.7036442453125 0.1917430328125 0.7223105765625 0.24968545625 0.732558303125 0.180525365625 0.7856409359375001 0.1869991796875 0.8048905375000001 0.27841229375 0.7706477296875 0.2850684203125
5 0.924109184375 0.60227389375 0.8955735109375 0.6078206671874999 0.8715784281250001 0.5453167046875 0.874636884375 0.5839036109375 0.9018639171875 0.6401820015624999 0.933631540625 0.6284096578125 0.9467328343749999 0.5586948890625 0.8876753875000001 0.34628071562499996 0.8779481421875 0.28100336718749996 0.8901191765625001 0.26744286875 0.8788784 0.22484909687500002 0.9085492234375 0.20228964062500002 0.9540328062500001 0.23822728437500001 0.9477423999999999 0.2058659484375 0.9022588171875 0.16992830625 0.8461491234375 0.20882164687500002 0.9332217640625 0.5501264859375 0.924109184375 0.60227389375