21 0.1159821609375 0.36550508125 0.08578076875 0.5837124593749999 0.078745165625 0.3249723125 0.0447386921875 0.6138450984375 0.05733123125 0.61362529375 0.075556053125 0.4309264609375 0.0802031265625 0.6249925625 0.08680737968749999 0.6425270296875001 0.10911794687500001 0.4774066265625 0.11587288437500001 0.6479029390625 0.12363373124999999 0.659533971875 0.1159821609375 0.36550508125
48 0.15321915625 0.40603785 0.13607558749999998 0.506352325 0.13792348906250002 0.6122185515624999 0.15385582656250002 0.6590064421874999 0.164600465625 0.5529204125 0.15321915625 0.40603785
57 0.2053072390625 0.5757428703125 0.222861453125 0.49895422187499994 0.20101617031250002 0.546401525 0.1763717171875 0.5056489531249999 0.1927146984375 0.5759626734375 0.18448856875 0.6820047421875 0.19517856875 0.7171176421875 0.199524275 0.60526005625 0.22457937499999997 0.66953845625 0.2053072390625 0.5757428703125
42 0.2447274390625 0.669186771875 0.24069633281249997 0.5104094109374999 0.2367612703125 0.645792825 0.2447274390625 0.669186771875
40 0.309236675 0.4680302921875 0.29214774375 0.4271458390625 0.272615646875 0.46278626562499997 0.26051883125 0.5232873515625001 0.2697667765625 0.5974854781250001 0.28474290468749996 0.5802395625 0.30034286875 0.5267232500000001 0.30117125312500004 0.6754278765625 0.290245734375 0.7582403546875 0.2962484921875 0.8490194046875 0.311591265625 0.8915831203125 0.309236675 0.4680302921875
47 0.40033431249999996 0.7076533859375 0.3867146515625 0.6656726640625 0.3675937078125 0.708224875 0.36082669218749996 0.6000270375000001 0.3541201359375 0.6207996 0.35949755781250003 0.7495489359375 0.3670530828125 0.7494170546875 0.38227942812500004 0.7153231140625 0.40346878750000004 0.7428981671875 0.40503926718749994 0.743072184375 0.40033431249999996 0.7076533859375
38 0.356903709375 0.6731119765625 0.340779034375 0.6664744734375 0.340364884375 0.5921221531249999 0.355635171875 0.5051028203125 0.3453413625 0.4722337484375 0.33192817343750003 0.5137786625 0.32623082812500004 0.5923688640625 0.336271721875 0.7119949640625001 0.352316678125 0.7199771328125 0.356903709375 0.6731119765625
31 0.569594275 0.4458359859375 0.5403987906250001 0.5051780859375 0.521742621875 0.446671240625 0.51344115 0.47623238749999997 0.534615825 0.534695271875 0.525773728125 0.6054486 0.5327886265624999 0.646508896875 0.5363883875 0.564080578125 0.5666858234375 0.6400339703125 0.5446898578125 0.5345194296875 0.569594275 0.4458359859375
16 0.5937734453125 0.6042616609375 0.608138546875 0.6334271609375 0.6346102 0.562366109375 0.657276771875 0.5619704624999999 0.6690687265624999 0.732378853125 0.67143655 0.5793730484374999 0.66190314375 0.5383567125 0.6341995546875 0.5388402812499999 0.620580403125 0.4802455140625 0.6101710687499999 0.53337645 0.6173912875 0.5861996625 0.59819449375 0.5688849968749999 0.601383609375 0.4629308484375 0.6255420765624999 0.403676671875 0.6040320984374999 0.3981688796875 0.5896123578125 0.510202309375 0.5937734453125 0.6042616609375
14 0.79014173125 0.5243518015624999 0.78986106875 0.43610796562500004 0.8364807843750001 0.3646952296875 0.7908123375 0.41844161562500004 0.78937508125 0.336101215625 0.820343125 0.30614442343750004 0.772491471875 0.3069796765625 0.7857206828125001 0.559728465625 0.7952318546875 0.580051215625 0.8205980625 0.4639381125 0.816632090625 0.43922082187499994 0.79014173125 0.5243518015624999
13 0.8878229187500001 0.5638295140625 0.9140892515625 0.48100554687499997 0.9151705031249999 0.3986211875 0.8792200796874999 0.2874669734375 0.8878229187500001 0.5638295140625