30 0.0532860359375 0.3593242109375 0.050793215625 0.43070927187499997 0.059104618750000004 0.5024716203125 0.059521090624999995 0.6454303859375 0.06991034375 0.735133325 0.07323460625 0.7173813828125 0.0944265859375 0.5751772015625 0.095672996875 0.539484671875 0.11561856718750001 0.432973021875 0.1160335375 0.34364737500000003 0.10730716250000001 0.3612106703125 0.090270884375 0.5392960265625 0.0802981 0.592551853125 0.07489598750000001 0.59236320625 0.068662434375 0.5385414421875 0.06699955468749999 0.431275209375 0.0566102984375 0.34157227031250004 0.0532860359375 0.3593242109375
23 0.1696396921875 0.43485948125 0.158004028125 0.380849071875 0.12974705312499998 0.415598371875 0.1185278578125 0.5045467265625 0.1147886265625 0.6116243156250001 0.12517788125 0.701327253125 0.1501105921875 0.684329896875 0.168809753125 0.6135107750000001 0.172548984375 0.5064331859375 0.1696396921875 0.43485948125
20 0.197065225 0.3464770640625 0.180030446875 0.7568468296875001 0.2016388984375 0.7576014140625 0.226571609375 0.74060405625 0.23114228125 0.6871595859374999 0.19332749375 0.6858390640625001 0.2045451890625 0.364606296875 0.197065225 0.3464770640625
28 0.2697870109375 0.5098288125 0.26480136718749997 0.65259893125 0.2581528453125 0.688102815625 0.2556600234375 0.7594878734375 0.2664642484375 0.7598651640625 0.273112771875 0.7243612828125 0.2805912359375 0.5102061046874999 0.310926059375 0.4933973921875 0.3229766953125 0.45808215468749997 0.32422310625 0.422389625 0.29181043125 0.42125775 0.2889011390625 0.34968404531249997 0.2780969140625 0.349306753125 0.27020197968750004 0.420503165625 0.23986715625000002 0.43731187812499994 0.240698596875 0.49094499531249997 0.2697870109375 0.5098288125
10 0.3445866453125 0.6911211500000001 0.34209382499999996 0.7625062078125 0.35289804999999996 0.7628834999999999 0.348742346875 0.7270023250000001 0.35372798906249997 0.58423220625 0.34957228906250004 0.54835103125 0.3524800796875 0.387640325 0.3362737421875 0.3870743875 0.32422310625 0.422389625 0.2918119296875 0.6535421609375 0.2905655203125 0.689234690625 0.2980454828125 0.7073639234375 0.3167446421875 0.6365448015624999 0.33835309375 0.6372993859375 0.3445866453125 0.6911211500000001
20 0.3715972078125 0.6920643796875 0.3778307609375 0.7458861421874999 0.4135676984375 0.7292660765625001 0.4127362578125 0.6756329578125 0.38364784375 0.6567491421875 0.3936191296875 0.3712089046875 0.386139165625 0.353079671875 0.3715972078125 0.6920643796875
18 0.44182467187499996 0.6945167765625 0.45179595624999996 0.408976540625 0.44431599374999997 0.39084730625 0.431020446875 0.6941394843750001 0.44182467187499996 0.6945167765625
22 0.49750717812499995 0.5713850593750001 0.502909290625 0.5715737046875 0.5236878015624999 0.7509795828125 0.532414175 0.7334162875 0.54487828125 0.376490990625 0.5340740562499999 0.3761137 0.5232713312499999 0.60802081875 0.510804225 0.5003772921875 0.5054021125 0.5001886453125 0.49833712031250005 0.3927337640625 0.49252003593750004 0.4818707671875 0.4858715125 0.51737465 0.48088587031249996 0.66014476875 0.4729909375 0.73134118125 0.4837951625 0.7317184734375 0.49750717812499995 0.5713850593750001
15 0.7351986328125 0.34740106875 0.723562965625 0.29339065937500003 0.6911502921875 0.292258784375 0.6845017671875 0.32776266875000004 0.6736975421875 0.3273853765625 0.6616484078125 0.594985025 0.654999884375 0.6304889078125 0.6525070625 0.7018739671875001 0.6633112875 0.702251259375 0.6645576984375 0.6665587296875 0.6745304828124999 0.6133029046875 0.717747384375 0.6148120718750001 0.7297980203125001 0.579496834375 0.7322908406249999 0.5081117749999999 0.7256423171875 0.543615659375 0.680347565625 0.524165903125 0.6840867984375001 0.41708831562500004 0.6940595828125 0.363832490625 0.7156680328125 0.36458707343749996 0.7293815484375 0.43653806875 0.7351986328125 0.34740106875
23 0.7813248234375 0.42048394218749996 0.769689159375 0.3664735328125 0.74932711875 0.33002642031249996 0.7393543328125001 0.38328224375 0.7368615125 0.4546673046875 0.7302129890625 0.4901711875 0.730629459375 0.6331299515625 0.7368630140625 0.6869517140625 0.7671978375 0.670143003125 0.7817412953125 0.5634427046875 0.7813248234375 0.42048394218749996
26 0.79212905 0.4208612328125 0.7883898171875 0.5279388218750001 0.7817412953125 0.5634427046875 0.778833503125 0.7241534109375001 0.784235615625 0.7243420578124999 0.7942084 0.6710862328125 0.7979476328125 0.5640086421875 0.8212174624999999 0.43974504999999997 0.8232953140625 0.45768563906250004 0.8033497437499999 0.5641972890625 0.8008569234375 0.6355823484374999 0.8166482921875 0.7254739328124999 0.8415810031250001 0.7084765749999999 0.8482295265625 0.6729726921875 0.846151675 0.655032103125 0.8170632609374999 0.6361482859375001 0.8262046046875 0.5292593421875 0.8473965859374999 0.3870551625 0.8411630328124999 0.3332334 0.8249566953125 0.3326674625 0.8050111265625001 0.4391791125 0.80334824375 0.331912878125 0.7979461328124999 0.33172423281249996 0.7879733484375 0.3849800578125 0.79212905 0.4208612328125
28 0.8798092609375001 0.3881870390625 0.8698379765625001 0.673727275 0.8806422015625 0.6741045671875 0.8939377484375 0.3708123890625 0.9155461984375 0.3715669734375 0.9251040125 0.40763679374999995 0.957931659375 0.319443021875 0.95169810625 0.265621259375 0.9462959921874999 0.26543261406249996 0.9396474703125 0.300936496875 0.88022423125 0.29886139218749996 0.8681735953124999 0.3341766296875 0.8644343640625 0.44125421718749996 0.872329296875 0.37005780625 0.8798092609375001 0.3881870390625