20 0.093730540625 0.46878156249999997 0.10565610156250001 0.4074298625 0.09801382187499999 0.39002690625 0.021354325 0.7730620171875 0.038352196875 0.7763660703124999 0.0655623203125 0.7498202843749999 0.041778821875 0.7133623453125 0.083518290625 0.49863139843750004 0.093730540625 0.46878156249999997
18 0.07234794375 0.7829741734375 0.10216185 0.6295949265624999 0.11237409843749999 0.5997450890625 0.1311190984375 0.49196660937500003 0.1217635046875 0.506065515625 0.068098475 0.7821481609375 0.07234794375 0.7829741734375
22 0.108057003125 0.7580804140625 0.12594534531249998 0.666052865625 0.1472265015625 0.5906022625 0.13269715625 0.7787874234375 0.1420527484375 0.76468851875 0.1582277796875 0.7041628328125 0.2008239046875 0.47368095468750004 0.1923249671875 0.472028928125 0.17700659375 0.5168036828125 0.17357996874999998 0.5798074093750001 0.15058549999999998 0.686759875 0.16511484375000002 0.4985747140625 0.151509784375 0.51184760625 0.11573309843749999 0.695902703125 0.10552084843750001 0.7257525390625 0.09870140937500001 0.7721793203125 0.108057003125 0.7580804140625
10 0.1811208078125 0.8359523734375 0.19133305625000002 0.8061025359375 0.2271097421875 0.6220474390625 0.22882305625 0.5905455765625 0.2467114 0.498518028125 0.2390691203125 0.481115071875 0.1709761859375 0.706640871875 0.1590506234375 0.7679925703125 0.1624434359375 0.7845695140625 0.18883071406250002 0.6941939921875 0.2015791203125 0.69667203125 0.17687133906250002 0.835126359375 0.1811208078125 0.8359523734375
31 0.27135155312500003 0.5192250375 0.2577464921875 0.5324979296875 0.252606553125 0.6270035171874999 0.22196980625 0.7165530265625 0.20579477499999999 0.7770787125 0.19983199375 0.8077545625000001 0.20408146249999998 0.808580575 0.239824334375 0.704106146875 0.244073803125 0.7049321609375 0.23893386562500002 0.7994377484374999 0.24403998906250002 0.7845128296875 0.2559655515625 0.72316113125 0.2593921765625 0.66015740625 0.2713177390625 0.5988057062500001 0.2917422390625 0.539106034375 0.30452445781250004 0.46200340312500005 0.3002749890625 0.46117739062499996 0.2738877078125 0.5515529124999999 0.27135155312500003 0.5192250375
24 0.369878353125 0.6816337421875 0.385196728125 0.6368589874999999 0.40644406875000005 0.640989053125 0.4260119109375 0.5970403109375 0.4421869421875 0.5365146249999999 0.45071969218749997 0.45858598125 0.44818353593750004 0.42625810625 0.418437259375 0.420476015625 0.403118884375 0.4652507703125 0.3494538546875 0.741333415625 0.357952790625 0.7429854421875 0.369878353125 0.6816337421875
20 0.44890493906250006 0.7288298515625 0.42937090937500005 0.693197925 0.477073159375 0.447791128125 0.473680346875 0.43121418437500003 0.42087197343750005 0.6915458984375 0.41065972500000003 0.7213957343749999 0.44890493906250006 0.7288298515625
29 0.481255 0.6077784796875 0.5110689046875 0.45439923281250005 0.50767609375 0.43782228749999996 0.4727560640625 0.606126453125 0.46507997031250004 0.6683041656250001 0.46504615625 0.747884834375 0.4871501546875 0.73626396875 0.49650574687500004 0.7221650625 0.5177869015625001 0.6467144593749999 0.5356752453125 0.5546869109375 0.5433513390625 0.4925091984375 0.5459213078125 0.44525640468749994 0.5416718406250001 0.4444303921875 0.524640153125 0.5207070093749999 0.521213528125 0.583710734375 0.5092879671875 0.6450624328125001 0.493969590625 0.6898371875 0.47697171718750003 0.6865331359375 0.481255 0.6077784796875
27 0.495649090625 0.7379159937499999 0.488829653125 0.784342775 0.5066841828124999 0.7718958953125 0.5245387125 0.759449015625 0.5441065546875 0.715500275 0.5560321171875 0.654148575 0.56117205625 0.5596429875 0.5799170546875 0.4518645078125 0.5663119937500001 0.4651374 0.54246086875 0.5878407984375 0.5398909015625 0.6350935921875001 0.54414036875 0.6359196046875 0.53732093125 0.6823463859375 0.5220025578125 0.727121140625 0.495649090625 0.7379159937499999
8 0.6724472625 0.7245297328125 0.707299665625 0.7153869046875 0.73197363125 0.6565132453125 0.7362569140625 0.5777585890625 0.7328641015625 0.56118164375 0.7532886000000001 0.501481971875 0.76607081875 0.424379340625 0.7635346625 0.392051465625 0.742287321875 0.3879214015625 0.7125072296875 0.4617199796875 0.70058166875 0.523071678125 0.69886835625 0.5545735406250001 0.67501723125 0.6772769390625 0.6724472625 0.7245297328125
5 0.7643236921875001 0.535461871875 0.761719909375 0.6622953359375 0.7421520671875 0.7062440765625 0.7396159124999999 0.6739162015625 0.7285470046875 0.71951696875 0.754043815625 0.724473046875 0.7676488781249999 0.7112001546875 0.7787177828125 0.6655993875 0.7812877515625 0.61834659375 0.772788815625 0.6166945671875 0.775358784375 0.5694417734375 0.781321565625 0.538765925 0.8076750328125 0.5279710718749999 0.82299340625 0.48319631718749995 0.7983532531249999 0.4624893078125 0.800066565625 0.43098744531250005 0.7915676296874999 0.42933541875000003 0.7643236921875001 0.535461871875
0 0.8578119953125001 0.5536341578124999 0.8603819640625 0.5063813640625 0.849346871875 0.4724014625 0.8510601843750001 0.4408996 0.8425612499999999 0.439247575 0.82299340625 0.48319631718749995 0.7812539390625 0.6979272625 0.77868396875 0.74518005625 0.8135363734375 0.7360372296875 0.8279980890624999 0.7070134046875001 0.8578119953125001 0.5536341578124999
46 0.8811592671874999 0.6311115359375 0.8824521484375 0.5743411671875001 0.86799043125 0.603364990625 0.8881862140625 0.4807911890625 0.876159490625 0.4871212765625 0.8383513421875 0.6877988734375 0.8705265859375 0.635692865625 0.8635476203125 0.697030346875 0.8710610125 0.6984908015625 0.8975888828125 0.60830178125 0.897024021875 0.586522478125 0.8811592671874999 0.6311115359375
40 0.9039594953125001 0.5878705984375 0.8965303125 0.6384331765625 0.8610862234375001 0.7528924078125 0.8501761828125 0.8244479453125001 0.86963214375 0.76755525625 0.9250127906250001 0.5659595953125 0.925961009375 0.527138871875 0.9131225468749999 0.5376450187499999 0.9039594953125001 0.5878705984375