28 0.09068627500000001 0.424242425 0.0857843140625 0.45454545468749996 0.0490196078125 0.4696969703125 0.0514705875 0.5151515156250001 0.08823529375 0.5303030296875 0.08333333281250001 0.5909090906250001 0.08333333281250001 0.7121212124999999 0.078431371875 0.7424242421875 0.078431371875 0.803030303125 0.08823529375 0.803030303125 0.0931372546875 0.7424242421875 0.0931372546875 0.621212121875 0.098039215625 0.5909090906250001 0.098039215625 0.5303030296875 0.1299019609375 0.5151515156250001 0.132352940625 0.5 0.125 0.45454545468749996 0.10539215625000001 0.45454545468749996 0.1004901953125 0.424242425 0.09068627500000001 0.424242425
14 0.13970588281250002 0.6363636359375 0.1372549015625 0.5606060609375 0.1495098046875 0.5151515156250001 0.169117646875 0.5151515156250001 0.1740196078125 0.5454545453125 0.186274509375 0.5303030296875 0.17892156875 0.48484848437499994 0.15441176406249998 0.48484848437499994 0.1495098046875 0.45454545468749996 0.1299019609375 0.48484848437499994 0.12745097968750002 0.5909090906250001 0.12254902031249999 0.621212121875 0.12745097968750002 0.7424242421875 0.13970588281250002 0.81818181875 0.1666666671875 0.803030303125 0.171568628125 0.7727272734375 0.169117646875 0.7575757578125 0.14460784375 0.7575757578125 0.1372549015625 0.7121212124999999 0.1372549015625 0.6818181812499999 0.1495098046875 0.6666666671875 0.15441176406249998 0.696969696875 0.15931372500000002 0.6666666671875 0.1813725484375 0.6515151515625 0.13970588281250002 0.6363636359375
20 0.1936274515625 0.48484848437499994 0.1911764703125 0.7727272734375 0.23529411718749998 0.7727272734375 0.20098039218750002 0.7424242421875 0.20098039218750002 0.5606060609375 0.20588235312499997 0.5 0.1936274515625 0.48484848437499994
21 0.2671568625 0.48484848437499994 0.2549019609375 0.621212121875 0.23529411718749998 0.7424242421875 0.2475490203125 0.7575757578125 0.2720588234375 0.60606060625 0.2794117640625 0.7121212124999999 0.28676470625 0.7575757578125 0.296568628125 0.7575757578125 0.3063725484375 0.696969696875 0.311274509375 0.696969696875 0.313725490625 0.7727272734375 0.3235294125 0.7727272734375 0.32107843125 0.48484848437499994 0.31617647031249996 0.48484848437499994 0.30882352968750004 0.5303030296875 0.30882352968750004 0.5909090906250001 0.296568628125 0.696969696875 0.2916666671875 0.696969696875 0.28431372499999996 0.6515151515625 0.2794117640625 0.5303030296875 0.2720588234375 0.48484848437499994 0.2671568625 0.48484848437499994
10 0.37745097968749997 0.8333333328125001 0.382352940625 0.8333333328125001 0.37745097968749997 0.5606060609375 0.3700980390625 0.48484848437499994 0.35539215625 0.48484848437499994 0.348039215625 0.621212121875 0.33823529375 0.6818181812499999 0.328431371875 0.803030303125 0.3357843140625 0.81818181875 0.35049019531250003 0.7272727265625 0.3700980390625 0.7272727265625 0.37745097968749997 0.8333333328125001
12 0.419117646875 0.5151515156250001 0.40196078437500005 0.621212121875 0.40196078437500005 0.7121212124999999 0.4240196078125 0.7878787875000001 0.455882353125 0.7727272734375 0.44362745156249994 0.7575757578125 0.438725490625 0.7272727265625 0.4240196078125 0.7272727265625 0.41176470624999995 0.6818181812499999 0.41176470624999995 0.6515151515625 0.4240196078125 0.575757575 0.43382352968750004 0.575757575 0.44607843125 0.5303030296875 0.438725490625 0.48484848437499994 0.419117646875 0.5151515156250001
10 0.5073529406249999 0.696969696875 0.5147058828125 0.803030303125 0.5245098046875001 0.803030303125 0.51960784375 0.7424242421875 0.51960784375 0.6515151515625 0.5073529406249999 0.48484848437499994 0.49754902031250003 0.48484848437499994 0.46568627500000004 0.6818181812499999 0.4607843140625 0.7424242421875 0.4607843140625 0.7727272734375 0.4681372546875 0.7878787875000001 0.4828431375 0.696969696875 0.5073529406249999 0.696969696875
20 0.5833333328125 0.803030303125 0.5759803921875 0.7575757578125 0.55392156875 0.7424242421875 0.5490196078125 0.6818181812499999 0.55392156875 0.5 0.546568628125 0.45454545468749996 0.5392156859375 0.5 0.5392156859375 0.7727272734375 0.5514705875 0.7878787875000001 0.5563725484375001 0.81818181875 0.5833333328125 0.803030303125
5 0.7377450984375 0.39393939375000003 0.7083333328125 0.39393939375000003 0.705882353125 0.5303030296875 0.71323529375 0.575757575 0.723039215625 0.575757575 0.73039215625 0.621212121875 0.723039215625 0.6363636359375 0.7181372546875 0.60606060625 0.7107843140625 0.6515151515625 0.7181372546875 0.696969696875 0.7450980390625 0.6818181812499999 0.759803921875 0.621212121875 0.759803921875 0.5303030296875 0.7279411765625 0.5151515156250001 0.7254901953124999 0.4696969703125 0.7279411765625 0.45454545468749996 0.7328431375 0.48484848437499994 0.7818627453125 0.48484848437499994 0.784313725 0.4393939390625 0.7426470593750001 0.424242425 0.7377450984375 0.39393939375000003
4 0.85503245625 0.722089090625 0.8578431375 0.4696969703125 0.8455882359375 0.45454545468749996 0.813725490625 0.621212121875 0.813725490625 0.6818181812499999 0.8210784312499999 0.7272727265625 0.8417885640625 0.7166256359375 0.845320215625 0.9023779390625 0.8559153281249999 0.9023779390625 0.85503245625 0.722089090625
0 0.9068627453125 0.6818181812499999 0.9068627453125 0.5909090906250001 0.898295775 0.47077718125 0.8850518828125 0.45438730312500003 0.8726910296874999 0.5199468781250001 0.8718079953125001 0.6292129390625 0.8774509796875 0.7121212124999999 0.8848039218749999 0.7575757578125 0.901960784375 0.7424242421875 0.9068627453125 0.6818181812499999