26 0.175935659375 0.6758275140625 0.19172185625 0.7653554921875 0.25626452187500004 0.839692709375 0.26832738749999996 0.804597303125 0.1913929953125 0.725851403125 0.2006956828125 0.5527754265625 0.1881278109375 0.462679971875 0.077870859375 0.3172792640625 0.1940004578125 0.9100146562500001 0.1042751890625 0.3917476203125 0.18298317656250002 0.48996182499999996 0.175935659375 0.6758275140625
42 0.2673642328125 0.81795449375 0.292476546875 0.8662759484375 0.2491467171875 0.6299500328125001 0.2673642328125 0.81795449375
42 0.217574321875 0.450894078125 0.23191578750000003 0.5604578375 0.2502625890625 0.5704101609375 0.2287038703125 0.46408296406250005 0.217574321875 0.450894078125
55 0.335912234375 0.792680271875 0.325576103125 0.5835050734375 0.313994815625 0.611921884375 0.31997331875 0.749334978125 0.267981965625 0.5927756015625001 0.26780821875 0.607467640625 0.31756543125 0.7827279500000001 0.335912234375 0.792680271875
48 0.3931824625 0.8272748406250001 0.4052407765625 0.806821925 0.40656255 0.7516083890624999 0.3928555171875 0.6639534078125 0.3724062609375 0.5950286921875 0.35405946093749996 0.5850763671875 0.3496903953125 0.6590061687500001 0.36805429375 0.7840559296875 0.3931824625 0.8272748406250001
53 0.4400437234375 0.6540705328125 0.43466928281249995 0.6183646031250001 0.4179440234375 0.580994646875 0.38776380312500003 0.39938265781250004 0.3694699375 0.371361346875 0.4060342515625 0.56931813125 0.3955092171875 0.5739544140625 0.403657821875 0.620167453125 0.4173101078125 0.6332666859375 0.442445853125 0.813457596875 0.4543560015625 0.8245448734374999 0.4326275671875 0.65904368125 0.4400437234375 0.6540705328125
51 0.4397643875 0.62113150625 0.4167834703125 0.5848647640625 0.414381809375 0.618276525 0.44139049999999996 0.6721599421875 0.4504799515625 0.7461041765624999 0.47199880156249996 0.798715990625 0.4852472453125 0.7927231984375 0.45255509375 0.6518644421875 0.46154738125000005 0.5513140234375 0.4475155953125 0.550122884375 0.4397643875 0.62113150625
42 0.4478490609375 0.43007146562500004 0.46974305000000005 0.4789603984375 0.454438428125 0.382753828125 0.4478490609375 0.43007146562500004
42 0.5129201625 0.7614689984375 0.5270854828125 0.7853459875000001 0.48730284062500007 0.5879566828125 0.5129201625 0.7614689984375
45 0.5059264015625 0.43719334062500004 0.5879282453125 0.8669292765625001 0.5975832234375 0.86522684375 0.51110211875 0.4142885328125 0.5059264015625 0.43719334062500004
0 0.6326473906250001 0.6750897703125001 0.656781678125 0.7492896921875001 0.675128478125 0.7592420140625 0.6780506125 0.6817455296875 0.6547653265625 0.5392366625 0.6169271468749999 0.439613103125 0.605321915625 0.478313009375 0.6200646453124999 0.597515590625 0.6326473906250001 0.6750897703125001
5 0.7013098046875 0.48428468750000003 0.7339746421875 0.471931315625 0.706125578125 0.41749874374999996 0.6889180796875001 0.47987600312499995 0.7124329453125 0.5944159265625 0.756220921875 0.69219379375 0.7625048578125 0.7372415218749999 0.7292057265625 0.8024561703125 0.7507708546875 0.8118410140625001 0.7758597390624999 0.728293015625 0.7121040828125 0.5549118375 0.7013098046875 0.48428468750000003