26 0.11601307187500001 0.246753246875 0.12745097968750002 0.85064935 0.1290849671875 0.32467532499999996 0.18954248437500001 0.435064934375 0.150326796875 0.6168831171875 0.150326796875 0.7077922078125 0.20098039218750002 0.7922077921875 0.2189542484375 0.759740259375 0.1568627453125 0.6688311687499999 0.19607843125 0.5 0.1993464046875 0.409090909375 0.11601307187500001 0.246753246875
42 0.23039215624999998 0.5844155843750001 0.215686275 0.7727272734375 0.23202614375000002 0.824675325 0.23039215624999998 0.5844155843750001
42 0.23039215624999998 0.402597403125 0.2254901953125 0.5129870125 0.241830065625 0.5259740265625 0.2390623953125 0.4175185453125 0.23039215624999998 0.402597403125
55 0.2794117640625 0.7142857140625 0.2553965265625 0.5510766234375 0.2526741734375 0.5655152859375 0.2712418296875 0.746753246875 0.2875817 0.759740259375 0.313725490625 0.5519480515625 0.2973856203125 0.5779220781250001 0.2794117640625 0.7142857140625
48 0.3578431375 0.5714285718750001 0.34150326875000003 0.5584415578125 0.3243628046875 0.6304895187499999 0.3207330515625 0.7568283499999999 0.33797458125 0.8037541296875 0.35340131406249997 0.78570584375 0.3642907359375 0.73156065 0.366013071875 0.6428571421875 0.3578431375 0.5714285718750001
53 0.3954248359375 0.6168831171875 0.3888888890625 0.7987012984375 0.3986928109375 0.8116883109374999 0.40603346093750003 0.64492835 0.41420052656250006 0.6413185578125 0.41510800625 0.60522181875 0.40512606562500003 0.5655152859375 0.406940940625 0.38142165 0.39379084999999997 0.35064934999999997 0.3954248359375 0.5519480515625 0.3842546171875 0.554686246875 0.3842546171875 0.6016121953125 0.3954248359375 0.6168831171875
51 0.43464052343750004 0.7857142859375 0.4269049046875 0.6413185578125 0.4532209765625 0.5438572203125001 0.439609203125 0.540247584375 0.41964523593749997 0.6088314421875001 0.4033111046875 0.569125078125 0.3951440390625 0.6016121953125 0.41238564999999994 0.6593670125 0.40849673124999997 0.733766234375 0.42055271562499996 0.7893154671875 0.43464052343750004 0.7857142859375
42 0.4754901953125 0.3766233765625 0.4607843140625 0.422077921875 0.47385620937499995 0.47402597343749997 0.4754901953125 0.3766233765625
42 0.47222222187499996 0.5844155843750001 0.4673202609375 0.759740259375 0.4771241828125 0.7857142859375 0.47222222187499996 0.5844155843750001
45 0.516742628125 0.43917662343749997 0.5228758171875 0.8766233765625 0.5326797390625 0.8766233765625 0.5258170921875001 0.4175185453125 0.516742628125 0.43917662343749997
0 0.64560071875 0.5655152859375 0.6256368359375 0.4608347015625 0.6074877453124999 0.49693144218749996 0.6013071890624999 0.6168831171875 0.6002281593750001 0.6954637406249999 0.6111111109375 0.7727272734375 0.6274509796875 0.7857142859375 0.64378584375 0.709902571875 0.64560071875 0.5655152859375
5 0.6732026140625 0.8376623375 0.6928104578125 0.85064935 0.73202614375 0.7727272734375 0.6993464046875 0.5909090906250001 0.7009803921875 0.51948051875 0.7352941171875 0.5129870125 0.7173202609375 0.45454545468749996 0.689542484375 0.5129870125 0.6928104578125 0.6298701296875 0.7189542484375 0.733766234375 0.7173202609375 0.7792207796875 0.6732026140625 0.8376623375