30 0.060566943750000005 0.46403565156250004 0.048522153125 0.6064867125 0.051053745312499996 0.6967537874999999 0.055912542187500004 0.6793591265625001 0.08941779062500001 0.539543078125 0.0937702671875 0.5040950015625 0.122923040625 0.39972703125 0.131121675 0.3107774625 0.12089776562500001 0.3275133703125 0.088405153125 0.5034362484375 0.0738287671875 0.555620234375 0.0684636515625 0.55496148125 0.0669446953125 0.500801234375 0.0746370109375 0.3937982515625 0.07210541718749999 0.3035311765625 0.0672466203125 0.32092583750000003 0.0585416671875 0.3918219921875 0.060566943750000005 0.46403565156250004
23 0.1385120640625 0.38364987500000003 0.11958320156249999 0.47128193593749995 0.10652577187500001 0.5776261671875 0.1090573671875 0.6678932421875 0.13537661875 0.65313359375 0.160176915625 0.5842137000000001 0.17323434531249998 0.47786946874999997 0.17657418281249998 0.4063145625 0.1696901125 0.35149556406250004 0.1385120640625 0.38364987500000003
20 0.180322809375 0.7306172796875 0.2066420609375 0.71585763125 0.2158533328125 0.6630148921875 0.1782975328125 0.6584036203125 0.21746982187500002 0.339370928125 0.2115983890625 0.3206587609375 0.1588623515625 0.727982265625 0.180322809375 0.7306172796875
28 0.24267890625000002 0.6663086593750001 0.23397395312499997 0.7372048109375 0.24470417968749997 0.7385223171875 0.25442177187500004 0.7037329953125 0.28053663125 0.49104453281250005 0.3122209984375 0.47694363749999996 0.327303703125 0.4428130671875 0.3316561796875 0.407364990625 0.29946549375 0.40341247031250005 0.3028053328125 0.331857565625 0.2920751046875 0.330540059375 0.27800503593750003 0.40077745781249996 0.24632066875 0.4148783546875 0.2424745125 0.4683798453125 0.269806403125 0.4897270265625 0.252396496875 0.631519334375 0.24267890625000002 0.6663086593750001
10 0.33054601093749997 0.74906236875 0.329533371875 0.712955540625 0.34694327812500003 0.57116323125 0.345930640625 0.5350564015625 0.362834228125 0.3752106796875 0.3467388859375 0.37323441874999996 0.3316561796875 0.407364990625 0.2792220671875 0.6348131 0.274869590625 0.670261178125 0.28074102343749996 0.6889733453125 0.305541321875 0.6200534515625 0.327001778125 0.6226884640625 0.32852073437499996 0.676848709375 0.31981578125 0.7477448625 0.33054601093749997 0.74906236875
20 0.3939147453125 0.720860578125 0.3977609015625 0.6673590859375 0.3704290109375 0.6460119046874999 0.40524882343749996 0.362427290625 0.399377390625 0.3437151234375 0.35534630625 0.6801424765624999 0.3568652625 0.7343027203125 0.3939147453125 0.720860578125
18 0.454041171875 0.3864094828125 0.41436256406250005 0.6873887609375 0.4250927921875 0.6887062671875 0.4599126046875 0.405121653125 0.454041171875 0.3864094828125
22 0.50172335 0.7520890578125 0.5119472593750001 0.73535315 0.555472025 0.3808723796875 0.544741796875 0.3795548734375 0.5137681421875 0.609637996875 0.510730228125 0.50131750625 0.5053651140625 0.500658753125 0.5076923156250001 0.392997015625 0.4941285671875 0.4812878328125 0.484410975 0.5160771546875 0.46700106874999997 0.6578694625 0.4529310015625 0.7281068640624999 0.46366123124999997 0.7294243703125 0.49129504687500003 0.5708961546875 0.4966601609375 0.5715549078125 0.50172335 0.7520890578125
15 0.708528746875 0.30970914843749997 0.6988111546875 0.344498471875 0.6880809265625001 0.343180965625 0.652754796875 0.6087121640625 0.6430372046875 0.6435014890625 0.6343322515625001 0.7143976421875 0.6450624796875 0.7157151484375001 0.6494149578124999 0.680267071875 0.66399134375 0.6280830875000001 0.7069122578125 0.6333531125 0.7219949640625 0.5992225421875 0.7306999171874999 0.5283263875 0.720982325 0.5631157124999999 0.6775550921875 0.5397922703125 0.690612521875 0.433448040625 0.7051889078125 0.38126405625 0.7266493656249999 0.38389906875 0.7340397546874999 0.45677148125 0.747603503125 0.36848066562500004 0.74071943125 0.3136616671875 0.708528746875 0.30970914843749997
23 0.763192528125 0.3524035109375 0.748616140625 0.4045874953125 0.7399111875 0.47548365 0.730193596875 0.5102729734375 0.7181488046875 0.6527240328125 0.7196677625000001 0.706884278125 0.7513521296875 0.6927833828125001 0.7751397890625 0.5877566578125 0.7871845796875 0.4453055984375 0.7803005093750001 0.3904866 0.763192528125 0.3524035109375
26 0.7751397890625 0.5877566578125 0.7582362 0.74760238125 0.763601315625 0.7482611343750001 0.7781777015625 0.6960771484375 0.79123513125 0.5897329171875 0.8252466984375 0.46797028437500005 0.8257530171875 0.48602370156249997 0.79660024375 0.5903916703125 0.7878952906250001 0.6612878249999999 0.7957920015625 0.752213653125 0.822111253125 0.7374540046875 0.8318288453125 0.70266468125 0.831322525 0.684611265625 0.803990634375 0.663264084375 0.8224131781249999 0.55757860625 0.855918428125 0.417762559375 0.8543994703125 0.363602315625 0.838304128125 0.3616260546875 0.8091513562499999 0.465994025 0.8168436703124999 0.3589910421875 0.81147855625 0.3583322890625 0.7969021703125 0.410516275 0.7979148078125 0.44662310468750005 0.784857378125 0.552967334375 0.7751397890625 0.5877566578125
28 0.8640195296875 0.7066172 0.9036981374999999 0.4056379234375 0.9251585953125 0.40827293750000004 0.9315363484375 0.44503851875 0.97192566875 0.3600414703125 0.9704067109375 0.305881225 0.965041596875 0.30522247187499996 0.95532400625 0.34001179531250003 0.8963077484375 0.3327655109375 0.88122504375 0.36689608125 0.8681676140624999 0.4732403109375 0.8822376796875 0.40300291093749996 0.8881091140624999 0.421715078125 0.8532893015624999 0.70529969375 0.8640195296875 0.7066172