21 0.0721649484375 0.4393939390625 0.07474226875 0.7272727265625 0.0824742265625 0.7121212124999999 0.085051546875 0.575757575 0.105670103125 0.7272727265625 0.1108247421875 0.7272727265625 0.126288659375 0.60606060625 0.1288659796875 0.7424242421875 0.1391752578125 0.7424242421875 0.1391752578125 0.621212121875 0.144329896875 0.5909090906250001 0.1417525765625 0.39393939375000003 0.13402061875 0.409090909375 0.1185567015625 0.621212121875 0.1108247421875 0.6666666671875 0.09793814375 0.5909090906250001 0.087628865625 0.4393939390625 0.0798969078125 0.39393939375000003 0.0721649484375 0.4393939390625
14 0.2242268046875 0.45454545468749996 0.18298969062499998 0.45454545468749996 0.1726804125 0.424242425 0.164948453125 0.4696969703125 0.1701030921875 0.5 0.1701030921875 0.5909090906250001 0.164948453125 0.6515151515625 0.1701030921875 0.6818181812499999 0.1726804125 0.7575757578125 0.2178943046875 0.768045090625 0.2311066859375 0.7006644843750001 0.180412371875 0.7121212124999999 0.18298969062499998 0.6363636359375 0.221649484375 0.621212121875 0.18298969062499998 0.60606060625 0.180412371875 0.5303030296875 0.1881443296875 0.48484848437499994 0.2087628859375 0.48484848437499994 0.213917525 0.5151515156250001 0.2242268046875 0.5151515156250001 0.2242268046875 0.45454545468749996
28 0.22938144375 0.424242425 0.22938144375 0.48484848437499994 0.257731959375 0.5 0.257731959375 0.7727272734375 0.2628865984375 0.7727272734375 0.2680412375 0.7424242421875 0.2680412375 0.5606060609375 0.2757731953125 0.5151515156250001 0.30927835 0.5 0.3015726953125 0.45705733281249994 0.27061855625 0.45454545468749996 0.2654639171875 0.424242425 0.260309278125 0.45454545468749996 0.25 0.424242425 0.22938144375 0.424242425
17 0.32474226875 0.5 0.3221649484375 0.424242425 0.3144329890625 0.4696969703125 0.3144329890625 0.5303030296875 0.30927835 0.5606060609375 0.3144329890625 0.621212121875 0.3144329890625 0.7121212124999999 0.32474226875 0.7121212124999999 0.3273195875 0.575757575 0.34793814375 0.575757575 0.3505154640625 0.7424242421875 0.3608247421875 0.7424242421875 0.3608247421875 0.5909090906250001 0.36597938124999996 0.5606060609375 0.3608247421875 0.5303030296875 0.3608247421875 0.4393939390625 0.3530927828125 0.424242425 0.345360825 0.4696969703125 0.3505154640625 0.5 0.34793814375 0.5454545453125 0.3324742265625 0.5454545453125 0.32474226875 0.5
18 0.40206185625 0.4696969703125 0.39432989687500003 0.424242425 0.3891752578125 0.424242425 0.38659793750000004 0.7727272734375 0.3969072171875 0.7727272734375 0.3969072171875 0.5909090906250001 0.40206185625 0.5606060609375 0.40206185625 0.4696969703125
18 0.530927834375 0.7121212124999999 0.530927834375 0.4393939390625 0.5231958765625 0.39393939375000003 0.5154639171875 0.4393939390625 0.5154639171875 0.5606060609375 0.52061855625 0.5909090906250001 0.5154639171875 0.7121212124999999 0.5231958765625 0.7575757578125 0.5257731953125 0.7424242421875 0.530927834375 0.7121212124999999
12 0.59793814375 0.5 0.605670103125 0.5151515156250001 0.605670103125 0.39393939375000003 0.5902061859375001 0.39393939375000003 0.5798969078125 0.424242425 0.5695876281250001 0.48484848437499994 0.5644329890625001 0.48484848437499994 0.55670103125 0.5606060609375 0.55670103125 0.621212121875 0.5644329890625001 0.6666666671875 0.595360825 0.696969696875 0.6005154640625 0.7272727265625 0.6288659796875 0.7121212124999999 0.6340206187499999 0.6818181812499999 0.6314432984375 0.6666666671875 0.595360825 0.6666666671875 0.5902061859375001 0.6363636359375 0.57474226875 0.6363636359375 0.567010309375 0.5909090906250001 0.567010309375 0.5606060609375 0.5902061859375001 0.45454545468749996 0.595360825 0.45454545468749996 0.59793814375 0.5
16 0.4231925203125 0.612532484375 0.42495422656250004 0.5710673640625 0.43298969062500003 0.5 0.4458762890625 0.45454545468749996 0.46649484531249996 0.48484848437499994 0.469072165625 0.4696969703125 0.4561855671875 0.39393939375000003 0.43556701093749994 0.424242425 0.4099801390625 0.514053090625 0.4117418453125 0.6384482125 0.42847747500000005 0.72137818125 0.448736515625 0.731744515625 0.471649484375 0.696969696875 0.47956538125000003 0.596983090625 0.4848503296875 0.7576600296875 0.49013528281249996 0.612532484375 0.48749280937500006 0.514053090625 0.4760420515625 0.5347855453125 0.4496172828125 0.5607012734375 0.42847747500000005 0.5503349390625 0.4302391796875 0.5866167578125 0.4628296703125 0.62289881875 0.46547214375 0.6436312421875 0.45225976250000005 0.6591806359375 0.4320008046875 0.6591806359375 0.4231925203125 0.612532484375
1 0.757731959375 0.5303030296875 0.757731959375 0.6818181812499999 0.7474226796875 0.7121212124999999 0.7551546390625 0.7575757578125 0.7654639171875 0.7272727265625 0.7757731953125 0.7575757578125 0.7886597937500001 0.7424242421875 0.786082475 0.696969696875 0.7757731953125 0.696969696875 0.7680412375000001 0.6515151515625 0.7731958765625 0.3484848484375 0.7654639171875 0.303030303125 0.755263778125 0.29117839375 0.7482171234375 0.4518555453125 0.7306006390625 0.4985037265625 0.7350047421875 0.5866167578125 0.757731959375 0.5303030296875
6 0.7886597937500001 0.5909090906250001 0.796391753125 0.6363636359375 0.80670103125 0.6363636359375 0.8118556703124999 0.6666666671875 0.82474226875 0.6515151515625 0.835051546875 0.621212121875 0.835051546875 0.5606060609375 0.8273195875000001 0.5151515156250001 0.798969071875 0.5 0.80670103125 0.424242425 0.819587628125 0.409090909375 0.819587628125 0.31818181874999996 0.8118556703124999 0.303030303125 0.7886597937500001 0.4696969703125 0.7886597937500001 0.5909090906250001
40 0.9235015000000001 0.493320425 0.9329896906249999 0.4696969703125 0.930412371875 0.3636363640625 0.9226804124999999 0.378787878125 0.915574071875 0.43630615156249997 0.916454840625 0.6177155156249999 0.928786453125 0.6695469703125 0.9375946546874999 0.6436312421875 0.9235015000000001 0.493320425
46 0.873711340625 0.5454545453125 0.8891752578125001 0.48484848437499994 0.8994845359375001 0.5454545453125 0.9097938140625 0.5454545453125 0.9129315921875 0.5192361515624999 0.9097938140625 0.5151515156250001 0.8969072171875 0.4393939390625 0.894329896875 0.39393939375000003 0.8891752578125001 0.39393939375000003 0.8865979375 0.4393939390625 0.873711340625 0.48484848437499994 0.8711340203125 0.378787878125 0.8608247421874999 0.378787878125 0.8634020625 0.5454545453125 0.873711340625 0.5454545453125