28 0.048094640625000004 0.5091178140625 0.05449791875 0.5541857734375 0.092443265625 0.5660753765625001 0.092842125 0.626878046875 0.10340645781249999 0.7476289203125 0.1011642328125 0.778243871875 0.10644639843749999 0.8386193078125 0.1162130140625 0.837764840625 0.1158141546875 0.77696216875 0.1052498234375 0.6562112984375 0.107492046875 0.6255963453125 0.10220988125 0.5652209078125 0.1326308375 0.5473500296875 0.1337519484375 0.5320425531249999 0.1224653640625 0.4874018265625 0.1029321328125 0.4891107625 0.09540774375 0.4593502796875 0.0856411296875 0.460204746875 0.0833989046875 0.49081969843750006 0.048094640625000004 0.5091178140625
14 0.1521640671875 0.5456410921875 0.1716972953125 0.54393215625 0.1792216859375 0.573692640625 0.1901094125 0.5575306953125 0.178822828125 0.5128899703124999 0.154406290625 0.5150261406250001 0.1468819015625 0.48526565625 0.12998975468750001 0.517162309375 0.136791890625 0.623032940625 0.1345496671875 0.65364789375 0.14999730625000002 0.7739715312500001 0.1688082828125 0.8483727421875 0.1943459328125 0.8309290953125 0.19658815624999998 0.80031414375 0.19282596093749999 0.7854339015625 0.168409425 0.787570071875 0.1571228375 0.7429293453125 0.1544817546875 0.7127416265625001 0.1653694828125 0.6965796828124999 0.172893871875 0.7263401671875 0.175136096875 0.695725215625 0.1957904375 0.6787088031249999 0.15296178437500002 0.6672464328125 0.143917421875 0.5919907546875 0.1521640671875 0.5456410921875
20 0.2600711515625 0.7947601015625 0.2232469171875 0.7675630203125 0.20740041874999998 0.5864367125000001 0.207001559375 0.5256340421875 0.19347275 0.5116082671875 0.21612138593750002 0.7986052078125 0.2600711515625 0.7947601015625
21 0.2574300671875 0.7645723828125 0.2709588796875 0.77859815625 0.28217 0.625523396875 0.29873875 0.730539559375 0.3100253375 0.775180284375 0.31979195312500003 0.7743258171875 0.3242764 0.7130959125 0.32915970781250004 0.712668678125 0.33820406875 0.7879243578125 0.347970684375 0.7870698890625001 0.320438740625 0.5005001828125 0.3155554328125 0.5009274171875 0.312192096875 0.5468498453125 0.3174742625 0.6072252812500001 0.3145097859375 0.7139503796875 0.309626478125 0.7143776140625 0.2983398921875 0.6697368875 0.2828922515625 0.5494132484375001 0.2716056671875 0.5047725234375 0.266722359375 0.5051997578125 0.266398965625 0.642112575 0.2574300671875 0.7645723828125
10 0.38319948125000003 0.5710562875 0.3692718140625 0.49622784218750005 0.354621890625 0.49750954375 0.3591818046875 0.633995128125 0.35469735625 0.69522503125 0.35549507343750003 0.816830371875 0.3641405765625 0.8312833812499999 0.3708672484375 0.7394385234375 0.390400478125 0.7377295875 0.4069692296875 0.84274575 0.4118525375 0.8423185156249999 0.38319948125000003 0.5710562875
12 0.42082143437499997 0.7198587078124999 0.44939902500000006 0.7934054500000001 0.4798199828125 0.7755345703125001 0.466291171875 0.7615087953125 0.45876678125000003 0.7317483109375 0.44411685937499995 0.7330300125 0.42794696718749997 0.6888165203125001 0.425305884375 0.6586288031249999 0.43091144375 0.582091421875 0.440678059375 0.5812369546875 0.4489247015625 0.5348872921875001 0.4376381171875 0.490246565625 0.4207459703125 0.5221432218750001 0.4128981859375 0.629295553125 0.42082143437499997 0.7198587078124999
10 0.55082736875 0.7997410109375 0.5406618953125 0.7397928078125 0.5327386453125 0.6492296546875 0.50600441875 0.4842652890625 0.4962378046875 0.48511975781250005 0.4816633484375 0.684116946875 0.48206220625 0.7449196171875 0.4847032890625 0.7751073359375 0.4933487921875 0.7895603437500001 0.5000754640625 0.6977154875 0.524492 0.6955793171875 0.541060753125 0.8005954796875001 0.55082736875 0.7997410109375
20 0.5748450453125 0.7368021703125 0.564679571875 0.6768539671875 0.55371638125 0.49530042500000004 0.5424297953125 0.4506597 0.5390664578125001 0.496582128125 0.56283620625 0.7682715921875001 0.576365015625 0.7822973640625001 0.58388940625 0.8120578500000001 0.6094270546875 0.794614203125 0.5981404703125001 0.7499734765625 0.5748450453125 0.7368021703125
5 0.7077399921875 0.5122438875 0.7190265765625 0.5568846140625 0.7287931921874999 0.5560301453125 0.7400797765625 0.6006708734374999 0.7340753578125 0.6164055828125 0.7265509671875 0.5866450984375 0.72318763125 0.6325675265624999 0.7344742171875 0.677208253125 0.760011865625 0.65976460625 0.769379621875 0.59810746875 0.761456371875 0.5075443140625 0.7283943328125 0.4952274765625 0.7219910546875 0.45015951718749997 0.7231121671875 0.43485204062499994 0.7306365578125 0.4646125234375 0.77946963125 0.46034018281250005 0.777949659375 0.4148449890625 0.73512100625 0.4033826203125 0.727596615625 0.3736221359375 0.6982967703125 0.376185540625 0.7077399921875 0.5122438875
4 0.8403115437500001 0.42459842343750004 0.823096003125 0.5934078953124999 0.8283781687499999 0.6537833296875 0.8396647546875 0.69842405625 0.8593681234374999 0.6860124734374999 0.8790757156250001 0.8707501296875 0.8896305109375 0.8698267046874999 0.873037790625 0.6903008578125001 0.853840353125 0.4386241984375 0.8403115437500001 0.42459842343750004
0 0.894233203125 0.43617461874999996 0.8796112359375 0.421001390625 0.8730113125000001 0.48738881093749997 0.8816548031250001 0.5963160421875 0.894502246875 0.67841700625 0.9057888328124999 0.7230577328125001 0.9215598671875 0.7064685546875 0.9211610078125 0.6456658828124999 0.9132377593750001 0.5551027296875 0.894233203125 0.43617461874999996