28 0.20758916875 0.0037459687499999997 0.15340765781250001 0.04543784375 0.093495934375 0.046875 0.09620596249999999 0.109375 0.15069858593750002 0.0975525 0.1525046890625 0.6030656875 0.15718157187499998 0.6015625 0.1598915984375 0.0859375 0.2066861984375 0.055860859375 0.20758916875 0.0037459687499999997
51 0.2428071484375 0.29037721875 0.23558297499999997 0.264319765625 0.21120129531249998 0.35291490625 0.183207490625 0.264319765625 0.17959544375 0.3008 0.20325203281249998 0.3984375 0.20488009218749997 0.49362471875 0.21029824375 0.5613738125000001 0.222222221875 0.5390625 0.21680216875 0.4140625 0.2428071484375 0.29037721875
58 0.2845528453125 0.9921875 0.2953929546875 0.8828125 0.2953929546875 0.4296875 0.285907859375 0.3125 0.261517615625 0.40625 0.24525745312499997 0.3125 0.2588075875 0.484375 0.27777777812500004 0.359375 0.287262871875 0.4453125 0.2411924125 0.6953125 0.238482384375 0.8359375 0.25609756093749997 0.96875 0.2845528453125 0.9921875
49 0.37127371249999996 0.4609375 0.3563685640625 0.3125 0.33943089375 0.29558860937500003 0.32769153906250004 0.3581263125 0.3313036671875 0.577008234375 0.3403338640625 0.89490809375 0.34688346875 0.8671875 0.3414634140625 0.6015625 0.3644986453125 0.546875 0.37127371249999996 0.4609375
53 0.405351675 0.582219625 0.403545653125 0.39981818750000003 0.432442428125 0.39981818750000003 0.42792733125 0.3581263125 0.403545653125 0.363337703125 0.4044487046875 0.175724625 0.3970189703125 0.15625 0.393612403125 0.3581263125 0.37127371249999996 0.3671875 0.373745821875 0.39981818750000003 0.3945153734375 0.405029578125 0.397224446875 0.535316359375 0.405351675 0.582219625
42 0.44173441718750006 0.1796875 0.448509484375 0.078125 0.4363143625 0.1171875 0.44173441718750006 0.1796875
42 0.440379403125 0.375 0.43515150468749997 0.35291490625 0.42431520312500004 0.587431265625 0.432442428125 0.62912290625 0.44869688124999996 0.566585203125 0.45682410781250005 0.535316359375 0.4523090109375 0.477990296875 0.432442428125 0.57179684375 0.440379403125 0.375
47 0.4649513328125 0.38939515625 0.4505029859375 0.4415098125 0.446890859375 0.498836109375 0.46205962031250003 0.46875 0.4647696484375 0.578125 0.4864498640625 0.46875 0.5162601625 0.5625 0.5406504062499999 0.5625 0.552845528125 0.4921875 0.552845528125 0.3828125 0.5379403796875 0.515625 0.5189701890625 0.515625 0.49186991874999997 0.40625 0.47560975625 0.453125 0.46856346406249993 0.43108703125 0.4649513328125 0.38939515625
1 0.617886178125 0.2734375 0.6233062328125001 0.3828125 0.6233062328125001 0.5703125 0.6070460703125 0.6171875 0.6395663953125 0.6484375 0.6314363140625 0.5859375 0.6300813015625 0.09375 0.6070460703125 0.2578125 0.617886178125 0.2734375
0 0.689701896875 0.21875 0.6653116531250001 0.203125 0.6639566390625 0.4453125 0.6910569109375 0.5859375 0.7100271 0.3984375 0.689701896875 0.21875
46 0.7601626015625 0.375 0.7615176156250001 0.5078125 0.7723577234375 0.5234375 0.7899729 0.375 0.79810298125 0.515625 0.8035230359375 0.484375 0.7899729 0.28125 0.771002709375 0.453125 0.769647696875 0.3203125 0.7594279953124999 0.2903960625 0.74859169375 0.37899096875 0.753106790625 0.2487041875 0.7431735421875 0.274761640625 0.737127371875 0.5078125 0.7601626015625 0.375
40 0.8238482390625 0.7421875 0.8482384828124999 0.7734375 0.8726287265625 0.6640625 0.8617886171875 0.4765625 0.9037940375 0.296875 0.8523035234374999 0.46875 0.8292682921875001 0.4140625 0.8334759999999999 0.363356546875 0.8379911812499999 0.253915578125 0.82715488125 0.24349279687499997 0.8136095046875 0.342510734375 0.8181246015625 0.45716309375 0.842818428125 0.4921875 0.8238482390625 0.7421875