30 0.0486486484375 0.375 0.0486486484375 0.446428571875 0.059459459375 0.5178571421875 0.064864865625 0.6607142859375 0.07837837812500001 0.75 0.08108108124999999 0.7321428578125 0.097297296875 0.5892857140625 0.097297296875 0.5535714281249999 0.11351351406250001 0.446428571875 0.1108108109375 0.3571428578125 0.102702703125 0.375 0.0918918921875 0.5535714281249999 0.083783784375 0.6071428578125 0.07837837812500001 0.6071428578125 0.07027027031250001 0.5535714281249999 0.064864865625 0.446428571875 0.0513513515625 0.3571428578125 0.0486486484375 0.375
23 0.16756756718750002 0.446428571875 0.1540540546875 0.3928571421875 0.1270270265625 0.428571428125 0.11891891875 0.5178571421875 0.11891891875 0.625 0.1324324328125 0.7142857140625 0.15675675625000002 0.6964285718750001 0.1729729734375 0.625 0.1729729734375 0.5178571421875 0.16756756718750002 0.446428571875
20 0.1918918921875 0.3571428578125 0.18918918906249999 0.7678571421875 0.21081081093749998 0.7678571421875 0.23513513437500003 0.75 0.2378378375 0.6964285718750001 0.2 0.6964285718750001 0.2 0.375 0.1918918921875 0.3571428578125
28 0.2702702703125 0.5178571421875 0.2702702703125 0.6607142859375 0.264864865625 0.6964285718750001 0.264864865625 0.7678571421875 0.275675675 0.7678571421875 0.28108108125000003 0.7321428578125 0.28108108125000003 0.5178571421875 0.31081081093749996 0.5 0.321621621875 0.46428571406249997 0.321621621875 0.428571428125 0.2891891890625 0.428571428125 0.283783784375 0.3571428578125 0.27297297343750004 0.3571428578125 0.2675675671875 0.428571428125 0.2378378375 0.446428571875 0.240540540625 0.5 0.2702702703125 0.5178571421875
10 0.3513513515625 0.6964285718750001 0.3513513515625 0.7678571421875 0.3621621625 0.7678571421875 0.35675675625 0.7321428578125 0.35675675625 0.5892857140625 0.3513513515625 0.5535714281249999 0.3486486484375 0.3928571421875 0.3324324328125 0.3928571421875 0.321621621875 0.428571428125 0.297297296875 0.6607142859375 0.297297296875 0.6964285718750001 0.3054054046875 0.7142857140625 0.321621621875 0.6428571421875 0.34324324375000004 0.6428571421875 0.3513513515625 0.6964285718750001
20 0.37837837812499997 0.6964285718750001 0.3864864859375 0.75 0.42162162187499996 0.7321428578125 0.41891891875000004 0.6785714281249999 0.3891891890625 0.6607142859375 0.3891891890625 0.375 0.38108108125 0.3571428578125 0.37837837812499997 0.6964285718750001
18 0.44864864843749996 0.6964285718750001 0.44864864843749996 0.41071428593750003 0.440540540625 0.3928571421875 0.43783783749999994 0.6964285718750001 0.44864864843749996 0.6964285718750001
22 0.5 0.5714285718750001 0.5054054046875 0.5714285718750001 0.5324324328125 0.75 0.540540540625 0.7321428578125 0.540540540625 0.375 0.5297297296875 0.375 0.5270270265625 0.6071428578125 0.5108108109375 0.5 0.5054054046875 0.5 0.49459459531250005 0.3928571421875 0.4918918921875 0.48214285781250005 0.48648648593750005 0.5178571421875 0.48648648593750005 0.6607142859375 0.48108108125 0.7321428578125 0.4918918921875 0.7321428578125 0.5 0.5714285718750001
15 0.7297297296874999 0.33928571406249997 0.716216215625 0.28571428593750003 0.683783784375 0.28571428593750003 0.678378378125 0.32142857187499996 0.6675675671875 0.32142857187499996 0.664864865625 0.5892857140625 0.6594594593750001 0.625 0.6594594593750001 0.6964285718750001 0.6702702703125001 0.6964285718750001 0.6702702703125001 0.6607142859375 0.678378378125 0.6071428578125 0.721621621875 0.6071428578125 0.7324324328125 0.5714285718750001 0.7324324328125 0.5 0.7270270265625001 0.5357142859375 0.68108108125 0.5178571421875 0.68108108125 0.41071428593750003 0.6891891890624999 0.3571428578125 0.7108108109375 0.3571428578125 0.7270270265625001 0.428571428125 0.7297297296874999 0.33928571406249997
23 0.778378378125 0.41071428593750003 0.764864865625 0.3571428578125 0.7432432437500001 0.32142857187499996 0.735135134375 0.375 0.735135134375 0.446428571875 0.7297297296874999 0.48214285781250005 0.735135134375 0.625 0.7432432437500001 0.6785714281249999 0.7729729734374999 0.6607142859375 0.783783784375 0.5535714281249999 0.778378378125 0.41071428593750003
26 0.7891891890625 0.41071428593750003 0.7891891890625 0.5178571421875 0.783783784375 0.5535714281249999 0.7864864859375 0.7142857140625 0.7918918921875 0.7142857140625 0.8 0.6607142859375 0.8 0.5535714281249999 0.81891891875 0.428571428125 0.8216216218750001 0.446428571875 0.8054054046875001 0.5535714281249999 0.8054054046875001 0.625 0.8243243250000001 0.7142857140625 0.8486486484375 0.6964285718750001 0.8540540546875001 0.6607142859375 0.8513513515625 0.6428571421875 0.8216216218750001 0.625 0.8270270265624999 0.5178571421875 0.8432432437499999 0.375 0.835135134375 0.32142857187499996 0.81891891875 0.32142857187499996 0.802702703125 0.428571428125 0.797297296875 0.32142857187499996 0.7918918921875 0.32142857187499996 0.783783784375 0.375 0.7891891890625 0.41071428593750003
28 0.8756756749999999 0.375 0.8756756749999999 0.6607142859375 0.8864864859375 0.6607142859375 0.8891891890625001 0.3571428578125 0.9108108109374999 0.3571428578125 0.9216216218750001 0.3928571421875 0.9513513515625001 0.30357142812500004 0.9432432437499999 0.25 0.9378378375 0.25 0.9324324328125 0.28571428593750003 0.8729729734375 0.28571428593750003 0.8621621625 0.32142857187499996 0.8621621625 0.428571428125 0.8675675671875 0.3571428578125 0.8756756749999999 0.375