26 0.10622472499999999 0.3848577578125 0.18320665 0.4844306484375 0.17291640156250002 0.6701450328125 0.1871377171875 0.75993488125 0.2503731890625 0.8353872015625001 0.2630467171875 0.8005076671875001 0.1874983484375 0.7204310703125001 0.199820209375 0.5475438078125 0.188826634375 0.45724273593750003 0.08112406718750001 0.309939925 0.1868913203125 0.9046117812500001 0.10622472499999999 0.3848577578125
42 0.2861157578125 0.8625983796875 0.24691698281250002 0.625552246875 0.26185059375 0.8138460140625 0.2861157578125 0.8625983796875
42 0.2490717984375 0.56604091875 0.22937202812500002 0.45935366406249994 0.21847435312500002 0.44597255 0.2309014828125 0.555769915625 0.2490717984375 0.56604091875
55 0.2659680140625 0.6033989671875 0.31265893437500003 0.7795009671875001 0.33082924999999996 0.78977196875 0.32414530468749997 0.5804482375 0.3120698375 0.6086585999999999 0.3156492421875 0.7461551046875 0.2663981453125 0.5887121984375 0.2659680140625 0.6033989671875
48 0.3469382484375 0.6563586875 0.36311693125 0.7817098953125 0.3874869984375 0.825360771875 0.399900428125 0.8051214171875 0.4021856078125 0.7499393609375 0.3900104546875 0.6620585078125 0.3707672140625 0.5927874 0.3525969 0.582516396875 0.3469382484375 0.6563586875
53 0.44869886406250004 0.8236988468750001 0.429862134375 0.657843646875 0.43736395312500004 0.6530006859374999 0.43261348593750004 0.617206396875 0.4165429703125 0.5795502375 0.3895369109375 0.397439190625 0.371734871875 0.3691028765625 0.4048387953125 0.5676676453125 0.3942344484375 0.5721195359375 0.40157528437499995 0.6184677468750001 0.414996878125 0.6318032515625001 0.4369840296875 0.8124053968749999 0.44869886406250004 0.8236988468750001
51 0.460657684375 0.5506351171875 0.4466488234375 0.549199271875 0.43765952500000005 0.6200618015625 0.41531504999999996 0.583399509375 0.4123306390625 0.6167642671875 0.43839482187499995 0.67111084375 0.44619238437500003 0.7452024484375 0.46678975312500004 0.7981818078125 0.48014076875 0.7924211437500001 0.4499119203125 0.6510132843750001 0.460657684375 0.5506351171875
42 0.47011485000000003 0.478435546875 0.45649159531250005 0.381976525 0.44907742500000003 0.42917195625 0.47011485000000003 0.478435546875
42 0.5221013828125 0.7857752359375 0.48576971875 0.587721690625 0.50835493125 0.7616546625 0.5221013828125 0.7857752359375
45 0.5911942734375 0.8668742796875 0.5125962984375 0.4144953453125 0.5070216265624999 0.4373063359375 0.5815110546875 0.8684079515625 0.5911942734375 0.8668742796875
0 0.6056843640625 0.4801544328125 0.618344478125 0.59959615625 0.62957145 0.67737811875 0.6524070937500001 0.7519879406250001 0.6705774078125 0.76225894375 0.6748515984375001 0.6848252609375 0.65405698125 0.5419317140625 0.6179632359375 0.44166296093749996 0.6056843640625 0.4801544328125
5 0.7718334625 0.7330726624999999 0.711113434375 0.5586051999999999 0.7015534140625 0.487800421875 0.734428871875 0.47601901093750004 0.7075340296875 0.421108696875 0.6892405187499999 0.48317614375 0.7107528046875 0.5981090124999999 0.7528276546875 0.6966361937500001 0.758324440625 0.7417867296875 0.7238922296875 0.8064102953125 0.745290284375 0.8161700734374999 0.7718334625 0.7330726624999999