20 0.088720625 0.43264834687500003 0.052519148437499996 0.8215982531250001 0.0697692734375 0.8231074421875 0.0940555453125 0.793862846875 0.06659144375 0.7600906796875 0.08565676250000001 0.5421730890625 0.0926929109375 0.5114193015625 0.09814014531250001 0.44915713281249997 0.088720625 0.43264834687500003
18 0.12492375468750001 0.639716615625 0.1323001484375 0.5305691718750001 0.12446954375 0.5455687671875 0.09995699062499999 0.8257485265625 0.104269521875 0.8261258234375 0.11788760625000001 0.6704704015625 0.12492375468750001 0.639716615625
22 0.158629546875 0.6269808046875001 0.1638505 0.8156537984375 0.17168110625 0.8006542031249999 0.1814408703125 0.73876933125 0.19971173281250001 0.5050975515625 0.19108667031249998 0.50434295625 0.1805324484375 0.5504736359375 0.18371027812500001 0.6134904 0.1720213515625 0.7222605453125001 0.16680039687499998 0.5335875515625 0.1546572625 0.54820985 0.1383155609375 0.73499635625 0.1312794125 0.7657501421874999 0.1293502515625 0.81263541875 0.13718085625 0.7976358218749999 0.1453517078125 0.70424256875 0.158629546875 0.6269808046875001
10 0.24136209531250002 0.6499036499999999 0.23977318281249999 0.61839526875 0.2479440328125 0.5250020156249999 0.2385245140625 0.5084932296875 0.194378465625 0.739901225 0.18893123125 0.8021633937500001 0.1940382203125 0.8182948812499999 0.21083413125 0.7256562234375 0.22377172656250002 0.7267881171874999 0.213671715625 0.8670666453125 0.217984246875 0.8674439421875 0.22502039375 0.8366901562500001 0.24136209531250002 0.6499036499999999
31 0.2672372828125 0.6521674359375 0.2461288390625 0.7444287953125001 0.2363690734375 0.8063136671875 0.23364545625000002 0.8374447515625001 0.23795798750000002 0.8378220484375 0.26258450624999996 0.7301837953125 0.2668970375 0.7305610921875 0.27166378125 0.8250862390625 0.2751818546875 0.8097093453124999 0.28062908750000004 0.7474471765625 0.277451259375 0.6844304125 0.2828984921875 0.62216824375 0.296970790625 0.5606606703125 0.3016235671875 0.4826443109375 0.2973110359375 0.4822670140625 0.280515121875 0.5749056718750001 0.27461367812500004 0.5430199921875001 0.26247054062499997 0.557642290625 0.2672372828125 0.6521674359375
24 0.42169394687499995 0.6499959578125 0.43656069999999997 0.604242575 0.44632046562500005 0.5423577046875 0.44666071250000006 0.463964046875 0.440759265625 0.4320783671875 0.4105715484375 0.42943728437499995 0.40001732656250005 0.4755679640625 0.3755047734375 0.7557477234375 0.3841298359375 0.75650231875 0.38957706875000003 0.69424015 0.4001312921875 0.6481094703125 0.42169394687499995 0.6499959578125
20 0.47174144062499995 0.4504736421875 0.466634453125 0.43434215312499996 0.44132744375 0.6987677203125 0.43429129531250005 0.7295215078124999 0.4731040765625 0.7329171859375 0.44995250625 0.699522315625 0.47174144062499995 0.4504736421875
29 0.501134703125 0.43736053437500005 0.48399854375 0.6083928484375 0.48286384218749995 0.671032315625 0.49114865781250006 0.7501805671875 0.5119168562499999 0.7363128640625 0.5197474625 0.72131326875 0.5330253 0.6440515046875 0.5411961515625 0.5506582515625 0.5423308546875 0.488018784375 0.5399474828125 0.4407562125 0.5356349515625001 0.4403789140625 0.52666964375 0.5180179765624999 0.5298474734374999 0.581034740625 0.5244002390625 0.643296909375 0.513846015625 0.6894275890625 0.496595890625 0.6879183984374999 0.49262360625 0.60914744375 0.506241690625 0.453492021875 0.501134703125 0.43736053437500005
27 0.5350684265625001 0.7697077343750001 0.55152409375 0.7554627328125 0.566390846875 0.7097093515624999 0.57183808125 0.6474471828125 0.5670713390625 0.5529220359375 0.57444773125 0.4437745921875 0.5623045953125 0.458396890625 0.551410128125 0.582921228125 0.5537935 0.6301838015625 0.5581060296875 0.6305610984375 0.556176871875 0.6774463734375 0.54562265 0.7235770546875 0.52054191875 0.737067459375 0.5186127593750001 0.783952734375 0.5350684265625001 0.7697077343750001
8 0.7470629453125001 0.6314080015625 0.743090659375 0.5526370468749999 0.737983671875 0.5365055578125 0.7520559671875 0.474997984375 0.75670874375 0.396981625 0.7508072984374999 0.3650959453125 0.72924464375 0.36320945781249997 0.7073417421875 0.4397166265625 0.7018945078125001 0.5019787953125 0.703483421875 0.533487178125 0.6925889546875 0.6580115156249999 0.694972325 0.7052740875 0.72867811875 0.692538278125 0.7470629453125001 0.6314080015625
5 0.762383909375 0.6798024671875 0.7564824640625 0.6479167875 0.7502407718749999 0.694424765625 0.776115959375 0.6966885515625 0.788259096875 0.682066253125 0.7945007875 0.635558275 0.792117415625 0.5882957015625 0.7834923546875 0.5875411078125 0.78110898125 0.540278534375 0.7838325984375001 0.5091474500000001 0.8089133296875 0.49565704374999997 0.8194675515625001 0.44952636406249996 0.7927979078125 0.4315083875 0.79120899375 0.40000000625 0.78258393125 0.3992454109375 0.766582475 0.507638259375 0.7772506625 0.634049084375 0.762383909375 0.6798024671875
0 0.84454828125 0.436035959375 0.8429593671875001 0.4045275765625 0.8343343046875 0.40377298125000005 0.8194675515625001 0.44952636406249996 0.8004022328125 0.6674439546875 0.8027856046874999 0.714706528125 0.8364913968750001 0.7019707171875 0.847840075 0.671594228125 0.8614581593749999 0.51593880625 0.8590747890625 0.4686762328125 0.84454828125 0.436035959375
46 0.876779125 0.564333271875 0.8840518218750001 0.44031990781249997 0.87275265625 0.44787245468750003 0.8561281453125 0.651402746875 0.8826805703125 0.5962189515625 0.8821513484375 0.65794991875 0.8897762390624999 0.6586170109375 0.90673146875 0.5661491375 0.9038931437500001 0.5445481890625 0.8927761234375 0.5905513015625 0.888127803125 0.5339567828125 0.876779125 0.564333271875
40 0.885542609375 0.7137632484374999 0.8821719265624999 0.78606720625 0.8955743999999999 0.7274524812500001 0.9295791812499999 0.521172328125 0.9264643343750001 0.482465153125 0.9147943937499999 0.4942557296875 0.9109315406249999 0.5451639687500001 0.9088282859374999 0.5962261203125 0.885542609375 0.7137632484374999