21 0.1461932921875 0.8068289328124999 0.1157047046875 0.6738923671875 0.17236563437500002 0.8159187921875001 0.177367159375 0.8146717718750001 0.163047865625 0.693319109375 0.19853797812500001 0.8250086515625 0.2085410265625 0.8225146125 0.1792171609375 0.704903009375 0.17688771875 0.6742530875 0.1267356734375 0.4837577421875 0.12289887031249999 0.5003297234375 0.15921106406250002 0.7098910890625 0.1627052265625 0.7558659703124999 0.1318739984375 0.68547626875 0.0852161171875 0.5409558046875 0.0667173828125 0.4987219828125 0.0702115453125 0.5446968640625001 0.1423564890625 0.8234009125 0.1461932921875 0.8068289328124999
14 0.16407578750000001 0.5056785234375 0.16756995 0.5516534046875 0.179902440625 0.5798092859375 0.2018953390625 0.6680179875000001 0.2115557484375 0.728070809375 0.22388823906250002 0.7562266890625 0.24471641875 0.8291104328125 0.29112002656249997 0.8283305500000001 0.2876390984375 0.759755071875 0.24122225625 0.78313555 0.2253956015625 0.7090047875 0.25924155 0.6849506875 0.21806463437499998 0.6796018875 0.19723645625 0.6067181453125 0.1937422921875 0.5607432640625001 0.2137483890625 0.5557551843749999 0.22608088125 0.583911065625 0.23608393125 0.581417025 0.22142199687500003 0.5226112234375 0.1814098015625 0.532587384375 0.16407578750000001 0.5056785234375
28 0.26492835625 0.55860994375 0.33090705468750004 0.8232360515625 0.335908578125 0.82198903125 0.3335791359375 0.791339109375 0.2895933375 0.6149217046875 0.2860991734375 0.568946825 0.3149435984375 0.54613974375 0.2970780625 0.5063368234375 0.266435715625 0.5113880421875 0.25410322500000004 0.48323216249999995 0.2564326671875 0.5138820828124999 0.2390986515625 0.48697322187500003 0.2190925546875 0.49196130312499997 0.2337544875 0.550767103125 0.26492835625 0.55860994375
17 0.31261415625 0.5154898234374999 0.3272760890625 0.5742956234375 0.32960553125000003 0.6049455453125 0.3492689890625 0.6625043265625 0.3712618875 0.7507130296875 0.3812649375 0.7482189890625001 0.35077634999999996 0.6152824234375001 0.370782446875 0.6102943437499999 0.4136035265625 0.7713867890625 0.423606575 0.7688927484375 0.3869517421875 0.62187824375 0.38462230000000003 0.5912283234375 0.3722898078125 0.5630724421875 0.350296909375 0.47486374062500003 0.33912913906250003 0.462032821875 0.342623303125 0.5080077015625 0.35495579374999997 0.5361635828125 0.36345148125 0.58089144375 0.3484469078125 0.584632503125 0.32994817187500003 0.5423986828125 0.30911999375 0.46951494218749995 0.31261415625 0.5154898234374999
18 0.374139809375 0.45330367968749996 0.45594516250000006 0.79206055 0.4659482125 0.789566509375 0.4219624125 0.613149103125 0.4196329703125 0.5824991828125 0.397640071875 0.49429048125 0.37914133437499997 0.45205666093749997 0.374139809375 0.45330367968749996
18 0.4968484765625 0.39147825625 0.5003426390625 0.43745313750000003 0.52966650625 0.5550647421875 0.5419989968750001 0.583220621875 0.5663213390624999 0.7020792453125 0.584820075 0.7443130671875 0.5836553531249999 0.72898810625 0.5813259109375 0.6983381859375 0.5153472125 0.433712078125 0.4968484765625 0.39147825625
12 0.5768728671875001 0.3715259359375 0.56186829375 0.37526699531249996 0.5591962125000001 0.4071639375 0.5638550953125 0.468463778125 0.5588535703125 0.4697107984375 0.5696787015625 0.54508858125 0.584340634375 0.6038943828125001 0.6028393703125 0.6461282046875 0.6401794828125 0.6680489828125 0.6525119734375 0.6962048640625 0.676354875 0.674644803125 0.6740254328125 0.6439948828125 0.6678591875000001 0.6299169421874999 0.6328485171875 0.6386460828125 0.6205160265624999 0.6104902015625 0.605511453125 0.6142312624999999 0.587012715625 0.571997440625 0.57968175 0.542594540625 0.5765302265625001 0.43407279687500006 0.5815317515625 0.43282577812499995 0.5950289625 0.47630661874999997 0.6061967328125 0.4891375390625 0.5768728671875001 0.3715259359375
16 0.4349801828125 0.5162112609375 0.4364875453125 0.46898935937499997 0.4638246078125 0.49340417968750006 0.4626598875 0.47807922031250005 0.4318286609375 0.4076895171875 0.4191535296875 0.4420805 0.4160538640625 0.5354134296875 0.44785714375 0.6556872890625 0.4841582296875 0.73210516875 0.5063233328125001 0.737262471875 0.5201428984375001 0.697977465625 0.503634709375 0.599045859375 0.5476339421875001 0.7536714625000001 0.5176523796875 0.6115762796875 0.49126407656250004 0.5166614171874999 0.485169090625 0.53954821875 0.46579883125 0.5710868687499999 0.44277912343750003 0.5661426406250001 0.45326586406249997 0.6009205390625 0.493665703125 0.628240515625 0.5012453109375 0.647717825 0.49218713281250004 0.6660017 0.472529953125 0.6709027843750001 0.45269810312500003 0.6277712 0.44437615781249995 0.587111575 0.4349801828125 0.5162112609375
1 0.7913899343749999 0.6459633421875 0.809888671875 0.6881971625000001 0.8125607531249999 0.656300221875 0.82989476875 0.6832090828124999 0.838733096875 0.66539008125 0.8252358859375001 0.621909240625 0.8152328359375 0.62440328125 0.7967341 0.582169459375 0.728425959375 0.28689343125 0.709927221875 0.24465961093750002 0.697162834375 0.23562739062500002 0.729196815625 0.393236484375 0.7233888328125 0.44276082812500006 0.7489785875 0.5271910765625 0.757407184375 0.46705189531249997 0.7940620171874999 0.6140664 0.7913899343749999 0.6459633421875
6 0.8305800484375 0.5581153578125 0.842912540625 0.586271240625 0.85175086875 0.5684522390625 0.85442295 0.5365552984375 0.8397610171875 0.477749496875 0.8212622796875 0.4355156765625 0.7900884125000001 0.42767283593750005 0.779263284375 0.352295053125 0.7881016109375001 0.334476053125 0.7661087109375 0.24626735156250001 0.7549409421875 0.2334364296875 0.7727543984375 0.400763975 0.8020782640625 0.518375578125 0.8205769999999999 0.5606093984375 0.8305800484375 0.5581153578125
40 0.8846379359375 0.26356077031249997 0.8808011312499999 0.28013275000000004 0.8878208093750001 0.3376616640625 0.9325623125 0.5134693171875 0.9570667875 0.56077786875 0.959343765625 0.5335010515625 0.909305759375 0.39106455156250003 0.9127970796874999 0.3658474125 0.8846379359375 0.26356077031249997
46 0.8986145875 0.44746029531250003 0.9086176359374999 0.44496625468750006 0.9053194046874999 0.41876756249999997 0.9012866703125001 0.41556335468750005 0.8704554437500001 0.3451736515625 0.8569582312499999 0.3016928109375 0.85195670625 0.30293983125 0.8604523937499999 0.34766769218750004 0.8589450328125 0.39488959375 0.8307858875 0.29260295 0.8207828390625 0.295096990625 0.8636039171875 0.45618943593749994 0.8736069671875001 0.45369539531249997 0.8739496062500001 0.3911485328125 0.8986145875 0.44746029531250003