28 0.21456729062500002 0 0.16139364843749998 0.0394582046875 0.10146596875 0.0398495390625 0.1030848078125 0.10238731718750001 0.1577754640625 0.09151764375 0.1507588703125 0.5969853609375 0.155461275 0.595564025 0.1671697859375 0.080064853125 0.21448216874999998 0.050809471875 0.2162499375 0 0.21456729062500002 0
51 0.2138122703125 0.347897075 0.18736892656249998 0.25882686875 0.1831207625 0.2952385078125 0.20506973906249998 0.3932740015625 0.20503630468749998 0.48847513749999993 0.2092712453125 0.556308471875 0.22158279374999998 0.5342086593750001 0.2183451171875 0.4091331046875 0.24650474218750001 0.2859205109375 0.239736434375 0.259740946875 0.2138122703125 0.347897075
58 0.2966512390625 0.42612732343750004 0.28921279218749996 0.308792134375 0.2631901 0.4021021875 0.248568578125 0.3080826859375 0.259117015625 0.48016799218750006 0.28026586875000004 0.3555181046875 0.28824970156249996 0.44160805468750003 0.23782315625 0.6907659374999999 0.232659296875 0.8313222234375001 0.24795389218750002 0.9644219218750001 0.275995803125 0.988352465625 0.28874311874999997 0.8791833109375 0.2966512390625 0.42612732343750004
49 0.3430228203125 0.292817425 0.3301938203125 0.3551407234375 0.32998538125 0.5740523484375 0.3334660859375 0.8920613890625001 0.34049848437499997 0.8644593234375 0.33971505 0.5987801859374999 0.36370120156249997 0.5445030359375 0.371975053125 0.458696865625 0.359662765625 0.3100218421875 0.3430228203125 0.292817425
53 0.43420113125000004 0.398654403125 0.43041434531249995 0.3568900796875 0.40594542968749997 0.36167515625 0.41012264375 0.1741064140625 0.4030339203125 0.1545050875 0.39610464375 0.3562912015625 0.373611215625 0.36496114375 0.3755134640625 0.39763000625 0.39618890156250003 0.40320308125000004 0.3966237453125 0.5335173 0.403931159375 0.5805552609375 0.4053087578125 0.3981500859375 0.43420113125000004 0.398654403125
42 0.4430050609375 0.1161343359375 0.447333515625 0.1787194109375 0.4558800609375 0.0772906203125 0.4430050609375 0.1161343359375
42 0.42280084375 0.5860970671875 0.4301992125 0.6279241984375 0.4475426234375 0.5656796984375 0.456214328125 0.5345574578125001 0.45270039687499997 0.4771613265625 0.4311996890625 0.5706068671875 0.442570034375 0.373978515625 0.4377283703125 0.3518055453125 0.42280084375 0.5860970671875
47 0.4469192609375 0.4979094046875 0.4626107859375 0.468092609375 0.4634115453125 0.5774982468750001 0.48699731562500004 0.4685182765625 0.5151669109375 0.562774259375 0.5395534390625001 0.563199928125 0.5529738265625 0.493110971875 0.5548826828125 0.3837526296875 0.5376619078125 0.516284771875 0.51869460625 0.5159536953125 0.49350732031250005 0.40612238906250003 0.476431553125 0.4527064703125 0.4697709484375 0.430548884375 0.4668869921875 0.38880031875 0.45153131875 0.440654878125 0.4469192609375 0.4979094046875
1 0.6220603296875 0.57245378125 0.6049845625 0.6190378640625 0.636954546875 0.6508506609375 0.6299164796875 0.588218290625 0.6371515296875 0.09608210625 0.611256521875 0.25971759843750003 0.621822284375 0.2755294046875 0.62533265625 0.3849823390625 0.6220603296875 0.57245378125
0 0.664886096875 0.44818226718750004 0.6895279953125 0.5892588140624999 0.711767621875 0.402118446875 0.69458149375 0.222103590625 0.6704676578125001 0.20605530156250002 0.664886096875 0.44818226718750004
46 0.7719072015624999 0.528187228125 0.7921102859375 0.3800797625 0.7977848843750001 0.520825234375 0.8037495015625 0.4896745875 0.79374645 0.2863440421875 0.771779515625 0.45786178906249997 0.7727426078125 0.32504586875 0.7630465765625 0.2949556296875 0.75066573125 0.383347921875 0.7574539578125 0.25315978437500003 0.7470674578125001 0.279039909375 0.736954909375 0.511949753125 0.7623045281249999 0.3795595015625 0.7613414390625 0.5123754218750001 0.7719072015624999 0.528187228125
40 0.8697086875 0.6705407812499999 0.86214255625 0.48288015156249997 0.9072775578125001 0.3039531140625 0.8527952531249999 0.47490330312499995 0.830717959375 0.4198221125 0.8358099671874999 0.3691973171875 0.8422344687500001 0.2598518171875 0.831581721875 0.2492415046875 0.8163103078124999 0.3480079609375 0.8188237562499999 0.4627216578125 0.8429025625 0.49817169687499996 0.8195721609375 0.7478025453125 0.8434133015624999 0.7794734531249999 0.8697086875 0.6705407812499999