20 0.0952380953125 0.546875 0.0952380953125 0.484375 0.08441558437499999 0.46875 0.0822510828125 0.859375 0.09956709999999999 0.859375 0.121212121875 0.828125 0.090909090625 0.796875 0.090909090625 0.578125 0.0952380953125 0.546875
18 0.134199134375 0.859375 0.134199134375 0.703125 0.1385281390625 0.671875 0.1363636359375 0.5625 0.1298701296875 0.578125 0.1298701296875 0.859375 0.134199134375 0.859375
22 0.1645021640625 0.828125 0.1645021640625 0.734375 0.17099567031250001 0.65625 0.1926406921875 0.84375 0.1991341984375 0.828125 0.20346320312500002 0.765625 0.2012987015625 0.53125 0.1926406921875 0.53125 0.1861471859375 0.578125 0.1948051953125 0.640625 0.1926406921875 0.75 0.17099567031250001 0.5625 0.1601731609375 0.578125 0.1601731609375 0.765625 0.15584415625 0.796875 0.1580086578125 0.84375 0.1645021640625 0.828125
10 0.2510822515625 0.890625 0.2554112546875 0.859375 0.2554112546875 0.671875 0.2510822515625 0.640625 0.2510822515625 0.546875 0.240259740625 0.53125 0.21645021718750002 0.765625 0.21645021718750002 0.828125 0.22294372343750002 0.84375 0.23160173125 0.75 0.24458874531250002 0.75 0.246753246875 0.890625 0.2510822515625 0.890625
31 0.27922077968750003 0.5625 0.26839826875 0.578125 0.28138528125 0.671875 0.26839826875 0.765625 0.26406926406250003 0.828125 0.26406926406250003 0.859375 0.26839826875 0.859375 0.2835497828125 0.75 0.2878787875 0.75 0.3008658015625 0.84375 0.303030303125 0.828125 0.303030303125 0.765625 0.29437229375 0.703125 0.29437229375 0.640625 0.303030303125 0.578125 0.3008658015625 0.5 0.296536796875 0.5 0.2878787875 0.59375 0.27922077968750003 0.5625
24 0.40692640625000004 0.703125 0.4134199140625 0.65625 0.435064934375 0.65625 0.4458874453125 0.609375 0.45021645 0.546875 0.44372294375 0.46875 0.435064934375 0.4375 0.4047619046875 0.4375 0.3982683984375 0.484375 0.3982683984375 0.765625 0.40692640625000004 0.765625 0.40692640625000004 0.703125
20 0.49350649375 0.734375 0.46753246718749997 0.703125 0.46753246718749997 0.453125 0.46103896093749996 0.4375 0.45887445937500004 0.703125 0.45454545468749996 0.734375 0.49350649375 0.734375
29 0.5021645015625 0.609375 0.5021645015625 0.453125 0.49567099531250003 0.4375 0.49350649375 0.609375 0.49783549843749997 0.671875 0.5129870125 0.75 0.5324675328125 0.734375 0.5389610390625 0.71875 0.5454545453125 0.640625 0.5454545453125 0.546875 0.541125540625 0.484375 0.5346320343750001 0.4375 0.5303030296875 0.4375 0.5281385281250001 0.515625 0.5367965375 0.578125 0.5367965375 0.640625 0.5303030296875 0.6875 0.5129870125 0.6875 0.5021645015625 0.609375
27 0.541125540625 0.734375 0.54329004375 0.78125 0.5584415578125 0.765625 0.5735930734375 0.75 0.5844155843750001 0.703125 0.5844155843750001 0.640625 0.5714285718750001 0.546875 0.56926406875 0.4375 0.5584415578125 0.453125 0.5584415578125 0.578125 0.5649350656250001 0.625 0.56926406875 0.625 0.5714285718750001 0.671875 0.5649350656250001 0.71875 0.541125540625 0.734375
8 0.7121212124999999 0.6875 0.7445887453125 0.671875 0.7575757578125 0.609375 0.746753246875 0.53125 0.740259740625 0.515625 0.7489177484375 0.453125 0.746753246875 0.375 0.7380952375 0.34375 0.7164502171875 0.34375 0.7012987015625 0.421875 0.7012987015625 0.484375 0.70562770625 0.515625 0.70562770625 0.640625 0.7121212124999999 0.6875
5 0.766233765625 0.484375 0.7878787875000001 0.609375 0.7770562765625 0.65625 0.7683982687500001 0.625 0.766233765625 0.671875 0.7922077921875 0.671875 0.803030303125 0.65625 0.8051948046874999 0.609375 0.7987012984375 0.5625 0.790043290625 0.5625 0.7835497828125 0.515625 0.7835497828125 0.484375 0.8073593078125001 0.46875 0.8138528140625001 0.421875 0.7857142859375 0.40625 0.7813852812500001 0.375 0.7727272734375 0.375 0.766233765625 0.484375
0 0.8614718609375001 0.484375 0.8549783546875 0.4375 0.8376623375 0.40625 0.8333333328125001 0.375 0.824675325 0.375 0.8138528140625001 0.421875 0.8138528140625001 0.640625 0.8203463203125001 0.6875 0.852813853125 0.671875 0.8614718609375001 0.640625 0.8614718609375001 0.484375
46 0.8991735578125001 0.55597403125 0.8896103890625 0.5 0.88095238125 0.53125 0.8773889265625 0.40707468750000003 0.8667910046875 0.41558328125 0.8679685890625001 0.619788 0.8896103890625 0.5625 0.8944633890624999 0.6240421875 0.90211740625 0.6240421875 0.9109490093750001 0.5304484375 0.9062388390624999 0.5091770624999999 0.8991735578125001 0.55597403125
40 0.913304121875 0.5091770624999999 0.9156592296875001 0.5602282187500001 0.9027061984375001 0.6793475625000001 0.9056500468750001 0.75167015625 0.9138929093750001 0.692110375 0.9297897921875 0.48365146875000004 0.923313246875 0.44536306249999996 0.9127153296875001 0.458125875 0.913304121875 0.5091770624999999