10 0.131578946875 0.6208333328125 0.12955465625 0.4875 0.121457490625 0.40416666718750005 0.1103238859375 0.3916666671875 0.0769230765625 0.7375 0.08704453437500001 0.7291666671875 0.1002024296875 0.6083333328125 0.121457490625 0.6208333328125 0.121457490625 0.7375 0.131578946875 0.6208333328125
47 0.17408906875000002 0.6958333328124999 0.18016194375 0.6958333328124999 0.182451540625 0.6006065578124999 0.1761560125 0.5450174921875 0.159967365625 0.6043124328125 0.1509736484375 0.548723375 0.1455774328125 0.5783709328125 0.1500742515625 0.6376658749999999 0.1477732796875 0.6958333328124999 0.1548583 0.7 0.169028340625 0.6083333328125 0.17408906875000002 0.6958333328124999
54 0.2348178140625 0.6375 0.21963562812499998 0.5583333328125 0.20141700468749998 0.6333333328124999 0.1983805671875 0.5708333328124999 0.191295546875 0.5666666671875 0.1923076921875 0.6541666671875 0.20445344062499998 0.6708333328125 0.2155870453125 0.6166666671875001 0.2348178140625 0.6375
52 0.2378542515625 0.6833333328125 0.2378542515625 0.7166666671875 0.2530364375 0.7125 0.26923076875 0.6875 0.2530364375 0.6291666671875 0.25889795000000004 0.5376055671875 0.247206121875 0.5376055671875 0.2373130890625 0.6080183171875 0.2301181625 0.6191361328125 0.2175269390625 0.6117243671875 0.222023840625 0.6487836828125 0.2510121453125 0.6708333328125 0.2378542515625 0.6833333328125
53 0.2854251015625 0.7291666671875 0.2874493921875 0.6541666671875 0.30161943281250003 0.6208333328125 0.289473684375 0.5958333328125 0.29577205625 0.35601468281250004 0.2840803125 0.4004859328125 0.278684096875 0.6117243671875 0.269690378125 0.6080183171875 0.275985990625 0.663607375 0.2773279359375 0.7125 0.2854251015625 0.7291666671875
34 0.3360323890625 0.7208333328125 0.320850203125 0.5833333328125 0.2995951421875 0.6208333328125 0.3046558703125 0.6833333328125 0.32287449375 0.675 0.3360323890625 0.7208333328125
53 0.39979757031249996 0.5416666671875 0.353238865625 0.5666666671875 0.3552631578125 0.3916666671875 0.346153846875 0.4375 0.340080971875 0.7041666671875 0.3552631578125 0.6 0.4028340078125 0.5708333328124999 0.39979757031249996 0.5416666671875
48 0.6052631578125001 0.6125 0.621457490625 0.5041666671875 0.6143724703125 0.4583333328125 0.5910931171875 0.5375 0.5910931171875 0.5958333328125 0.6052631578125001 0.6125
42 0.6366396765625 0.3416666671875 0.6336032390625 0.3875 0.6497975703125001 0.42083333281249996 0.6366396765625 0.3416666671875
42 0.6417004046875 0.5041666671875 0.637651821875 0.5791666671875 0.6457489875 0.6041666671875 0.648785425 0.5 0.6417004046875 0.5041666671875
47 0.704453440625 0.6375 0.710526315625 0.5958333328125 0.704453440625 0.5208333328125 0.6872469640625 0.5 0.6751012140625 0.55 0.6690283406249999 0.475 0.6639676109375 0.6041666671875 0.67105263125 0.6166666671875001 0.6973684203125 0.5416666671875 0.6983805671875001 0.6375 0.704453440625 0.6375
53 0.7246963562500001 0.5625 0.7244413921875 0.6451582171875 0.7325357171875 0.6377462828125 0.732793521875 0.5458333328125 0.7514224671874999 0.5413918578125 0.7505230703125 0.5043325421875 0.7289382125 0.511744475 0.7289382125 0.2819763 0.719944575 0.3005060421875 0.7226720640625001 0.5208333328125 0.7145483609375 0.5302740421875 0.7136489640625 0.5673335328125 0.7246963562500001 0.5625
46 0.76619433125 0.525 0.756072875 0.475 0.7570850203124999 0.5875 0.7651821859375 0.6041666671875 0.7742914984375 0.5333333328125 0.7900953703125 0.5895691578125 0.799988403125 0.5413918578125 0.813478940625 0.5339801 0.8215732625 0.5895691578125 0.8170764453125001 0.511744475 0.8071833296875001 0.4858028 0.7904858296875 0.525 0.7763157890625 0.4916666671875 0.76619433125 0.525
38 0.834008096875 0.5708333328124999 0.83198380625 0.5291666671875 0.8441295546875001 0.47083333281249995 0.8309716593750001 0.45 0.817813765625 0.5125 0.8198380562500001 0.5791666671875 0.8502024296874999 0.5958333328125 0.853238865625 0.575 0.834008096875 0.5708333328124999
47 0.871457490625 0.5333333328125 0.8633603234375 0.46666666718750005 0.8582995953125 0.4875 0.8653846156249999 0.5833333328125 0.887651821875 0.525 0.8886639671875001 0.5708333328124999 0.896761134375 0.5791666671875 0.8917004046875 0.48333333281249996 0.871457490625 0.5333333328125
53 0.9109311734375 0.5041666671875 0.906882590625 0.6125 0.9129554656250001 0.6125 0.9200404859375 0.48333333281249996 0.9474849203125 0.49692060781249997 0.9456862921875 0.467273225 0.9190283406249999 0.45416666718750004 0.91801619375 0.2916666671875 0.9109311734375 0.2958333328125 0.9109311734375 0.4625 0.9008097171875 0.4791666671875 0.903846153125 0.525 0.9109311734375 0.5041666671875