27 0.0999675875 0.64365504375 0.0704530203125 0.7098480125 0.046912725 0.65016608125 0.043002060937499996 0.73673975 0.068389415625 0.7491492453124999 0.1066933859375 0.6607070234375 0.12008619218750001 0.5765460671875 0.1149178453125 0.513896396875 0.122615590625 0.4446953234375 0.1423885015625 0.40408297031249996 0.16815757343749999 0.360117871875 0.1693147484375 0.3147629421875 0.13730279375 0.3767268703125 0.115928671875 0.42434484218749996 0.09792241562500001 0.52853914375 0.101223853125 0.5864498031250001 0.0999675875 0.64365504375
48 0.183517878125 0.4917937859375 0.135991403125 0.5865428515625 0.1174317328125 0.71019860625 0.1335965828125 0.728914946875 0.1660409515625 0.6553055609375 0.183517878125 0.4917937859375
45 0.20630442656249998 0.6137981796875 0.2647880125 0.37126255625 0.26370526875 0.33140653750000004 0.1989184171875 0.59763858125 0.1932450546875 0.6776438406249999 0.20912773125 0.6539850328125 0.20630442656249998 0.6137981796875
42 0.20407617031249997 0.6266349546875001 0.1956611171875 0.6692500046875 0.212776046875 0.659038153125 0.211828659375 0.720609659375 0.22830901250000002 0.7191057671875 0.22754593281250002 0.626363484375 0.249342121875 0.564058375 0.2441647375 0.5342195453125 0.2214670484375 0.594422246875 0.20407617031249997 0.6266349546875001
42 0.2929345015625 0.43944814374999996 0.29646806875 0.384781625 0.2826894359375 0.44646130937499995 0.2929345015625 0.43944814374999996
55 0.2665076234375 0.665087525 0.27627789062499997 0.563681021875 0.256852021875 0.6554519609375 0.26129766718749997 0.7038339703125 0.3341096109375 0.5024811296875 0.2665076234375 0.665087525
48 0.359280415625 0.5069194218749999 0.32119299375 0.603332846875 0.31370288281250003 0.673409321875 0.32921808750000003 0.6682120515625 0.36122935625 0.57866025625 0.359280415625 0.5069194218749999
5 0.5244064921875 0.591566746875 0.5155152046875 0.494802728125 0.522991484375 0.44914401562500006 0.555713140625 0.437274228125 0.556504165625 0.4021345015625 0.52191559375 0.4092652796875 0.504211825 0.49434153593749997 0.49790281875 0.5505576 0.514967440625 0.5899023875 0.46722441875 0.67668025 0.4829561703125 0.6794541828125 0.5244064921875 0.591566746875
0 0.547730240625 0.6432774765625 0.5801746078125001 0.5696680890625 0.601230984375 0.422653509375 0.5792065296875 0.418770003125 0.5365587984375 0.5778434859375 0.5322150375 0.6484747468750001 0.547730240625 0.6432774765625
0 0.6211918328125 0.46583824687500003 0.58418715625 0.6021076921875 0.594053340625 0.6336599109375001 0.6164472125 0.593509703125 0.6410208828124999 0.5052349875 0.6523697875 0.41021855 0.639623225 0.4212006640625 0.6211918328125 0.46583824687500003
2 0.734027359375 0.4698681546875 0.7203592109375 0.42779298906249996 0.6944240921875 0.5104831515625 0.71807905625 0.4591230171875 0.7191618 0.49897903593750004 0.6727180703125 0.633584121875 0.691596175 0.636912840625 0.7217603875 0.5946334828125 0.6907299796874999 0.605028025 0.734027359375 0.4698681546875
0 0.739037271875 0.6834909796875 0.74418820625 0.649120040625 0.757882234375 0.576566434375 0.7661405125 0.49932963125 0.7479868828125 0.49985360625 0.7320673484375 0.5543750734375 0.71547636875 0.6484671921875 0.7175454359375 0.6929310656250001 0.7265213390625 0.70333340625 0.739037271875 0.6834909796875