11 0.0359897171875 0.679104478125 0.0398457578125 0.7313432828125 0.0661229515625 0.7792303734375 0.0877632984375 0.7477895828125 0.10219022656250001 0.6115460890625 0.09948518281249999 0.527704059375 0.0904683421875 0.46482249218750005 0.07513978906249999 0.501503328125 0.07694312656249999 0.3652598359375 0.0706313296875 0.29189815 0.0480893546875 0.29713819375 0.0359897171875 0.380597015625 0.0359897171875 0.679104478125
38 0.120822621875 0.619402984375 0.14395886875 0.5 0.1323907453125 0.373134328125 0.115681234375 0.45522388124999996 0.10539845781249998 0.619402984375 0.1238305734375 0.7268288953125001 0.1445692140625 0.684908 0.1283389515625 0.67442765625 0.120822621875 0.619402984375
57 0.2082262203125 0.7388059703125001 0.19280205625 0.574626865625 0.21079691562499997 0.5149253734375 0.2069408734375 0.46268656718749995 0.161953728125 0.529850746875 0.16323907499999998 0.5970149250000001 0.1735218515625 0.5373134328125 0.17994858593750002 0.574626865625 0.1606683796875 0.7164179109375 0.186375321875 0.6119402984375 0.2082262203125 0.7388059703125001
42 0.2120822625 0.5970149250000001 0.21336760937500002 0.7238805968750001 0.2236503859375 0.7238805968750001 0.2120822625 0.5970149250000001
42 0.2223650390625 0.32835820937500004 0.21850899687499997 0.3955223875 0.2313624671875 0.4850746265625 0.23650385625 0.4104477609375 0.2223650390625 0.32835820937500004
53 0.267352184375 0.5597014921875 0.267352184375 0.7985074625 0.2750642671875 0.7985074625 0.2776349609375 0.5597014921875 0.29820051406250003 0.529850746875 0.2776349609375 0.5 0.2712082265625 0.19402985 0.267352184375 0.5 0.2480719796875 0.5074626859375 0.2442159390625 0.574626865625 0.2532133671875 0.6119402984375 0.2532133671875 0.5671641796875 0.267352184375 0.5597014921875
48 0.358611825 0.5074626859375 0.35218509062500003 0.574626865625 0.362467865625 0.64925373125 0.3676092546875 0.529850746875 0.358611825 0.5074626859375
51 0.35218509062500003 0.64925373125 0.33419023124999997 0.64925373125 0.33933162031249997 0.5149253734375 0.330334190625 0.44776119375 0.29820051406250003 0.529850746875 0.2994858609375 0.7014925375 0.3226221078125 0.5074626859375 0.3264781484375 0.679104478125 0.33933162031249997 0.69402985 0.35218509062500003 0.64925373125
45 0.395236553125 0.3076185375 0.3984575828125 0.7388059703125001 0.40616966562499995 0.7388059703125001 0.40786014374999996 0.28665785 0.395236553125 0.3076185375
15 0.517994859375 0.2686567171875 0.501285346875 0.36567164218750003 0.49871465312499996 0.7238805968750001 0.501285346875 0.7985074625 0.5115681234375 0.7985074625 0.51928020625 0.7089552234375 0.5089974296875 0.6044776125 0.517994859375 0.55223880625 0.5552699234375 0.54477611875 0.5128534703125001 0.5074626859375 0.5141388171875 0.380597015625 0.525706940625 0.29850746250000004 0.5539845765625 0.3134328359375 0.5488431874999999 0.2686567171875 0.517994859375 0.2686567171875
2 0.6683804624999999 0.69402985 0.7300771203124999 0.7089552234375 0.688946015625 0.64925373125 0.7069408734375 0.54477611875 0.7120822625 0.4104477609375 0.7005141390625 0.32835820937500004 0.68766066875 0.3432835828125 0.6838046265625 0.4402985078125 0.6902313625 0.477611940625 0.6979434453125 0.4328358203125 0.6992287921875 0.5 0.6683804624999999 0.69402985
5 0.7532133671875 0.7835820890625 0.7763496140624999 0.6641791046875001 0.7724935734375 0.5970149250000001 0.737789203125 0.574626865625 0.762210796875 0.35820895468749997 0.7493573265625 0.35820895468749997 0.7300771203124999 0.54477611875 0.7365038562499999 0.6417910453125 0.7686375328125 0.64925373125 0.7455012859375 0.7686567171875 0.7532133671875 0.7835820890625
2 0.8714652953125 0.7985074625 0.8791773781250001 0.7835820890625 0.8354755781250001 0.7388059703125001 0.8688946015625 0.54477611875 0.8740359890624999 0.425373134375 0.8393316203125 0.4328358203125 0.8367609249999999 0.5820895515625 0.859897171875 0.46268656718749995 0.86118251875 0.5 0.8226221078125 0.7835820890625 0.8714652953125 0.7985074625
5 0.8946015421875 0.5597014921875 0.9293059124999999 0.38805970156249997 0.901028278125 0.40298507499999997 0.8817480718749999 0.574626865625 0.88303341875 0.6417910453125 0.90488431875 0.6343283578125 0.8997429312499999 0.75373134375 0.9177377890624999 0.619402984375 0.8946015421875 0.5597014921875
0 0.9344473000000001 0.4925373140625 0.928020565625 0.5597014921875 0.9434447296874999 0.6641791046875001 0.94858611875 0.5597014921875 0.9344473000000001 0.4925373140625