15 0.1469265375 0.7056074765625 0.1499250375 0.5747663546874999 0.17541229375 0.5280373828125 0.1514242875 0.50934579375 0.1529235375 0.3878504671875 0.17616191875 0.3831775703125 0.1716641671875 0.33644859843749997 0.1521739125 0.3457943921875 0.1424287859375 0.3878504671875 0.1409295359375 0.7056074765625 0.1469265375 0.7056074765625
54 0.19953560625 0.646856953125 0.200587325 0.7321683078125 0.2068977421875 0.7223246921875 0.2047943015625 0.663263028125 0.20742362656250002 0.5582644578125 0.20111320937500002 0.5451396921875 0.1926536734375 0.626168225 0.184407796875 0.6121495328125001 0.185157421875 0.55140186875 0.17841079531249998 0.5654205609375 0.17691154375 0.6121495328125001 0.1836581703125 0.6635514015624999 0.19953560625 0.646856953125
47 0.23950159218749997 0.6698254859375 0.2481259375 0.626168225 0.24002742656249998 0.6140449718750001 0.234632684375 0.5327102796875 0.22057034375 0.6173261218749999 0.217415134375 0.548420840625 0.21215643750000002 0.5549832984374999 0.2166416796875 0.682242990625 0.2231996671875 0.6895127109375 0.2326652921875 0.6042013546875 0.23950159218749997 0.6698254859375
40 0.22938530781250002 0.733644859375 0.22793247968750002 0.9356029906250001 0.2368722203125 0.93888415 0.2526482609375 0.8404480281250001 0.260869565625 0.724299065625 0.26236881562500003 0.5841121499999999 0.25712143906249996 0.542056075 0.2473763125 0.5747663546874999 0.2481259375 0.626168225 0.2548725640625 0.67757009375 0.2511244375 0.7476635515625001 0.24062968593749998 0.691588784375 0.22938530781250002 0.733644859375
42 0.2706146921875 0.43925233593749996 0.26836581718749997 0.47196261718750004 0.27586206875 0.50934579375 0.27586206875 0.443925234375 0.2706146921875 0.43925233593749996
42 0.2676161921875 0.5700934578125 0.2668665671875 0.67757009375 0.2713643171875 0.67757009375 0.27286356875 0.5747663546874999 0.2676161921875 0.5700934578125
37 0.313343328125 0.6682242984375 0.3073463265625 0.6495327109375 0.311094453125 0.327102803125 0.3058470765625 0.33177570156249997 0.30434782656250003 0.5747663546874999 0.290104946875 0.5607476640625 0.28335832031249997 0.59345794375 0.28860569687500004 0.6728971968749999 0.302848575 0.67757009375 0.313343328125 0.6682242984375
34 0.34309757812499997 0.6796690937500001 0.33889065 0.6304510375000001 0.3394164859375 0.5877952890625 0.33508245937500003 0.55140186875 0.3178410796875 0.6028037390625001 0.3185907046875 0.6635514015624999 0.327847421875 0.6895127109375 0.33678716249999996 0.666544178125 0.34309757812499997 0.6796690937500001
45 0.3583208390625 0.67757009375 0.3523238375 0.6121495328125001 0.3583208390625 0.36915887812500003 0.3530734625 0.36448598125 0.34482758593749996 0.6588785046875001 0.3583208390625 0.67757009375
17 0.5422813171875001 0.54510409375 0.5427286359375 0.4252336453125 0.5524737625 0.411214953125 0.5502248875 0.5280373828125 0.5547226390625 0.5280373828125 0.5592203890625 0.41588785 0.560719640625 0.36915887812500003 0.559970015625 0.26168224375000004 0.5547226390625 0.266355140625 0.5532233890625 0.36915887812500003 0.5449775109375 0.37383177500000003 0.5454365265625001 0.24979574843750002 0.5386002734375 0.24651459843749998 0.5354450640625 0.5352604765625 0.5422813171875001 0.54510409375
36 0.6011993999999999 0.5186915890625 0.600449775 0.47663551406250004 0.585457271875 0.4859813078125 0.5802098953125 0.453271028125 0.589205396875 0.359813084375 0.589205396875 0.3130841125 0.5839580203125 0.30841121562499996 0.57271364375 0.3785046734375 0.5742128937500001 0.47196261718750004 0.5839580203125 0.5233644859375 0.6011993999999999 0.5186915890625
36 0.7286356828125 0.40654205625 0.7406296859375 0.32242990625 0.7338830578125 0.2990654203125 0.7211394296875 0.40654205625 0.7196401796874999 0.49065420625 0.72788605625 0.55140186875 0.7406296859375 0.556074765625 0.72713643125 0.5 0.7286356828125 0.40654205625
51 0.7683658171875 0.3551401875 0.7541229390625 0.41588785 0.7526236875000001 0.46261682187500003 0.7563718140625 0.47663551406250004 0.7698650671875 0.401869159375 0.7691154421874999 0.50934579375 0.7736131937499999 0.5186915890625 0.77811094375 0.40654205625 0.7683658171875 0.3551401875
38 0.7983790640625 0.512292103125 0.8104740140625 0.48604242031249995 0.8104740140625 0.4532304390625 0.7973273453124999 0.4729176546875 0.7946026984375 0.43457943906249996 0.809595203125 0.3971962609375 0.8073463265624999 0.3457943921875 0.795749740625 0.3580754765625 0.7868099515625 0.413855990625 0.7868099515625 0.4729176546875 0.7983790640625 0.512292103125
34 0.839580209375 0.5280373828125 0.82458770625 0.40654205625 0.82608695625 0.359813084375 0.8178410796875 0.3551401875 0.8140929531250001 0.443925234375 0.839580209375 0.5280373828125
46 0.8403298343750001 0.3551401875 0.839580209375 0.4813084109375 0.8455772109374999 0.4813084109375 0.8553223390625 0.401869159375 0.859820090625 0.44859813125 0.8808095953124999 0.4299065421875 0.8928035984375 0.46728972031250005 0.8935532234375 0.43457943906249996 0.8808095953124999 0.3925233640625 0.862818590625 0.401869159375 0.859820090625 0.36448598125 0.8478260875 0.4205607484375 0.8403298343750001 0.3551401875