22 0.174129353125 0.9313725484375001 0.174129353125 0.8333333328125001 0.1840796015625 0.7549019609375 0.17910447812500002 0.7352941171875 0.17910447812500002 0.6568627453125 0.1890547265625 0.598039215625 0.1865671640625 0.5490196078125 0.174129353125 0.598039215625 0.1592039796875 0.7352941171875 0.15174129375 0.7450980390625 0.14427860625 0.6764705875 0.124378109375 0.598039215625 0.121890546875 0.5686274515624999 0.11691542343750001 0.5686274515624999 0.10199005000000001 0.509803921875 0.079601990625 0.51960784375 0.07462686562500001 0.5588235296875 0.079601990625 0.598039215625 0.079601990625 0.7745098046875001 0.07462686562500001 0.794117646875 0.07462686562500001 0.8725490203125 0.079601990625 0.8921568625 0.079601990625 0.9705882359375 0.0945273625 0.9705882359375 0.0945273625 0.8921568625 0.0995024875 0.8725490203125 0.0995024875 0.813725490625 0.10447761250000001 0.794117646875 0.1069651734375 0.6274509796875 0.1119402984375 0.6274509796875 0.124378109375 0.6764705875 0.15422885625 0.91176470625 0.16169154218749998 0.9411764703125 0.174129353125 0.9313725484375001
38 0.23383084531249998 0.6372549015625 0.218905471875 0.715686275 0.218905471875 0.8333333328125001 0.223880596875 0.8529411765624999 0.223880596875 0.8921568625 0.23631840781250002 0.9411764703125 0.2587064671875 0.9313725484375001 0.24626865625 0.921568628125 0.23383084531249998 0.8725490203125 0.23383084531249998 0.813725490625 0.24626865625 0.8039215687500001 0.2686567171875 0.69607843125 0.2636815921875 0.598039215625 0.25621890625 0.5686274515624999 0.24626865625 0.5686274515624999 0.23383084531249998 0.6176470593750001 0.23383084531249998 0.6372549015625
35 0.32338308437499996 0.4607843140625 0.32338308437499996 0.421568628125 0.31592039843749997 0.3921568625 0.3109452734375 0.3921568625 0.3034825875 0.44117647031249996 0.3084577109375 0.48039215625000004 0.3084577109375 0.91176470625 0.320895521875 0.921568628125 0.330845771875 0.901960784375 0.3407960203125 0.9411764703125 0.34825870625 0.9313725484375001 0.36567164218750003 0.901960784375 0.38805970156249997 0.794117646875 0.3830845765625 0.6568627453125 0.375621890625 0.6274509796875 0.35572139375 0.6274509796875 0.3383084578125 0.69607843125 0.3383084578125 0.715686275 0.330845771875 0.7254901953124999 0.32835820937500004 0.48039215625000004 0.32338308437499996 0.4607843140625
54 0.44776119375 0.6568627453125 0.44776119375 0.7745098046875001 0.4353233828125 0.8235294124999999 0.41542288593750004 0.8235294124999999 0.39800995 0.7352941171875 0.39800995 0.6568627453125 0.38805970156249997 0.6568627453125 0.38805970156249997 0.7745098046875001 0.3930348265625 0.794117646875 0.3930348265625 0.8333333328125001 0.40547263750000007 0.8823529406249999 0.4378109453125 0.8725490203125 0.44527363124999997 0.8627450984375 0.46268656718749995 0.794117646875 0.46268656718749995 0.7549019609375 0.46766169218750003 0.7352941171875 0.46766169218750003 0.578431371875 0.46019900468749997 0.5490196078125 0.44776119375 0.5588235296875 0.44776119375 0.598039215625 0.4427860703125 0.6176470593750001 0.44776119375 0.6568627453125
45 0.4825870640625 0.28431372499999996 0.4825870640625 0.813725490625 0.49502487500000003 0.8627450984375 0.5124378109375 0.8529411765624999 0.519900496875 0.8431372546875 0.5099502484375 0.8039215687500001 0.504975125 0.8039215687500001 0.4975124375 0.7745098046875001 0.4975124375 0.51960784375 0.5024875625 0.5 0.5024875625 0.28431372499999996 0.49502487500000003 0.2549019609375 0.4900497515625 0.2549019609375 0.4825870640625 0.28431372499999996
42 0.519900496875 0.8431372546875 0.5348258703125001 0.8039215687500001 0.55472636875 0.901960784375 0.5621890546875 0.8921568625 0.5621890546875 0.8725490203125 0.55223880625 0.8333333328125001 0.55223880625 0.7352941171875 0.5671641796875 0.6176470593750001 0.5621890546875 0.578431371875 0.55472636875 0.5686274515624999 0.5422885578125001 0.6176470593750001 0.5323383078124999 0.7352941171875 0.5124378109375 0.794117646875 0.519900496875 0.8431372546875
42 0.5373134328125 0.44117647031249996 0.5422885578125001 0.48039215625000004 0.5550878015625 0.5149352546875 0.5621890546875 0.421568628125 0.54477611875 0.3529411765625 0.5373134328125 0.382352940625 0.5373134328125 0.44117647031249996
59 0.6467661687499999 0.421568628125 0.629353234375 0.3333333328125 0.6144278609375 0.3333333328125 0.6119402984375 0.44117647031249996 0.626865671875 0.4607843140625 0.626865671875 0.578431371875 0.5820895515625 0.8529411765624999 0.5945273624999999 0.901960784375 0.6616915421875 0.8921568625 0.6592039796875 0.8627450984375 0.624378109375 0.8627450984375 0.619402984375 0.8431372546875 0.60199005 0.8333333328125001 0.6196072890625001 0.7482502359375001 0.644698228125 0.7729957062499999 0.64925373125 0.705882353125 0.6368159203125 0.6764705875 0.6467661687499999 0.598039215625 0.6467661687499999 0.421568628125
34 0.6815920390625 0.6764705875 0.66799690625 0.6634084312499999 0.6536592140625 0.6952241171875 0.645594278125 0.7341098234375 0.6536592140625 0.7729957062499999 0.674129353125 0.7647058828125 0.676616915625 0.794117646875 0.6890547265625 0.8431372546875 0.6915422890625 0.8333333328125001 0.6815920390625 0.6764705875
53 0.7412935328125 0.6372549015625 0.74626865625 0.6568627453125 0.7338308453125 0.705882353125 0.7164179109375 0.7352941171875 0.7164179109375 0.813725490625 0.728855721875 0.8235294124999999 0.7388059703125001 0.784313725 0.74378109375 0.784313725 0.74626865625 0.9901960781250001 0.7611940296874999 0.9901960781250001 0.7611940296874999 0.7549019609375 0.778606965625 0.686274509375 0.7860696515625001 0.6764705875 0.7661691546875 0.6568627453125 0.7661691546875 0.30392156875 0.7587064671875 0.27450980468749997 0.74875621875 0.27450980468749997 0.74626865625 0.40196078437500005 0.7412935328125 0.421568628125 0.7412935328125 0.6372549015625
42 0.800995025 0.91176470625 0.800995025 0.7352941171875 0.7960199 0.715686275 0.7960199 0.6764705875 0.7885572140625 0.6470588234375 0.771144278125 0.69607843125 0.778606965625 0.705882353125 0.7860696515625001 0.7549019609375 0.7860696515625001 0.8921568625 0.7935323390625 0.921568628125 0.800995025 0.91176470625
42 0.8069496812500001 0.48311958749999995 0.8059701499999999 0.598039215625 0.8150146171875001 0.6139173140625 0.8194951937500001 0.53614570625 0.825767865625 0.5043300390625001 0.828358209375 0.43137254843750006 0.8184079609375001 0.43137254843750006 0.8069496812500001 0.48311958749999995
47 0.870646765625 0.6568627453125 0.8830845765625 0.6666666671875 0.8955223875 0.715686275 0.8955223875 0.8333333328125001 0.9029850749999999 0.8627450984375 0.9079601984375 0.8627450984375 0.9154228859375 0.813725490625 0.9154228859375 0.7549019609375 0.9203980093749999 0.715686275 0.9303482593749999 0.6764705875 0.9303482593749999 0.6568627453125 0.9378109453125001 0.6470588234375 0.95024875625 0.715686275 0.95024875625 0.8529411765624999 0.9601990046875001 0.9313725484375001 0.9676616921875001 0.9607843140625001 0.9900497515625 0.9509803921875 0.9825870640625001 0.9411764703125 0.970149253125 0.8725490203125 0.970149253125 0.813725490625 0.9651741296875 0.794117646875 0.9651741296875 0.6764705875 0.9477611937500001 0.58823529375 0.927860696875 0.5686274515624999 0.9029850749999999 0.686274509375 0.8880597015625 0.6470588234375 0.870646765625 0.6568627453125