27 0.08389025312500001 0.733860234375 0.0965704734375 0.8195894906250001 0.12385923437499999 0.8269268546875 0.1445838828125 0.7328008234375 0.1416719578125 0.647630671875 0.12464444687500001 0.5871182203124999 0.11899657500000001 0.517719765625 0.130657 0.47408072656250005 0.147563684375 0.4260064203125 0.140045471875 0.3812639890625 0.120444940625 0.44819763437500004 0.108549459375 0.4990191046875 0.1107552390625 0.60473481875 0.12504589375 0.660951553125 0.134727984375 0.717345478125 0.11838589687500001 0.787953940625 0.08389025312500001 0.733860234375
48 0.164568375 0.7793341328125 0.1840074765625 0.7946222015625 0.2018104171875 0.7161745500000001 0.18776672656249999 0.5523321921875 0.1591924203125 0.6544089296875 0.164568375 0.7793341328125
45 0.23587751875000001 0.379591234375 0.223080453125 0.653293759375 0.23277705 0.7329116265625 0.24385360312499998 0.7066569390625 0.23341415781250002 0.66774714375 0.24454525781249997 0.4185083890625 0.23587751875000001 0.379591234375
42 0.2483990703125 0.7109210874999999 0.2592174859375 0.7715421234375001 0.2751080921875 0.7669212609375 0.25666297031249996 0.6760285171875 0.26617032812499997 0.6107092203125 0.2553945484375 0.5824065046875 0.244601096875 0.6458340359375 0.23367621249999998 0.6807732421875 0.233547103125 0.7242110015625001 0.2483990703125 0.7109210874999999
42 0.27646637812499997 0.4889097765625 0.28518503906250003 0.48007061249999994 0.27822282187499997 0.425734234375 0.27646637812499997 0.4889097765625
55 0.2909809671875 0.6989906921875 0.30457665624999997 0.74563551875 0.3376309078125 0.5340889234375 0.3022977203125 0.7066068484375 0.2925392078125 0.6051992125 0.2909809671875 0.6989906921875
48 0.35021374375000003 0.7057704703125001 0.3644522046875 0.697708246875 0.3787880484375 0.6036937328125 0.36318611875 0.5336428546875001 0.34419501874999997 0.6355523171875 0.35021374375000003 0.7057704703125001
5 0.5128652875 0.44569140156250003 0.5427208921875 0.4277961078125 0.5367924078125 0.3931510640625 0.5041999421875001 0.4067506390625 0.50305475625 0.49364184375000003 0.50758819375 0.550028875 0.53184663125 0.58539470625 0.501538778125 0.6796880125 0.5175107859375 0.67940921875 0.5414298359374999 0.5852274296875 0.5142384609375 0.4919377765625 0.5128652875 0.44569140156250003
0 0.5846126796875 0.40475880000000003 0.56225186875 0.40514910937500004 0.550740346875 0.569437534375 0.5599534734375 0.6395999296875 0.574191934375 0.6315377062499999 0.5919948734375 0.5530900546875 0.5846126796875 0.40475880000000003
0 0.6178288296875001 0.6132579781249999 0.6321502421875 0.5695724906249999 0.6394288140625 0.47823075312499996 0.6324392171875 0.3827945625 0.62202233125 0.3960070625 0.6124468265624999 0.443341403125 0.6021234671875 0.58416801875 0.6178288296875001 0.6132579781249999
2 0.6928522546875 0.47319268125 0.7062726328125 0.418262596875 0.714940371875 0.45717975156249996 0.6950338046875 0.59817364375 0.714200215625 0.5978390921875001 0.7357429453125001 0.550580921875 0.707266025 0.56670536875 0.7239781890625 0.42576723593750004 0.7025328453124999 0.387073115625 0.6928522546875 0.47319268125
0 0.767753775 0.5259534421875001 0.7611228484375 0.44855994375 0.7434027328124999 0.45253816718750006 0.7381788703125001 0.5090955125 0.7398463375000001 0.6046246015625 0.7503614953125 0.647876753125 0.7611573468749999 0.6563752890625 0.7696572140625 0.6345092718750001 0.7681552265625 0.599786978125 0.767753775 0.5259534421875001