13 0.126953125 0.7352941171875 0.15234375 0.7279411765625 0.17578125 0.625 0.171875 0.5220588234375 0.150390625 0.44117647031249996 0.103515625 0.4264705875 0.09375 0.4779411765625 0.115234375 0.4705882359375 0.125 0.5661764703125 0.125 0.669117646875 0.10546875 0.669117646875 0.126953125 0.7352941171875
42 0.18928513281249998 0.519691190625 0.187489734375 0.64485125 0.1533781796875 0.7260360734375 0.166843278125 0.7294187359375 0.18928513281249998 0.6854436625 0.1991595109375 0.7395668375 0.20634087031249998 0.6820608531250001 0.2009548328125 0.5230739859375 0.18928513281249998 0.519691190625
42 0.201171875 0.3970588234375 0.20634087031249998 0.5095430875 0.2171129484375 0.4824815734375 0.2072385703125 0.3810005296875 0.201171875 0.3970588234375
47 0.2440431453125 0.6177895734375001 0.253019903125 0.55690095625 0.26289427656250003 0.6042588234374999 0.274564059375 0.7429494859375 0.280847796875 0.6820608531250001 0.2754617578125 0.5839626171875001 0.265587296875 0.5230739859375 0.2503268828125 0.49601232343749996 0.234168765625 0.5704317062500001 0.22339668750000002 0.53660475 0.21980596874999997 0.5839626171875001 0.2296804265625 0.6177895734375001 0.22878272656249998 0.7125051765625 0.2440431453125 0.7429494859375 0.2440431453125 0.6177895734375001
48 0.318359375 0.5147058828125 0.29790353125 0.5163085296875 0.28892685625 0.5907279125 0.2890625 0.7279411765625 0.3140616484375 0.75986304375 0.3365035078125 0.7125051765625 0.3356058046875 0.5907279125 0.318359375 0.5147058828125
55 0.373046875 0.6764705875 0.351763921875 0.526456646875 0.3400942265625 0.526456646875 0.3688197375 0.74633229375 0.379591815625 0.7395668375 0.39934065625000004 0.49601232343749996 0.39036389374999997 0.49601232343749996 0.373046875 0.6764705875
48 0.453125 0.669117646875 0.4469173046875 0.560283603125 0.435546875 0.5294117640625 0.419921875 0.5294117640625 0.40625 0.625 0.40625 0.71323529375 0.42578125 0.7426470593750001 0.441531265625 0.7158879703125 0.453125 0.669117646875
2 0.779296875 0.6029411765625 0.77734375 0.6838235296875 0.7840697078125001 0.7091041765625 0.799330203125 0.68880795625 0.8217719765625 0.8173506765624999 0.8334418390625 0.78352354375 0.8101022812500001 0.654981 0.82895341875 0.577178809375 0.8316464375000001 0.5027594265625 0.8226697609375 0.455401559375 0.8065116437500001 0.44525345625 0.7948417859375 0.49599397031250003 0.8029208406249999 0.543351853125 0.8172837218750001 0.516290190625 0.8125 0.5955882359375 0.779296875 0.6029411765625
0 0.8984375 0.6397058828125 0.8984375 0.5514705875 0.8828138078125001 0.4926113234375 0.861328125 0.4852941171875 0.8451115343750001 0.5129075296875001 0.83793009375 0.6008576765625 0.84375 0.6838235296875 0.8540882109375 0.7226349265625001 0.8783253875 0.7091041765625 0.8984375 0.6397058828125
5 0.6180002 0.671894396875 0.5982513593750001 0.6211538828125 0.6000467625 0.64821554375 0.6036373984375001 0.685425309375 0.6188978984375 0.7091041765625 0.6395443546874999 0.66851175 0.640625 0.6102941171875 0.6206932187499999 0.536586396875 0.63056759375 0.4858458671875 0.6539071515625 0.4993766328125 0.6512141328125 0.448636103125 0.615234375 0.44117647031249996 0.60546875 0.5514705875 0.62890625 0.6397058828125 0.6180002 0.671894396875
0 0.662109375 0.455882353125 0.65570246875 0.53996904375 0.65570246875 0.638067440625 0.665576846875 0.6820425 0.6862233875 0.67527720625 0.690711721875 0.6110057796875 0.6862233875 0.5129075296875001 0.662109375 0.455882353125
0 0.7248232765625 0.4824632203125 0.7104605625 0.5196728375 0.6943024453125 0.58056145625 0.69921875 0.6544117640625 0.72265625 0.6544117640625 0.7409813953125 0.5873269125 0.7421875 0.5073529406249999 0.7248232765625 0.4824632203125