10 0.11180401874999998 0.4577822453125 0.0990391015625 0.44695339218749996 0.11409404375000001 0.79406959375 0.12295722499999999 0.784408725 0.11917031874999999 0.6629201078125 0.14195819062499998 0.6723403265625 0.1581950515625 0.7878716015625 0.1519811453125 0.6709316921874999 0.13142014062500001 0.5391776765625 0.11180401874999998 0.4577822453125
47 0.1995436265625 0.643821665625 0.1855728640625 0.5896497562499999 0.17779402500000002 0.6506206671875 0.1611513328125 0.5968242828125 0.159933775 0.6269343203125 0.1726390921875 0.685026371875 0.1784558578125 0.7429479812500001 0.186051815625 0.7460880546875 0.1873264203125 0.6533413921875 0.20451554375 0.73928553125 0.2105293171875 0.7384403500000001 0.1995436265625 0.643821665625
54 0.2228792078125 0.6735904640625 0.21117400156250002 0.6121213 0.20357804375000002 0.608981228125 0.2167579859375 0.6954888203125 0.231105084375 0.7103029249999999 0.23459179375 0.6551139078125 0.25653485 0.6730680859375 0.23048254531249998 0.596784815625 0.2228792078125 0.6735904640625
52 0.285014153125 0.74480265 0.29757155625 0.7177921328125 0.2734163953125 0.6622803109375 0.26647802187499997 0.5707945125 0.254899978125 0.5724217 0.25490278437499997 0.6435260421875 0.2493251796875 0.655537 0.23582497343750003 0.649949725 0.245435771875 0.6860225343749999 0.2772106828125 0.7038232062499999 0.2659205046875 0.7180327828124999 0.2705596078125 0.75104171875 0.285014153125 0.74480265
53 0.32036680781250004 0.6472666296875 0.304859934375 0.6242002890625 0.27772070625 0.38583897500000003 0.272331946875 0.431504609375 0.2963869546875 0.64143829375 0.2869649796875 0.6390199953125 0.300935825 0.693191884375 0.3090692484375 0.7414219265625 0.319407165625 0.7567994875 0.3109737734375 0.6822476546875 0.32036680781250004 0.6472666296875
34 0.31836221875000004 0.64754835625 0.33207201406250003 0.7087357937500001 0.348953559375 0.69794801875 0.3683621703125 0.741504078125 0.334191434375 0.6074551718750001 0.31836221875000004 0.64754835625
53 0.341594640625 0.412864434375 0.3389527484375 0.4595194921875 0.3700518015625 0.7244361578125 0.3705890375 0.61917028125 0.413637715625 0.5836668796875 0.40657161249999996 0.5552066531250001 0.36394534218749997 0.5864430734375 0.341594640625 0.412864434375
48 0.6074605265625 0.44282125937499994 0.595425596875 0.5244573406249999 0.6035440265625 0.582222978125 0.6198957171874999 0.5967553578125 0.6208553625000001 0.4872225015625 0.6074605265625 0.44282125937499994
42 0.6373218796875 0.40075598437500004 0.6132741671875 0.3241909890625 0.6166460484375 0.370000865625 0.6373218796875 0.40075598437500004
42 0.6588277671875 0.5828685859375 0.64733745625 0.4792930703125 0.6409012734374999 0.4844052328125 0.647330075 0.5592387921875 0.6588277671875 0.5828685859375
47 0.705363153125 0.492176165625 0.6854246890625 0.47394025937500006 0.680355796875 0.525144025 0.6639040406250001 0.45171910000000004 0.6768690875 0.5803330437499999 0.6856248203125 0.59172535 0.7012465234375 0.5137927953125 0.7155862421875 0.6085526203125 0.721600015625 0.607707440625 0.721814909375 0.5656010890625 0.705363153125 0.492176165625
53 0.7494432734375 0.604043028125 0.7369067578124999 0.5129886890625001 0.754736275 0.505997790625 0.7486879703125 0.46942430625 0.7283447171875 0.47976813749999997 0.6963671671875 0.25223605 0.690039896875 0.271837134375 0.7234044749999999 0.489640621875 0.7166737234375 0.50012005625 0.7209407640625 0.536944059375 0.7312079453125 0.530620065625 0.7424592624999999 0.6125093421875001 0.7494432734375 0.604043028125
46 0.7667607328125 0.5508691359375 0.77709865 0.5662466968750001 0.7762612156250001 0.49483493593750005 0.7997378 0.5483240046875 0.8028295703125 0.49923871875000003 0.8151573015625001 0.490021571875 0.8309093515624999 0.543943128125 0.8156251937500001 0.4675016671875 0.8022179749999999 0.443189309375 0.79113816875 0.48432888749999997 0.7724669265624999 0.45329204062499995 0.7670830734375 0.4877096109375 0.7501014640625 0.4396048421875 0.7667607328125 0.5508691359375
38 0.8367212937499999 0.423223603125 0.8207920109375 0.40442424375 0.8164604875 0.4681472234375 0.8277432843750001 0.53388336875 0.86013170625 0.54616193125 0.8602391515625 0.5251087562500001 0.840615646875 0.5236590453125001 0.832812178125 0.48267960312499997 0.8367212937499999 0.423223603125
47 0.853072984375 0.43775598281250006 0.8734264765624999 0.531670628125 0.8873585484375001 0.4708059953125 0.8947396109374999 0.51605241875 0.9039177531249999 0.5231777453124999 0.8855688515625 0.42898137187499996 0.8724815953125 0.48131204375000003 0.8551850218749999 0.41642108125000005 0.853072984375 0.43775598281250006
53 0.9245935859375001 0.553932865625 0.9136331296875 0.42503719531249995 0.942701459375 0.4346727125 0.9367942171875001 0.40556417656250004 0.9085716187499999 0.396295240625 0.8849536921875 0.23551754218749998 0.8785175109375001 0.24062970312499998 0.9017130281249999 0.40567438125 0.894009625 0.42358748437499993 0.9033952781249999 0.4685521796875 0.9075119078125 0.4469355515625 0.9185798109375 0.5547780453125 0.9245935859375001 0.553932865625