15 0.18833461406250002 0.594910278125 0.16098460312500001 0.58161453125 0.13719079218750002 0.4624624578125 0.158949809375 0.45306014375 0.14483484375 0.408287446875 0.12771359843750002 0.4214812640625 0.1269253765625 0.46464443906249997 0.19152428593749998 0.7757694078124999 0.1973902375 0.7745225609374999 0.17311981406250002 0.6459172078125001 0.18833461406250002 0.594910278125
54 0.2595266328125 0.77840575 0.245189546875 0.7210720546875 0.225930984375 0.6178212875 0.217029671875 0.6062953390625 0.22560177656249997 0.687312040625 0.21462144218749998 0.6753141046875 0.20272453750000002 0.6157380671875 0.199039990625 0.6308531203125 0.207289 0.6768726640625 0.22457524687500002 0.725748575 0.23663475156249997 0.7061178359375 0.255400715625 0.7893462687499999 0.2595266328125 0.77840575
47 0.269419734375 0.665604153125 0.247232446875 0.5871684484374999 0.25107002500000003 0.67285895625 0.23365755 0.6061154265625001 0.22987818125 0.6136278234375 0.26072418750000004 0.7371740515625 0.2686503265625 0.7429214281250001 0.26017187656249996 0.657506315625 0.28050281093749996 0.72027505625 0.2798618390625 0.6757787093750001 0.269419734375 0.665604153125
40 0.3338713390625 0.9840008203125 0.328836615625 0.884435740625 0.3127295375 0.76911560625 0.28504952656250004 0.6316803984375 0.27117286875 0.591634340625 0.26844154531250003 0.6256559484374999 0.2798618390625 0.6757787093750001 0.297148084375 0.7246546203124999 0.30805511406249997 0.7939956484375 0.2861310984375 0.7413282296875 0.28387638593750003 0.7848031171875001 0.3244447625 0.9826500390625 0.3338713390625 0.9840008203125
42 0.2827031203125 0.5557424625 0.2691014203125 0.4917514984375 0.2629971625 0.48827170468750003 0.2675982796875 0.52073475625 0.2827031203125 0.5557424625
42 0.313279453125 0.7212257921874999 0.29337184375 0.6203568500000001 0.2872675859375 0.6168770578125 0.308879990625 0.722160928125 0.313279453125 0.7212257921874999
37 0.27927514375 0.37015669375 0.27511398593749997 0.37581846875 0.3241680953125 0.6138109046875 0.30732180625 0.6030598171875 0.307523459375 0.6364580015625 0.32917251875 0.713070325 0.3440757046875 0.714679846875 0.35239802187499997 0.7033562984375 0.3426458703125 0.6863200140625 0.27927514375 0.37015669375
34 0.3611792875 0.619263940625 0.349373353125 0.5845669 0.34319578906250003 0.6384302 0.35655918125 0.697694525 0.3710112765625 0.7211639375 0.37498023593749996 0.6968386453125001 0.383881578125 0.708364740625 0.369533571875 0.6610968859375 0.3611792875 0.619263940625
45 0.33421347031250004 0.40147482500000004 0.3281092109375 0.39799503281250004 0.38125117343750003 0.6876687875 0.39833576718749997 0.7031465156250001 0.378868115625 0.640402396875 0.33421347031250004 0.40147482500000004
17 0.5328676359375 0.4022452109375 0.554956653125 0.5169823578125 0.5593561171875 0.516047221875 0.5404383828125 0.405413290625 0.532189371875 0.35939374687500003 0.5091104796875 0.25442159062499997 0.5049493203125001 0.260083365625 0.52485693125 0.36095230625 0.5177627953124999 0.36723750312500003 0.492423240625 0.2458165265625 0.48505418593750005 0.24402841406250003 0.5420015703125001 0.5271205078125 0.5507350375 0.53532768125 0.5262501140625 0.4179836859375 0.5328676359375 0.4022452109375
36 0.580675175 0.468520084375 0.5687416171875 0.43761559375000003 0.558109546875 0.344329659375 0.548394046875 0.29862182812500004 0.5422897875 0.2951420359375 0.545864378125 0.366041621875 0.5667618640625001 0.4571455734375 0.5869810859375 0.5053980625000001 0.60287415 0.4972425953125 0.59339695625 0.4562614015625 0.580675175 0.468520084375
36 0.686995503125 0.2548293015625 0.6968760031250001 0.3626068640625 0.712897415625 0.4451926734375 0.7335932484375001 0.5028984390625 0.74702995 0.504819671875 0.7221729546875 0.45277568125 0.7042084453124999 0.36104830468750004 0.6984524515625 0.2762805140625 0.686995503125 0.2548293015625
51 0.7393308546874999 0.41091031562499997 0.745911725 0.4238433875 0.74356531875 0.3479054515625 0.7651777234375 0.45318931874999996 0.7715202890625 0.46139575156249996 0.752602553125 0.3507618203125 0.73238333125 0.30250933125 0.73108184375 0.36489077187499996 0.7393308546874999 0.41091031562499997
38 0.7939654734375 0.3897012890625 0.7851992937500001 0.4116916375 0.7745632234375 0.374757690625 0.7814557062499999 0.33507430781249997 0.7685689234375 0.2852632609375 0.75977913125 0.2996870390625 0.76263211875 0.3561073015625 0.7749117296875 0.4138783265625 0.7944144375 0.44998699531249997 0.8007874671874999 0.42179625 0.7939654734375 0.3897012890625
34 0.789814675 0.2950792140625 0.780777440625 0.2922228453125 0.79557066875 0.37984700625 0.8379888671875 0.456822003125 0.7980636875 0.3410987578125 0.789814675 0.2950792140625
46 0.8341393203124999 0.409867325 0.82715514375 0.33013788593750004 0.841270109375 0.37491058125 0.8579147421875 0.3522634859375 0.8774190484375 0.3863360578125 0.8713514421875 0.35418471875 0.8501423421875 0.3156972203125 0.8344875843749999 0.3285793265625 0.8237822093749999 0.292636484375 0.8237089031249999 0.3499795765625 0.8027747625 0.2875471703125 0.8282733671875 0.411114171875 0.8341393203124999 0.409867325