20 0 0.65928475625 0.02961056875 0.6452105875 0.0715525375 0.6699607796875 0.082440584375 0.6226501437499999 0.0592693578125 0.5954335125 0.0241976 0.5972409109375 0.12296785625 0.3290299390625 0.1169057609375 0.309652271875 0.0713898765625 0.4412333265625 0 0.62218016875 0 0.65928475625
38 0.1755033078125 0.624413890625 0.1736986375 0.6025245406249999 0.1541208953125 0.615509478125 0.13952805937499999 0.597578190625 0.190328865625 0.5133171875 0.1967044578125 0.45223435 0.1714329234375 0.4768965640625 0.1452245171875 0.5346802765625001 0.12260971093749999 0.63266543125 0.130412853125 0.659623715625 0.14769880468750002 0.6558876421875001 0.1755033078125 0.624413890625
55 0.22759292343749998 0.6479530609374999 0.32001025781250003 0.46905072812500004 0.23736799999999997 0.6016450234375 0.26002453281250004 0.46105821249999995 0.24675226874999998 0.471676278125 0.217589875 0.6454590203125 0.22759292343749998 0.6479530609374999
48 0.3008183453125 0.6383557875 0.337170515625 0.5777833453125 0.34348097499999997 0.5027570578125 0.3167571703125 0.5202763265625 0.29388910625000003 0.5809192890625 0.284179165625 0.6411707796874999 0.3008183453125 0.6383557875
57 0.3704488765625 0.5721533609375 0.3276647765625 0.6694985328125 0.3303558859375 0.698755421875 0.36327443125 0.6140588 0.36959088906250004 0.6906715765625 0.3775735203125 0.6714202125 0.38275680156249997 0.5796106890625 0.4073671 0.5464412656250001 0.42093043281250003 0.52481024375 0.4200407453125 0.49399113124999994 0.384291246875 0.5406878109375 0.38913309687500003 0.4775768046875 0.37718372499999997 0.4781706703125 0.3704488765625 0.5721533609375
42 0.4339317875 0.6158358515625 0.4699908546875 0.49251787968749994 0.43046716875 0.587117603125 0.4339317875 0.6158358515625
47 0.47073990468750004 0.6528675671874999 0.49019235625 0.5393363140625 0.46694961093750004 0.5544320625 0.49653538125 0.47128175156249996 0.4537424828125 0.578993578125 0.4737160125 0.5770099328125 0.47073990468750004 0.6528675671874999
5 0.606433390625 0.6567672390625 0.576742771875 0.699389853125 0.5614383859375 0.7134402718749999 0.553937184375 0.7544488031250001 0.5743536796875001 0.7380998109375 0.6133819234375 0.68351244375 0.6242541140625 0.6326246765625 0.6138869109375 0.6050270984375 0.6077930265625 0.5784951484375 0.61788996875 0.5452803171875 0.6554474265625 0.543924740625 0.663187725 0.4989056359375 0.61856984375 0.5061442046875 0.6000057062499999 0.555114140625 0.5916974953125 0.6066411828125 0.597807278125 0.63675044375 0.606433390625 0.6567672390625
0 0.70319991875 0.508881796875 0.6536080515625 0.587044028125 0.64062889375 0.660407621875 0.660602425 0.658423978125 0.68041311875 0.6215817046875001 0.70319991875 0.508881796875
0 0.73766975 0.6037305265625 0.7465464640625 0.5196893046875 0.7298747156250001 0.5155325703125 0.7127096749999999 0.558201821875 0.6890971218749999 0.6237791109375 0.6816118125 0.668364965625 0.6978662546875001 0.6759908328125 0.7182668203125 0.6560646765625 0.73766975 0.6037305265625
46 0.828697215625 0.6664520390625001 0.8363911249999999 0.655406996875 0.840849875 0.613307453125 0.8555863765625 0.560807090625 0.8580741312500001 0.5398217953125 0.8518728687499999 0.5382756468750001 0.842083021875 0.5423164328125 0.8313173109375 0.5590772859375 0.837862359375 0.5218190703125 0.8310962796875 0.5093292609375 0.8229144125 0.5267343390625 0.816828484375 0.5511436625 0.814206171875 0.5418476359375 0.8040938625 0.5279915546875 0.7861008703125 0.606138675 0.7733930296875 0.65050253125 0.782130078125 0.6418781984375 0.8040917828125 0.589018753125 0.81075216875 0.5777160078125 0.802159284375 0.6187846968749999 0.7986572015625 0.6438382453125 0.8099780953125 0.635858121875 0.8283512140625 0.588585625 0.8381218625000001 0.580218884375 0.8321031890624999 0.61976886875 0.828697215625 0.6664520390625001
40 0.8289183203125001 0.716199984375 0.8110811874999999 0.7679272734375 0.787980209375 0.7967364781249999 0.787071628125 0.824597284375 0.810201415625 0.802276846875 0.8315982765625 0.7384738328125 0.8603377265625 0.6385875249999999 0.8759230921875 0.606928309375 0.8871863421875 0.5859703515625 0.8932578453125 0.5562685593750001 0.8895587640624999 0.5390295859374999 0.8782570703125 0.5513356359375 0.8675201921875001 0.5745853609375 0.8568601843750001 0.6151387421875001 0.8405270328125001 0.675429796875 0.8289183203125001 0.716199984375