11 0.081331353125 0.8015550687499999 0.101296559375 0.7690247984374999 0.1085732828125 0.6322129734375 0.1014839921875 0.5486274171875001 0.0891885421875 0.48630393281249995 0.0758007234375 0.5237367328125 0.07047115625 0.387585578125 0.0603285546875 0.314654765625 0.038091715625 0.321067384375 0.0303765578125 0.40504507500000003 0.04599923125 0.7031434437499999 0.052583954687500004 0.755108846875 0.081331353125 0.8015550687499999
38 0.1262549046875 0.39254737500000003 0.113864528125 0.4753989359375 0.112188315625 0.6398911953125 0.1362174078125 0.7462052203125 0.15473365625 0.7032564 0.1379771390625 0.6936398453125 0.127591340625 0.6390839578125 0.1444468109375 0.518633753125 0.1262549046875 0.39254737500000003
57 0.2119743921875 0.5300406390625 0.2053896671875 0.4780752328125 0.1639792765625 0.5475018125 0.1687779625 0.614506675 0.1759221125 0.5543488421875 0.1842928734375 0.5912747890625 0.17245986093750001 0.7338805625 0.1926636359375 0.6282007359375 0.221124225 0.7537489546875 0.19712872812499999 0.590602090625 0.2119743921875 0.5300406390625
42 0.23574611875 0.738036796875 0.2175542125 0.61195041875 0.22547743437499998 0.73857495625 0.23574611875 0.738036796875
42 0.2309494921875 0.49915448281249997 0.2321781671875 0.42436081249999996 0.21376249062500002 0.3431237296875 0.213426834375 0.41039767187500004 0.2309494921875 0.49915448281249997
53 0.2909952078125 0.8098705953125 0.2810642390625 0.5712573609375 0.30003934062500004 0.54037120625 0.2779397046875 0.5116376875 0.2555085375 0.20642320781249998 0.2676710203125 0.5121758453125 0.24880780468750002 0.5206373531249999 0.24847215 0.5879112953125001 0.2594100828125 0.624702703125 0.25706668125 0.5799879484375 0.2707955546875 0.57179551875 0.28329369375 0.8102742140625001 0.2909952078125 0.8098705953125
48 0.3704676859375 0.6562470593749999 0.369352959375 0.536738634375 0.359196159375 0.51485214375 0.356293334375 0.5822606265625 0.3704676859375 0.6562470593749999
51 0.34033294375 0.5233136515625 0.32783274375000004 0.45671240781250005 0.30003934062500004 0.54037120625 0.31030596250000003 0.7117104984375 0.323255765625 0.5167357 0.3360895578125 0.687940453125 0.34970654843750004 0.702172671875 0.36019900312500003 0.65678521875 0.3422288046875 0.6577269968749999 0.34033294375 0.5233136515625
45 0.4187963953125 0.7433893953124999 0.396820953125 0.29177245625000003 0.385311659375 0.313365084375 0.41109488125000004 0.7437930140625 0.4187963953125 0.7433893953124999
15 0.5104334203125 0.723641046875 0.516906259375 0.7980310984375001 0.52717494375 0.7974929390625001 0.5301896546875 0.7076598093750001 0.514453034375 0.603863540625 0.520704165625 0.5512254359375001 0.5575375796875 0.54182215 0.513226421875 0.506779759375 0.5078703703125 0.380020684375 0.5151264062500001 0.29743820312499997 0.5441464218750001 0.3108631859375 0.5366686781250001 0.2664175109375 0.5058626265624999 0.2680319875 0.4942533828125 0.3657884640625 0.5104334203125 0.723641046875
2 0.6964984078125 0.6391605140625 0.70900066875 0.5338843062499999 0.707104809375 0.3994709609375 0.6912563046875 0.3180993390625 0.6792015828125 0.33367695625 0.68042819375 0.4307607359375 0.68879895625 0.46768668281250003 0.6941570687499999 0.42256830624999997 0.69895575625 0.4895731703125 0.6783044406250001 0.6849515859374999 0.7406976796875 0.6966275515625 0.6964984078125 0.6391605140625
5 0.7771975 0.5826207578125 0.7413689890625 0.5620796671875 0.7544306765625 0.34468022187499997 0.7415948203125 0.3453529203125 0.732105209375 0.5326734484375 0.74360050625 0.6292190703125 0.7760807109375001 0.6349897828125 0.759225240625 0.7554399875 0.7677078875000001 0.7699412859375 0.78456335625 0.64949108125 0.7771975 0.5826207578125
2 0.8475139593750001 0.7209212593750001 0.8707324453125 0.5254083031250001 0.8696177171875 0.4058998765625 0.8353514765625001 0.41516862187500003 0.840595640625 0.5643523453125 0.8574511109375 0.443902140625 0.86068753125 0.48109716718750006 0.8370215046875 0.7663087125 0.8865788890624999 0.7786573765625 0.89349926875 0.7633488390625 0.8475139593750001 0.7209212593750001
5 0.8954013140624999 0.3821298328125 0.8851305671875 0.5545454421875 0.8899292546875 0.6215503046874999 0.9113596421875 0.6129542578125 0.9124743703125 0.7324626859375 0.9234143640625 0.5973766406250001 0.8971852890625 0.5389678250000001 0.9228590609375 0.3657449765625 0.8954013140624999 0.3821298328125
0 0.951429475 0.6407459984375 0.95109588125 0.536142490625 0.9334613375 0.4698103265625 0.9305585125 0.5372188078125 0.951429475 0.6407459984375