22 0.15167862031249998 0.7084536515625001 0.1494808 0.6883442265624999 0.1603963359375 0.61067614375 0.178436403125 0.5538098875 0.18279525937500002 0.5049211328125 0.1636562828125 0.5517326765624999 0.129773971875 0.6855746125 0.12101946875 0.6942445171875 0.123180503125 0.6252463390624999 0.1143892140625 0.5448086421875 0.1160191875 0.515336909375 0.11109248125 0.51464450625 0.1044990125 0.45431623125 0.08096439062500001 0.46090892656250004 0.0705799140625 0.499050565625 0.070048853125 0.538577009375 0.045488893749999995 0.7133301999999999 0.037833303125 0.732054815625 0.026917765625 0.8097229 0.029115589062500002 0.8298323249999999 0.0182000515625 0.907500409375 0.0329801703125 0.90957761875 0.043895707812500004 0.831909534375 0.0515513 0.81318491875 0.059737953125 0.7549338546875 0.06739354374999999 0.7362092375 0.0930524140625 0.571510759375 0.0979791203125 0.5722031640624999 0.10347367656249999 0.6224767250000001 0.10028730625 0.8596353984375 0.1035840390625 0.889799534375 0.1172652484375 0.8818220312499999 0.1309096703125 0.7847369265624999 0.15167862031249998 0.7084536515625001
38 0.17525003125 0.7909685578125 0.1774478546875 0.811077984375 0.1719900859375 0.8499120250000001 0.17748464218749999 0.9001855859375001 0.2010192640625 0.893592890625 0.1900669390625 0.8821533734375 0.1845723828125 0.8318798125000001 0.1927590359375 0.7736287484375 0.2064402453125 0.765651246875 0.243619290625 0.661973446875 0.25233700468750003 0.5641959390625 0.249040271875 0.534031803125 0.23918685625 0.5326469953124999 0.2200478796875 0.5794585390625 0.2173189953125 0.5988755593749999 0.1916233375 0.674466434375 0.17525003125 0.7909685578125
35 0.3327207125 0.36758745625 0.3277940046875 0.3668950515625 0.313581734375 0.41439899843749994 0.313050671875 0.45392544375000005 0.25301521562499996 0.88109990625 0.263967540625 0.892539425 0.276549840625 0.8745072109375001 0.280945484375 0.914726059375 0.28969998750000003 0.9060561546875 0.3110367875 0.8793540359375 0.34821583125 0.7756762359375 0.3623913140625 0.6390646859375 0.35909458125 0.6089005484375 0.33938775468750004 0.606130934375 0.3125931859375 0.671667096875 0.3098643015625 0.6910841171875 0.3011098 0.699754021875 0.3327575 0.45669505781249997 0.33055967656249996 0.436585634375 0.3360174453125 0.39775159375 0.3327207125 0.36758745625
54 0.3909262203125 0.8113796015625001 0.37121939375 0.8086099875 0.3662558984375 0.7188099796875 0.3771714359375 0.641141896875 0.36731802187499996 0.6397570890625001 0.35094471562499996 0.756259215625 0.3531425390625 0.7763686390625 0.3476847703125 0.8152026812500001 0.3531793265625 0.8654762421875001 0.3865673625 0.8602683546875 0.3953218640625 0.85159845 0.422116434375 0.7860622875 0.427574203125 0.747228246875 0.43522979375000004 0.728503628125 0.45706086875 0.5731674609375 0.45376413437499996 0.543003325 0.440082925 0.5509808265625 0.43462515625 0.58981486875 0.426969565625 0.6085394859375 0.426438503125 0.64806593125 0.41006519687500004 0.7645680578125 0.3909262203125 0.8113796015625001
45 0.4445889328125 0.858522484375 0.46319684843750003 0.8512373859375 0.47195135156249995 0.8425674796875 0.46755570625000004 0.8023486312499999 0.462629 0.8016562281249999 0.45933226562499996 0.7714920921874999 0.49480776249999997 0.5190708203125001 0.502463353125 0.5003462015625 0.53248108125 0.28675897031250003 0.5291843468749999 0.256594834375 0.524257640625 0.25590243125 0.512774253125 0.28398935625 0.4390943765625 0.8082489234375 0.4445889328125 0.858522484375
42 0.498251646875 0.90566536875 0.5070061484374999 0.8969954625 0.5097350328125 0.8775784421875 0.5053393875000001 0.8373595921874999 0.518983809375 0.7402744875 0.5501372359375 0.6258495734375 0.5506682984375 0.5863231265625 0.5446426796875 0.5755760125 0.5255037031249999 0.62238755625 0.49927698125 0.7375048734375 0.47138350156250003 0.7929863234375001 0.47195135156249995 0.8425674796875 0.49218924062499997 0.80581065 0.498251646875 0.90566536875
42 0.5524731046875 0.5224566453125 0.572499371875 0.4309869609375 0.56480699375 0.3606039734375 0.5533236078125 0.3886909 0.5451369546875 0.44694196249999996 0.5446058921875 0.4864684078125 0.5524731046875 0.5224566453125
59 0.6365097734375 0.3508806015625 0.61903755625 0.45732801562500003 0.6310887921874999 0.47882224687499997 0.6147154859375 0.595324371875 0.53217074375 0.860931034375 0.5376653 0.9112045953125 0.605540284375 0.9108435328125 0.6071702578125 0.8813717999999999 0.572683309375 0.876524975 0.5704854874999999 0.85641555 0.5546064562499999 0.8442836265624999 0.5838935234375 0.7624803984375 0.6052963765625 0.79047703125 0.61914791875 0.724650825 0.6109244781250001 0.693794284375 0.631693428125 0.6175110078125 0.6562533875 0.4427578203125 0.65128989375 0.3529578125 0.6365097734375 0.3508806015625
34 0.6249938671875 0.7147094390625 0.6115955750000001 0.752094290625 0.6141701546875 0.791724159375 0.6355948 0.7863639046875 0.6339648265625 0.8158356375 0.6394593828125 0.8661091984375 0.6432871796875 0.856746890625 0.6552648390625 0.700025915625 0.6436199140625 0.6851988015625 0.6249938671875 0.7147094390625
53 0.693490515625 1 0.7231766109375 0.78877245625 0.7499711812500001 0.72323629375 0.7587256828125 0.7145663890625 0.7417477406249999 0.6923797546875 0.7908676578125 0.3428733765625 0.7875709234375 0.312709240625 0.7777175093750001 0.311324434375 0.7575164078125 0.43718886718750005 0.74986081875 0.4559134859375 0.719843090625 0.669500715625 0.7220409125 0.6896101406249999 0.702901934375 0.736421684375 0.681565134375 0.7631238031249999 0.6706495968749999 0.8407918875 0.681601921875 0.8522314062499999 0.6969131046875 0.8147821703125 0.701839809375 0.8154745734375 0.678176153125 1 0.693490515625 1
42 0.7631213265625 0.7547852390625 0.7685790953125 0.7159511953125001 0.7652823625 0.6857870593750001 0.7412166765625 0.7319062 0.747242296875 0.7426533156249999 0.7478101453125 0.7922344734375 0.7287079546874999 0.92815361875 0.7320046890625 0.9583177578125 0.7407591906250001 0.9496478515625 0.7653191500000001 0.7748946625 0.7631213265625 0.7547852390625
42 0.796094690625 0.6566502390625 0.8113553781249999 0.5802590750000001 0.821994890625 0.5496260234375 0.8347137453125001 0.47773905625 0.82486033125 0.47635425 0.8063117671875 0.5260030062500001 0.7893480484375 0.6396679187500001 0.796094690625 0.6566502390625
47 0.9163300921875001 1 0.913724990625 0.934355528125 0.92191164375 0.876104465625 0.9197138218750001 0.855995040625 0.9360871281250001 0.7394929140625 0.9311236328125 0.6496929078125 0.914145690625 0.6275062734375 0.8731388515624999 0.7405463812499999 0.8638164984375001 0.6996351296875 0.8452085828125 0.706920228125 0.8561609062500001 0.718359746875 0.8616554624999999 0.7686333078125 0.8452821578125 0.8851354328125 0.8485788921875 0.9152995703125001 0.8535055968749999 0.9159919734375 0.8677178703124999 0.8684880265625001 0.875904521875 0.8102369640625 0.8862889968750001 0.772095325 0.9016001812500001 0.7346460890625 0.904329065625 0.7152290703124999 0.9130835671875 0.7065591640625 0.9158492390624999 0.776249746875 0.8967470484375 0.9121688921875 0.895684925 0.9912217828125 0.8966443249999999 1 0.9163300921875001 1