20 0.0515463921875 0.7770270265625 0.078712765625 0.754694715625 0.12539649218749999 0.7685630406249999 0.1245156390625 0.720023675 0.0954483984375 0.699221121875 0.0618556703125 0.709459459375 0.0928059203125 0.42532081093749996 0.0822360140625 0.407985296875 0.06990448437499999 0.546669121875 0.041237114062500003 0.7635135140625 0.0515463921875 0.7770270265625
38 0.1800076421875 0.7442934328125 0.19587628906250001 0.7364864859375 0.215240690625 0.699221121875 0.20819411406250002 0.6784185671875 0.1923392546875 0.6957540812499999 0.1738419171875 0.68188575625 0.202749140625 0.5878378375 0.19415807499999999 0.5270270265625 0.17560354218750002 0.5570704046875 0.1641527828125 0.61947808125 0.16591448749999999 0.720023675 0.1800076421875 0.7442934328125
55 0.2474226796875 0.533783784375 0.261168384375 0.709459459375 0.2714776625 0.709459459375 0.31786941562500004 0.5135135140625 0.26975945 0.6621621625 0.257731959375 0.5202702703125001 0.2474226796875 0.533783784375
48 0.31958762812499997 0.6283783781250001 0.32474226875 0.6891891890624999 0.34020618593749996 0.6824324328125 0.3608247421875 0.614864865625 0.3487972515625 0.540540540625 0.327105553125 0.5640044859375 0.31958762812499997 0.6283783781250001
57 0.38700165625 0.505064 0.3755509 0.508531040625 0.3917525765625 0.6013513515625 0.373789275 0.706155365625 0.3834783296875 0.7338921625 0.3949290859375 0.643747675 0.41959222656249995 0.7165566343750001 0.4226804125 0.6959459453125 0.40549899375000004 0.6056096078125 0.42135385156250005 0.5674716890625 0.42928127812500005 0.5432019328125001 0.42096220000000006 0.5135135140625 0.3975715640625 0.5674716890625 0.38700165625 0.505064
42 0.469072165625 0.5 0.453608246875 0.6013513515625 0.463917525 0.6283783781250001 0.469072165625 0.5
47 0.4742268046875 0.5878378375 0.49312714843750005 0.58108108125 0.508591065625 0.6554054046875 0.5 0.540540540625 0.48109965624999995 0.5608108109375001 0.489690721875 0.4729729734375 0.4742268046875 0.5878378375
5 0.614772525 0.5812898515625 0.6279849109375 0.6090266484375 0.6411972921875 0.6263620140625 0.6226999546875 0.674901365625 0.6112492781250001 0.6922368921875 0.6138917562499999 0.733842 0.629746615625 0.7130394453125 0.6544096734375 0.6506317703125 0.6526480484375 0.598625365625 0.6359123375 0.5743556078125 0.6235808078125 0.5500860140625 0.6253424328125 0.515415134375 0.6614563296875 0.5050138515625 0.6580756015625 0.459459459375 0.6165342296875 0.4772770546875 0.6103684265625 0.5292834453124999 0.614772525 0.5812898515625
0 0.694158075 0.614864865625 0.7044673546875 0.574324325 0.6993127140625 0.459459459375 0.6701030921875 0.547297296875 0.67525773125 0.6216216218749999 0.694158075 0.614864865625
0 0.7345648171875 0.6228949734375 0.749538825 0.598625365625 0.7557046281249999 0.5431517703125001 0.7439862546875 0.459459459375 0.7268041234375 0.459459459375 0.720471584375 0.5050138515625 0.7134250062499999 0.5743556078125 0.7169483375000001 0.6194279328125 0.7345648171875 0.6228949734375
46 0.847484903125 0.49603695937500003 0.8512130171875001 0.5358681890625 0.859201896875 0.5819886484375 0.8639952265625 0.569410365625 0.8581367312499999 0.5274826890625001 0.8597345078125 0.4729767296875 0.8570715640625 0.45201294531249997 0.8506804578124999 0.45201294531249997 0.8421589656249999 0.45830208125 0.835767859375 0.47716952656249995 0.8331049140625 0.4394346484375 0.8235182578125 0.42895270312499995 0.819790096875 0.4478201484375 0.819790096875 0.4729767296875 0.814996765625 0.4645912296875 0.8018327453125 0.453593121875 0.803279721875 0.5337718375 0.8016819453125 0.579892203125 0.8080730515625 0.569410365625 0.8165945421874999 0.5128080546875 0.8203227046875 0.50022975625 0.82192048125 0.5421573375000001 0.8245834265624999 0.56731391875 0.833637475 0.5568320671875 0.84002858125 0.5065189046875 0.847484903125 0.49603695937500003
40 0.8741144953125 0.5253863375 0.872852234375 0.5878378375 0.87145155 0.630205378125 0.8666582203125 0.6847113375 0.8512130171875001 0.71825341875 0.8570715640625 0.7455064453125 0.8741144953125 0.71825341875 0.8794404328125 0.65116925625 0.8831615125000001 0.547297296875 0.89062486875 0.5128080546875 0.8964833640625001 0.4897478109375 0.895189003125 0.459459459375 0.8874293156249999 0.4436274453125 0.8794404328125 0.45830208125 0.8746471031249999 0.48345867499999995 0.8741144953125 0.5253863375