27 0.10898664843750001 0.5979256093750001 0.12229400937499998 0.6543831875 0.130990415625 0.7109375 0.11341852968749999 0.78125 0.0798722046875 0.7265625 0.0910543125 0.8125 0.11821086249999999 0.8203125 0.1405750796875 0.7265625 0.139150021875 0.6413545 0.12318119218750001 0.58055409375 0.11874535156249999 0.511067640625 0.13116560625 0.46763875 0.148908728125 0.419866828125 0.1421725234375 0.375 0.121406825 0.441581375 0.10862619843750002 0.4921875 0.10898664843750001 0.5979256093750001
48 0.1789137375 0.7890625 0.1980830671875 0.7109375 0.1869009578125 0.546875 0.1565495203125 0.6484375 0.159744409375 0.7734375 0.1789137375 0.7890625
45 0.22875288125 0.72821246875 0.24028595468749997 0.70215509375 0.23052716874999998 0.6630690312499999 0.2460063890625 0.4140625 0.23801916875 0.375 0.220447284375 0.6484375 0.22875288125 0.72821246875
42 0.2539936109375 0.578125 0.242094840625 0.6413545 0.230561846875 0.67609771875 0.22967466406249998 0.719526609375 0.24475630937499998 0.7064979218749999 0.2545150953125 0.76729853125 0.2704839265625 0.762955703125 0.25362791093750003 0.671754890625 0.2642737984375 0.6066114687499999 0.2539936109375 0.578125
42 0.279552715625 0.421875 0.27669397500000004 0.485010265625 0.285565571875 0.47632460937500004 0.279552715625 0.421875
55 0.3003194890625 0.7421875 0.337060703125 0.53125 0.2987220453125 0.703125 0.29073482500000003 0.6015625 0.2875399359375 0.6953125 0.3003194890625 0.7421875
48 0.3610223640625 0.6953125 0.37699680468749996 0.6015625 0.3626198078125 0.53125 0.34185303437500003 0.6328125 0.3466453671875 0.703125 0.3610223640625 0.6953125
5 0.49840255625 0.6796875 0.514376996875 0.6796875 0.5399361015624999 0.5859375 0.514376996875 0.4921875 0.51381114375 0.445924203125 0.5439745171875 0.42855268750000003 0.538651575 0.393809453125 0.505826728125 0.406838140625 0.50316525625 0.49369612500000004 0.5067139140625 0.5501536875 0.5303514375 0.5859375 0.49840255625 0.6796875
0 0.5495207671875 0.5703125 0.5575079875 0.640625 0.571884984375 0.6328125 0.5910543125000001 0.5546875 0.5862619812500001 0.40625 0.5638977640625 0.40625 0.5495207671875 0.5703125
0 0.6344645625 0.385123796875 0.6238186734375 0.398152484375 0.6134185296875 0.4453125 0.600638978125 0.5859375 0.6158342593749999 0.615297125 0.6309159078125 0.571868234375 0.6397875046875 0.4806674375 0.6344645625 0.385123796875
2 0.73482428125 0.5546875 0.7060702875 0.5703125 0.7252396171875 0.4296875 0.70447284375 0.390625 0.693290734375 0.4765625 0.70766773125 0.421875 0.7156549515624999 0.4609375 0.693290734375 0.6015625 0.7124600640625001 0.6015625 0.73482428125 0.5546875
0 0.747742559375 0.652223640625 0.758388446875 0.660909296875 0.7672686328125 0.639194953125 0.7663728625 0.604451734375 0.7672600453125 0.5306224375 0.76198083125 0.453125 0.7441939843750001 0.45679335937500004 0.73798385625 0.513250921875 0.73798385625 0.6087945625 0.747742559375 0.652223640625