13 0.1559720734375 0.5488629078125 0.1753226671875 0.4476813921875 0.17258350625000002 0.364039115625 0.1302180125 0.3391655640625 0.1091243171875 0.3871201765625 0.1317121 0.384788625 0.119724759375 0.48012372656249996 0.09656803281250001 0.5804265265625 0.0775373671875 0.5760329515625 0.0835846328125 0.6453462562500001 0.10997854843749999 0.6438934187500001 0.1559720734375 0.5488629078125
42 0.111415021875 0.6422698390625 0.12377407656249999 0.6485947921874999 0.1555329875 0.6107951171875 0.1529792203125 0.6657523703125 0.1729125546875 0.6113357140625 0.2034288234375 0.45521207500000005 0.19281918125 0.4492908703125 0.1629149109375 0.5708392078125 0.111415021875 0.6422698390625
42 0.2283041140625 0.4192948296875 0.2415110828125 0.3181934859375 0.23198754687499998 0.332475496875 0.21172060781250002 0.44323956718749996 0.2283041140625 0.4192948296875
47 0.24551814843750003 0.54824949375 0.225690225 0.686010653125 0.2455098734375 0.6280961265625 0.26232917968749997 0.5313005468750001 0.2664047625 0.4697512171875 0.2576230203125 0.43995029687500004 0.22513831562500003 0.5088275296875 0.22225173593749997 0.473444365625 0.20809984374999999 0.51878071875 0.21011181093750003 0.5539619609375 0.18793074375000002 0.6460480703125 0.195951559375 0.6791449421875 0.22410641406249998 0.5571928703125 0.24655005624999998 0.4998841546875 0.24551814843750003 0.54824949375
48 0.2739273078125 0.5409214359375001 0.24319320625000002 0.6746484453125 0.2603707703125 0.7113757421875 0.2928906484375 0.6702799749999999 0.319409878125 0.5514219140625001 0.319706709375 0.47346872187500005 0.2994146296875 0.4704287296875 0.2739273078125 0.5409214359375001
55 0.33824115 0.4898075921875 0.3167691703125 0.7105096750000001 0.32878705625000004 0.70634080625 0.40281758125 0.4734711015625 0.3940708921875 0.47145177031249996 0.33660343125000003 0.64338941875 0.349611753125 0.492432703125 0.33824115 0.4898075921875
48 0.430582596875 0.5141591437499999 0.4153580640625 0.510644284375 0.380533925 0.600707096875 0.3606853015625 0.686680925 0.373099759375 0.7197324453125 0.3944655890625 0.697202171875 0.4162832109375 0.6542385921875 0.43471695 0.5467975296875001 0.430582596875 0.5141591437499999
2 0.7297508140625 0.7676466296875 0.749185840625 0.751303465625 0.7421366125 0.8815999453125001 0.7611168265625 0.851264946875 0.767291240625 0.7207666828125 0.803160909375 0.6491991406250001 0.8225256249999999 0.57729291875 0.824432221875 0.5291295171875 0.8109710625 0.5156067234374999 0.7881861703124999 0.562421615625 0.7854049546875 0.6103831109375 0.805487265625 0.5872459812499999 0.7829879703125 0.6634355203125 0.7489817875 0.663130928125 0.7288841515625 0.7415009140625 0.7297508140625 0.7676466296875
0 0.8746644046875 0.5789150640625 0.8553754124999999 0.5669521703125 0.8333627859374999 0.5902099140625 0.8065809265624999 0.67429043125 0.7935884125 0.75643906875 0.7949309921875 0.7965813234375 0.8215907265625001 0.7888495453125 0.8567985874999999 0.725754165625 0.876647209375 0.6397803359374999 0.8746644046875 0.5789150640625
5 0.5641413281250001 0.6669224140625001 0.559269559375 0.7039862125 0.5688123484375 0.7304910578125 0.5980609453125 0.6955834546874999 0.6122100125000001 0.639101028125 0.6093697109375 0.5627987562500001 0.6304051421875 0.5155799546875001 0.6501027484375 0.5340141859374999 0.6588928875 0.483968334375 0.625513340625 0.46860620781250006 0.5911872296875 0.57387670625 0.59417540625 0.6651228265625 0.5763080359375 0.6940330234375 0.5684794890625 0.6401504640625 0.5641413281250001 0.6669224140625001
0 0.6206534078125 0.6695542156250001 0.6203824703125 0.7146234484375 0.6420217015625 0.7126760109375 0.660852925 0.6510615109375 0.67854693125 0.5544678578125 0.6678788328125 0.4934797609375 0.6427207453125 0.573970075 0.6206534078125 0.6695542156250001
0 0.6712001015625 0.6222052109375 0.659377696875 0.69526866875 0.6822144953125 0.7005409593749999 0.7151607765625 0.6392977484375 0.7343261984375 0.5616448187499999 0.7230059875 0.5334869203125 0.7006410468750001 0.56651195 0.6712001015625 0.6222052109375