20 0.0989869015625 0.7062511781249999 0.0655779734375 0.71707423125 0.09156460625 0.43243870156249997 0.08069376406249999 0.41529029843750004 0.07078447812500001 0.5541682156250001 0.04590593125 0.7714798953125 0.05644948281249999 0.784811428125 0.083221965625 0.7620084 0.1301406171875 0.7750598703125 0.1284127703125 0.7265432703125 0.0989869015625 0.7062511781249999
38 0.1958024921875 0.7010936875 0.1770659375 0.687550296875 0.2043273953125 0.5930122015625 0.19467634218750002 0.5323605875 0.17664896562500002 0.5627232109375 0.1662891140625 0.6253212265625 0.1698053125 0.7258207609375 0.1843198875 0.7498408624999999 0.2000498671875 0.7417581578125 0.2187609484375 0.7041605140625 0.21135239062500003 0.6834841078125 0.1958024921875 0.7010936875
55 0.2726246375 0.666155715625 0.2581226234375 0.5244953437500001 0.24805075625 0.5381867203125 0.26486033125 0.71359574375 0.2751680390625 0.713415821875 0.3181329984375 0.5166900734375 0.2726246375 0.666155715625
48 0.3495278109375 0.5431732171875 0.32824891875 0.5670121625 0.3218556171875 0.63150745625 0.32807076875 0.69221904375 0.3434144078125 0.685193434375 0.3628506078125 0.6172763140625 0.3495278109375 0.5431732171875
57 0.3875780578125 0.7358901234374999 0.39745383125 0.645559521875 0.4233839078125 0.7179269609375 0.4261119171875 0.6972655140625 0.40735652812499995 0.6072427921875 0.4225433734375 0.568833978125 0.4300460265625 0.5444295640625 0.42121008125000003 0.51489085625 0.3987647078125 0.5692490359375 0.3871072453125 0.507035321875 0.375718740625 0.510701678125 0.3935378875 0.60322509375 0.3774064046875 0.7083266484374999 0.3875780578125 0.7358901234374999
42 0.4553841375 0.6021455625 0.46616353281249995 0.6289885515625 0.4690768765625 0.500539765625 0.4553841375 0.6021455625
47 0.48216382968750005 0.56113140625 0.48922060468749995 0.4731570109375 0.4757637109375 0.5882742640624999 0.4945432546875 0.5811886796875 0.5113019546875 0.6552318015624999 0.5007075296875 0.540534365625 0.48216382968750005 0.56113140625
5 0.61458733125 0.6902660453125 0.6179555156250001 0.7318187 0.63344490625 0.7107426078125 0.65701504375 0.6479140078125 0.65434605 0.59594626875 0.637189321875 0.5719722859374999 0.6244361078125 0.547921603125 0.6255923734375 0.513225259375 0.6615192421875 0.5021952859375001 0.6573439953125 0.456706834375 0.6161199109375 0.4752467125 0.6108626828125 0.527352790625 0.6161737484375001 0.5792744140625 0.6298681953124999 0.6067763984375001 0.6433811078125 0.6238785359375 0.6257337171875 0.6727333171875001 0.61458733125 0.6902660453125
0 0.677353628125 0.6185444296875 0.696133171875 0.6114588453125 0.7057333515625 0.5707445578125 0.698574828125 0.45598714687499997 0.6709026359375 0.544321384375 0.677353628125 0.6185444296875
0 0.72606205 0.45550735624999994 0.720525509375 0.501165328125 0.714690184375 0.570619503125 0.7189996 0.6156234734375 0.7366739046874999 0.6187825359375 0.75122206875 0.5942552921875001 0.7564187859375 0.5386825375 0.7432415640625 0.4552074859375 0.72606205 0.45550735624999994
46 0.858561825 0.5212281562500001 0.859208096875 0.46670261249999995 0.8561796906250001 0.44578849531250003 0.8497895578125 0.44590003593749994 0.8413791234374999 0.452336934375 0.8353182734375 0.47131304687500003 0.8319971687500001 0.43363039062500003 0.8222290375 0.42331735156250005 0.8188307265624999 0.4422469890625 0.8192697703125 0.4673997390625 0.814330821875 0.45909917031249997 0.8009768625 0.44833248281250004 0.80382293125 0.5284737328125 0.803030309375 0.5746149593750001 0.8092375078125 0.564023178125 0.8167698546875 0.5072807671875 0.8202779281250001 0.49463931875 0.8226071984375001 0.5365326296874999 0.82570878125 0.5616389046875 0.8345785171875001 0.551000634375 0.8400905640625 0.5005835953125 0.8473628156249999 0.48997311562499996 0.8517855125 0.5297332140625 0.8605780875000001 0.5757072234375 0.8651511656249999 0.5630472015625 0.858561825 0.5212281562500001
40 0.8549685734375 0.712090665625 0.861301859375 0.7392372953125 0.8778665625000001 0.7116909796875001 0.882020909375 0.644524084375 0.8839286062499999 0.540603003125 0.8907889062500001 0.505988759375 0.896244053125 0.4828297828125 0.894421284375 0.45256863437500006 0.886386471875 0.4368744578125 0.8786549125 0.4516862828125 0.8743013562499999 0.4769227015625 0.87450056875 0.5188532734375 0.874328428125 0.581317290625 0.8736673734375 0.6237028234374999 0.8698260343750001 0.6782841375 0.8549685734375 0.712090665625