28 0 0.6773623859375 0.007192474999999999 0.6895258296875 0.091314434375 0.41012169531250003 0.122697846875 0.3799032828125 0.0139341359375 0.388581921875 0.013035248437499999 0.4287077765625 0.07117148749999999 0.428114753125 0 0.6709299453125 0 0.6773623859375
10 0.0824837953125 0.6514568093750001 0.09203616406250001 0.6716297046874999 0.137311321875 0.46187988437499994 0.1428407921875 0.3619102265625 0.0904609265625 0.497176040625 0.050760620312500004 0.65388469375 0.0545376953125 0.6810952359375 0.0970708078125 0.5447944875 0.1078618296875 0.55263205625 0.0824837953125 0.6514568093750001
11 0.1857369515625 0.6010373921875 0.1927055171875 0.534735934375 0.164380796875 0.5455909921875 0.1940425109375 0.4485443078125 0.18848696250000002 0.383569053125 0.1528316421875 0.4871404328125 0.11919305468750001 0.6342636781250001 0.1178447234375 0.694452459375 0.1497229578125 0.6910996093749999 0.1712266421875 0.6572066609375 0.1857369515625 0.6010373921875
28 0.264601725 0.7031738546875 0.2529571984375 0.782390628125 0.26280395 0.7834255640625 0.32772723125000003 0.528817121875 0.37223964375 0.499978621875 0.27611011093750004 0.4831716140625 0.31365395937499996 0.5206345734375 0.264601725 0.7031738546875
17 0.396661253125 0.4734176328125 0.357807690625 0.6057159796875 0.3335289859375 0.7104184015625 0.3391946 0.7512342125 0.3596930515625 0.6483970109375 0.392044878125 0.6267561328125 0.3614203625 0.7666293468750001 0.363957440625 0.8098235671875 0.402172496875 0.631398 0.41997841406249997 0.554568840625 0.4448934859375 0.4606005125 0.4341315953125 0.445160259375 0.39589481875 0.5985425249999999 0.37203025625 0.6067661421875 0.413023053125 0.46082819375 0.396661253125 0.4734176328125
32 0.49979796875 0.5334957078125 0.45910801093750003 0.6364732375 0.44071745937499995 0.5272860953125 0.4304212640625 0.5463140875 0.44741810312499997 0.668761521875 0.411898934375 0.7856893 0.414282296875 0.8261601328125 0.456815409375 0.6898593828124999 0.48491657187500004 0.6592959921875 0.49979796875 0.5334957078125
26 0.5291429796875 0.8128371578125 0.499530046875 0.74127259375 0.55146046875 0.62606970625 0.5569899390625 0.5261000499999999 0.5134671749999999 0.6086696734375 0.45778987187500003 0.826801425 0.47008055468750004 0.832024765625 0.4845578890625 0.7732158984375 0.5222961875000001 0.8443132109375 0.5291429796875 0.8128371578125
23 0.5435930156250001 0.732497021875 0.544133221875 0.806291071875 0.55820649375 0.8144736218749999 0.5778348890625 0.7535635421875 0.5889695984375 0.6223739265625 0.5790668046875 0.5686407531250001 0.5583459640624999 0.619155253125 0.5435930156250001 0.732497021875
31 0.583565609375 0.8573593031250001 0.622816471875 0.7207135765625 0.6404817953124999 0.788766425 0.6537156234375 0.7722708265625 0.63252030625 0.6877653953125 0.66768756875 0.5779551703125 0.66240105625 0.55496865625 0.627992596875 0.6550938359375 0.6146501375 0.5463725828125 0.6062690765625 0.578203215625 0.618095128125 0.6867004 0.5797885328125 0.8301487625 0.583565609375 0.8573593031250001
5 0.76470530625 0.6336898468750001 0.7647930281249999 0.5907715046875001 0.7170574671875001 0.723915315625 0.7339635437500001 0.7525057703125 0.712022821875 0.8507505343749999 0.6993432625 0.82930769375 0.7134619140625 0.88441873125 0.750683265625 0.7502668578125 0.7362561453125 0.6991196234375 0.76470530625 0.6336898468750001
5 0.775911071875 0.49548247968750003 0.7450224859375 0.55256645625 0.744123596875 0.5926923093750001 0.7768677796875 0.5348039171875001 0.8265385421874999 0.4873968640625 0.8069358 0.5791839734375 0.8593156656250001 0.443918159375 0.775911071875 0.49548247968750003
0 0.8060369125 0.6193098265625 0.758333009375 0.7416603265624999 0.7499707328125 0.821222078125 0.7668768109374999 0.8498125328125001 0.7902566281250001 0.7852359640625 0.8060369125 0.6193098265625