28 0.0049504953125 0.44000000000000006 0.008250825 0.48 0.0660066 0.4733333328125 0.0198019796875 0.7266666671875 0.0297029703125 0.74 0.08415841562500001 0.4533333328125 0.11221122187499999 0.42000000000000004 0.0049504953125 0.44000000000000006
10 0.10396039531250001 0.5866666671874999 0.1155115515625 0.5933333328125 0.100602540625 0.6942694406250001 0.11221122187499999 0.7133333328125 0.13531353125 0.5 0.1303630359375 0.4 0.092409240625 0.54 0.06930693125000001 0.7 0.075907590625 0.7266666671875 0.10396039531250001 0.5866666671874999
11 0.17161716093749999 0.7266666671875 0.1894602671875 0.690711640625 0.19801980156250001 0.6333333328124999 0.19801980156250001 0.5666666671875 0.17098491093749998 0.5804229999999999 0.19033999375 0.480807453125 0.178023115625 0.41676885312499995 0.1533892765625 0.5234998531249999 0.13531353125 0.6733333328125 0.1402640265625 0.7333333328125 0.17161716093749999 0.7266666671875
28 0.27557755781250004 0.5066666671875 0.3168316828125 0.54 0.2871287125 0.7266666671875 0.2838283828125 0.8066666671875 0.2937293734375 0.8066666671875 0.33168316875000003 0.5466666671875 0.37293729375 0.5133333328125 0.27557755781250004 0.5066666671875
17 0.38389138906250003 0.619557746875 0.40940495312499997 0.470134346875 0.3944487390625 0.48436509375 0.3696369640625 0.62 0.35643564375 0.7266666671875 0.36633663437499997 0.7666666671875 0.3759733796875 0.6622501468750001 0.405885890625 0.6373461328125 0.390049871875 0.779654240625 0.3970880765625 0.822346640625 0.41644323749999995 0.640903946875 0.42612077812500004 0.562634440625 0.441076996875 0.466576546875 0.428760115625 0.45234579999999996 0.4067656171875 0.608884653125 0.38389138906250003 0.619557746875
32 0.47689768906249996 0.6933333328125 0.501650165625 0.6599999999999999 0.5033003296875 0.5333333328125 0.47359735937499997 0.64 0.44389438906249995 0.5333333328125 0.43564356406250004 0.5533333328125 0.46534653437499995 0.6733333328125 0.44224422499999994 0.7933333328125001 0.448844884375 0.8333333328125001 0.47689768906249996 0.6933333328125
26 0.5132013203125 0.7733333328125 0.558164578125 0.8400964406250001 0.56168371875 0.8080771328124999 0.524752475 0.74 0.5643564359375 0.62 0.559405940625 0.52 0.524752475 0.6066666671875 0.4921811546875 0.8294233328124999 0.5049504953125 0.8333333328125001 0.5132013203125 0.7733333328125
23 0.58580858125 0.5599999999999999 0.5704814546875 0.6124036937499999 0.567656765625 0.7266666671875 0.575907590625 0.8 0.5907590765624999 0.8066666671875 0.603913109375 0.7440385328125 0.6012737718750001 0.6124036937499999 0.58580858125 0.5599999999999999
31 0.636963696875 0.6733333328125 0.6138613859375 0.82 0.620462046875 0.8466666671875 0.6452145218750001 0.7066666671874999 0.66989653125 0.7725001859375 0.6813336046875 0.754711640625 0.6514211750000001 0.672884653125 0.6749174921875001 0.5599999999999999 0.6672571953124999 0.5376920000000001 0.6435031609374999 0.640865346875 0.6188693265625 0.5341343468749999 0.6138613859375 0.5666666671875 0.636963696875 0.6733333328125
5 0.7754700062500001 0.7226923328125 0.755775578125 0.6733333328125 0.7772296171875 0.605288240625 0.7728306703125 0.562595840625 0.739273928125 0.7 0.7590759078125 0.7266666671875 0.747524753125 0.8266666671875 0.7326732671875 0.8066666671875 0.752475246875 0.86 0.7754700062500001 0.7226923328125
5 0.813531353125 0.5466666671875 0.8514851484375001 0.4066666671875 0.7739273921875001 0.46666666718750005 0.7491749171875 0.5266666671875 0.752475246875 0.5666666671875 0.77898906875 0.50567269375 0.8234323437500001 0.4533333328125 0.813531353125 0.5466666671875
0 0.8019801984375 0.82 0.8184818484375 0.7533333328125 0.8168316828125001 0.5866666671874999 0.7821782171875 0.7133333328125 0.7821782171875 0.7933333328125001 0.8019801984375 0.82