13 0.09422094375 0.614894440625 0.0740740734375 0.6544117640625 0.0802469140625 0.7426470593750001 0.0987654328125 0.7720588234375 0.116578478125 0.7471138828125 0.13088731250000002 0.7087275734375 0.14072458593749998 0.614894440625 0.1514561875 0.4954702359375 0.1460903890625 0.37178114687499997 0.1112126765625 0.354720440625 0.0879608984375 0.36325079374999997 0.067901234375 0.43382352968750004 0.07561728437500001 0.4852941171875 0.08487654375 0.4264705875 0.12373285468749999 0.4186976171875 0.09422094375 0.614894440625
14 0.1604938265625 0.6397058828125 0.1604938265625 0.71323529375 0.178285196875 0.7471138828125 0.201536975 0.721523 0.21584580937500003 0.6618109125 0.17023649375 0.6959321328125 0.1720250671875 0.6362200296875 0.20833333281250002 0.58823529375 0.2077971046875 0.5381218234375 0.1827566703125 0.542386896875 0.1979598296875 0.4698793671875 0.23462611406249997 0.4400234125 0.2274717375 0.3845765875 0.19135802500000001 0.419117646875 0.1604938265625 0.6397058828125
15 0.22839506250000002 0.7720588234375 0.25154320937499997 0.5735294125 0.2932098765625 0.5220588234375 0.255194990625 0.5082656765625 0.262349446875 0.46134920625 0.30885300937500004 0.422962896875 0.3009259265625 0.367647059375 0.2469135796875 0.419117646875 0.2444633890625 0.4912051625 0.2253086421875 0.5514705875 0.23765432031249997 0.580882353125 0.219135803125 0.7573529406249999 0.22839506250000002 0.7720588234375
26 0.3079587625 0.759909309375 0.316007465625 0.6959321328125 0.35088517656249996 0.764174396875 0.35802469062500003 0.7279411765625 0.3195846109375 0.6490154703125001 0.3518518515625 0.5220588234375 0.35648148125 0.41176470624999995 0.34413580312500003 0.41176470624999995 0.3070644359375 0.6276898671875 0.3040123453125 0.6764705875 0.2936499328125 0.7556442359375 0.3079587625 0.759909309375
23 0.3981481484375 0.6838235296875 0.4197530859375 0.5661764703125 0.40586419687499997 0.44117647031249996 0.3811728390625 0.4705882359375 0.36419753125 0.580882353125 0.375 0.6764705875 0.3981481484375 0.6838235296875
20 0.5127534687499999 0.6697628375 0.511859221875 0.6143160140624999 0.44753086406250003 0.6397058828125 0.47067901250000005 0.382352940625 0.45820120624999994 0.40958894062500006 0.43047787031249996 0.6953537203125 0.5127534687499999 0.6697628375
4 0.671296296875 0.4705882359375 0.6496913578125 0.5588235296875 0.6296296296875 0.53676470625 0.655864196875 0.3235294125 0.6203703703125 0.49264705937500003 0.6203703703125 0.5661764703125 0.6388888890625 0.6102941171875 0.6111111109375 0.8161764703125 0.6234567906249999 0.8161764703125 0.6790123453125 0.5073529406249999 0.671296296875 0.4705882359375
0 0.70987654375 0.7426470593750001 0.7253086421875 0.6544117640625 0.7175925921874999 0.4705882359375 0.70216049375 0.4852941171875 0.6790123453125 0.6544117640625 0.683641975 0.7352941171875 0.70987654375 0.7426470593750001
0 0.8055555562500001 0.669117646875 0.8086419749999999 0.5220588234375 0.8240740734375 0.49264705937500003 0.8163580250000001 0.4705882359375 0.79012345625 0.5514705875 0.79012345625 0.6397058828125 0.8055555562500001 0.669117646875
0 0.8611111109375 0.6838235296875 0.8734567906249999 0.625 0.8703703703125001 0.49264705937500003 0.8456790125 0.4779411765625 0.8549382718749999 0.5073529406249999 0.8456790125 0.6544117640625 0.8611111109375 0.6838235296875
0 0.9382716046875 0.6397058828125 0.9444444437499999 0.5073529406249999 0.9058641968750001 0.4264705875 0.8981481484374999 0.6102941171875 0.9382716046875 0.6397058828125