24 0.1164718875 0.53390504375 0.08012820468750001 0.8014705875000001 0.0929487171875 0.830882353125 0.10576923125 0.6985294125 0.150641025 0.5661764703125 0.158653846875 0.382352940625 0.12660256406249998 0.3970588234375 0.1049019328125 0.4562437359375 0.095111871875 0.5420797796875 0.0968919265625 0.632003396875 0.1066819078125 0.4971181765625 0.12359194843750002 0.47668095624999995 0.1164718875 0.53390504375
26 0.1378205125 0.7279411765625 0.171474359375 0.6323529406249999 0.20192307656250003 0.7720588234375 0.1794871796875 0.625 0.20192307656250003 0.46323529375000005 0.197115384375 0.367647059375 0.1378205125 0.7279411765625
23 0.224358975 0.7279411765625 0.24038461562500002 0.6397058828125 0.22916666718749998 0.44117647031249996 0.1955128203125 0.6102941171875 0.2003205125 0.7205882359375 0.224358975 0.7279411765625
20 0.29892206718750003 0.6892272937499999 0.30248210000000003 0.6442656906249999 0.266025640625 0.669117646875 0.2916666671875 0.4779411765625 0.29006410312500003 0.3970588234375 0.275641025 0.419117646875 0.2820512828125 0.4779411765625 0.249972 0.693314853125 0.26599201250000004 0.7341891031250001 0.29892206718750003 0.6892272937499999
10 0.3145547921875 0.6993831765625 0.34125481406249997 0.5849349859374999 0.35282476875 0.5685853234375 0.3510447953125 0.7075579125 0.3643948078125 0.7320825 0.3669871796875 0.367647059375 0.3044871796875 0.6838235296875 0.3145547921875 0.6993831765625
26 0.3990384609375 0.6176470593750001 0.418684878125 0.7157328374999999 0.42948717968750005 0.6985294125 0.40384615312500005 0.580882353125 0.43269230781249995 0.43382352968750004 0.427884615625 0.367647059375 0.41506410312500003 0.367647059375 0.3937648296875 0.445962396875 0.3804148203125 0.5277110734375 0.3697348109375 0.7320825 0.3804148203125 0.7075579125 0.3857548234375 0.5931099125 0.3990384609375 0.6176470593750001
28 0.5304487171875001 0.3970588234375 0.4487179484375 0.4485294125 0.490384615625 0.46323529375000005 0.4605148875 0.6789459703125 0.46794871718750003 0.7573529406249999 0.475644871875 0.6421590875 0.49358974375000003 0.5073529406249999 0.5304487171875001 0.3970588234375
2 0.6746794875 0.382352940625 0.6634615390625 0.5073529406249999 0.6522435890625 0.5588235296875 0.6298076921875 0.5294117640625 0.6185897437500001 0.5955882359375 0.615384615625 0.71323529375 0.625 0.7426470593750001 0.6490384609375 0.6323529406249999 0.677884615625 0.6764705875 0.6746794875 0.6323529406249999 0.6602564109375 0.580882353125 0.6923076921875 0.330882353125 0.661858975 0.3529411765625 0.6322850578125 0.4500497640625 0.641185009375 0.4950115734375 0.661858975 0.4705882359375 0.6746794875 0.382352940625
0 0.727564103125 0.6397058828125 0.73076923125 0.5514705875 0.709935896875 0.3970588234375 0.6858974359375 0.5514705875 0.7003205125 0.6470588234375 0.727564103125 0.6397058828125
46 0.788925240625 0.36012635312499996 0.7711251734375 0.46231205937500003 0.758665109375 0.5399733671875 0.7657851703125 0.6094595734375 0.7773551249999999 0.6012848375 0.7871451859375 0.5399733671875 0.8058352015624999 0.6094595734375 0.8254151640625 0.58902254375 0.8254151640625 0.5277110734375 0.8102852593750001 0.5481481031250001 0.79960525 0.5113612359374999 0.8022752531249999 0.40917551406249997 0.7711251734375 0.53179845625 0.7960451374999999 0.388738309375 0.788925240625 0.36012635312499996
40 0.7916666671875 0.7573529406249999 0.7852564109375 0.9044117640625 0.7948717953125 0.919117646875 0.8798076921875 0.382352940625 0.8573717953125 0.5 0.8445512828125 0.41176470624999995 0.826305271875 0.44187502968750003 0.8218552140625001 0.5031865 0.826305271875 0.5726726906249999 0.849358975 0.5661764703125 0.7996794875 0.8529411765624999 0.8044871796875 0.7279411765625 0.7916666671875 0.7573529406249999