24 0.0816490546875 0.816474903125 0.099080809375 0.68465001875 0.1485443203125 0.5539437046875 0.16296760937500002 0.37051179843750004 0.1304226234375 0.38409015 0.10666968750000001 0.4424816671875 0.09388995624999999 0.5279237546875 0.0925306375 0.6178547156249999 0.10702208124999998 0.483393328125 0.12463506875000001 0.463558709375 0.115522253125 0.5204994515625 0.06986280781250001 0.786633625 0.0816490546875 0.816474903125
26 0.192609940625 0.7614903578125001 0.175319990625 0.6137381171875 0.2033877265625 0.45285495468750003 0.20191894375000002 0.35715716406250003 0.130086109375 0.7151624390625 0.16705543750000001 0.6208069359375 0.192609940625 0.7614903578125001
23 0.2313845625 0.43176035625000003 0.191849096875 0.5996004796875 0.19280465 0.709995196875 0.21657185625 0.7181825875000001 0.23566710156249998 0.63056033125 0.2313845625 0.43176035625000003
20 0.26026604999999997 0.6608490375 0.2925634203125 0.4706838859375 0.2937845859375 0.389794875 0.2786004515625 0.41133690312500004 0.28295389375 0.4703483140625 0.24337771875 0.6844712390625001 0.25796148125 0.7258796796875 0.29244062187500003 0.682094503125 0.29756762187499997 0.6372845328125 0.26026604999999997 0.6608490375
10 0.35052083125 0.5634072015625 0.34389186875 0.7022330125 0.35637785312500003 0.72720856875 0.3716872578125 0.3630856046875 0.2981909328125 0.67688825 0.3077093875 0.6927897734374999 0.3383873296875 0.57934311875 0.35052083125 0.5634072015625
26 0.4226015578125 0.6959476125 0.40108197343749996 0.5774773609375 0.4350428359375 0.43151483749999997 0.432547596875 0.3652108953125 0.4197348953125 0.364763465625 0.3957154296875 0.4422877609375 0.379520565625 0.5235207296875 0.361714603125 0.7273949328125 0.3732440015625 0.7032580109375 0.3825749296875 0.58906609375 0.394994140625 0.614051884375 0.41120544531250003 0.7127635625 0.4226015578125 0.6959476125
28 0.4916735421875 0.4629221171875 0.4542938171875 0.67745895 0.45898675312500004 0.7560775937499999 0.47069842812499996 0.64122250625 0.493337034375 0.507124746875 0.5340227640624999 0.3981841765625 0.4505454859375 0.4467710484375 0.4916735421875 0.4629221171875
2 0.650097934375 0.5641009203125 0.6287021609375001 0.5339240703125 0.6151815203125001 0.5996687281249999 0.607872521875 0.7171322609375 0.61645559375 0.7468616828125 0.6443286203125 0.6374736828125 0.67161751875 0.6825711703125 0.6699540265625 0.6383685406249999 0.657336034375 0.58642595 0.6980926640625 0.3376968171875 0.666892653125 0.3586795578125 0.6339477109375 0.45469687499999994 0.641273096875 0.4999418984375 0.66278683125 0.47625495000000007 0.6786789 0.388520834375 0.6631053484375 0.5130531875 0.650097934375 0.5641009203125
0 0.7134006046875 0.40444818906249996 0.6839878953125 0.557926959375 0.695066203125 0.653960325 0.7225498124999999 0.64756265 0.7288323546875 0.5594929625 0.7134006046875 0.40444818906249996
46 0.7571124874999999 0.5489762984375 0.7618031765625 0.6186686625 0.7736513781250001 0.6109026921875 0.7855752140625001 0.5499702390625 0.8018288109375 0.6200663875 0.8221100874999999 0.6003251390625 0.824249828125 0.53905101875 0.8084158968749999 0.558947571875 0.7990262375 0.5218103875 0.80526084375 0.41978009531250005 0.7698502609375 0.5412412171875001 0.799747771875 0.3991379140625 0.7936307546875 0.37029490625 0.7722753015625 0.47179715 0.7571124874999999 0.5489762984375
40 0.780065171875 0.929153209375 0.8836821468749999 0.39567970468749997 0.85715409375 0.5124720953125 0.847420759375 0.42384312343749997 0.8281350281250001 0.453298328125 0.8215479406249999 0.51441714375 0.8235702546875 0.584016309375 0.8468366296875001 0.578328609375 0.7871794609375 0.8631848375000001 0.7963466625 0.7384287703125 0.782507503125 0.7673751875 0.7709688734375 0.9141207124999999 0.780065171875 0.929153209375