28 0.08112344218749999 0.5642822187500001 0.0044482109375000006 0.57195066875 0.05564638281249999 0.6027073921875 0.0567291671875 0.82452945625 0.0807510171875 0.8238219203125 0.06414437656250001 0.7293915906249999 0.0683465015625 0.6061591046875 0.09024483125 0.6128145859374999 0.08112344218749999 0.5642822187500001
34 0.1543982328125 0.7524479671875001 0.16067058750000002 0.7211456703125 0.1251470484375 0.6521348765625 0.1057631078125 0.66513338125 0.0915342890625 0.6866875234375 0.0894488625 0.7603693171875 0.1056012921875 0.8166386734375 0.12259458281249999 0.8022667828125 0.13903533437499999 0.7562350703125 0.1543982328125 0.7524479671875001
35 0.1658112203125 0.678353309375 0.1659614234375 0.79095333125 0.1883568125 0.8092834984374999 0.1992175515625 0.6824923625 0.17091485 0.74628716875 0.1777153484375 0.6324007703125 0.17565933281249999 0.5499719328125 0.1658112203125 0.678353309375
22 0.4503251078125 0.4628866109375 0.43577819531250006 0.659372946875 0.3910918421875 0.5335513890625 0.38241713125 0.69195475625 0.3926613921875 0.7170962546874999 0.401777934375 0.5840054875 0.44297589843749996 0.697227778125 0.4601275375 0.462715509375 0.4503251078125 0.4628866109375
38 0.5178837953125 0.5883089296875 0.5115466234375 0.50612853125 0.48749787031249997 0.493277865625 0.47480920624999995 0.546281815625 0.4735609328125 0.63075554375 0.48827872968749997 0.6711167031249999 0.535988509375 0.6892741578125 0.4858717859375 0.6268481687499999 0.4865113984375 0.569866303125 0.5178837953125 0.5883089296875
48 0.5866985765625 0.5048167484375 0.5577331234375 0.5306426546874999 0.551663140625 0.6510200890625 0.58782629375 0.663049015625 0.5984892515625 0.6185523453124999 0.5866985765625 0.5048167484375
35 0.6359361078125 0.729967421875 0.650207621875 0.7156430421875 0.6681559578125 0.651990803125 0.664920221875 0.5857424 0.629640734375 0.6243386734375 0.6439898671875001 0.5101468031249999 0.630896825 0.4154241734375 0.6200592234375 0.637166075 0.632268596875 0.6812635046875 0.6541778375 0.6311218046875 0.6547304609375 0.6627816265625001 0.636536515625 0.71236273125 0.6175443359375 0.71621318125 0.626201378125 0.7442126124999999 0.6359361078125 0.729967421875
42 0.692560175 0.48397869375 0.6962463484375 0.4142834921875 0.682094996875 0.44618089687499995 0.692560175 0.48397869375
42 0.6930482812500001 0.6991928265625 0.7021879578125 0.661052825 0.692141478125 0.553616859375 0.6930482812500001 0.6991928265625
48 0.7597945125 0.6503912453125 0.766653815625 0.60928694375 0.7652109953124999 0.5447317609375 0.76161900625 0.5080935796875 0.7449293546875 0.4747091125 0.7302466078125 0.48965095156249994 0.7161546609375 0.542069115625 0.7147835812500001 0.6195074328125 0.7273768359375 0.66503235625 0.7437084781250001 0.6647472859375 0.7597945125 0.6503912453125
47 0.840968371875 0.7472514953125 0.8507707999999999 0.74708039375 0.8548756703124999 0.6077470265625 0.8387360703125 0.52573773125 0.813479928125 0.5768192015625 0.7995263578125 0.5264221390625 0.788421565625 0.54560620625 0.8056426125 0.5959462375 0.8013236125000001 0.713005303125 0.8102124828124999 0.702293653125 0.8175662875 0.60363791875 0.8363522609375 0.5764199640625 0.8490034671875 0.6458299953125 0.840968371875 0.7472514953125