13 0.07607606875 0.7352844015625 0.0940784609375 0.765014878125 0.11232414375 0.7403846171875 0.12730073125000002 0.702253878125 0.1387741203125 0.608606721875 0.151588328125 0.489387996875 0.14838201875 0.3656241015625 0.11380736875 0.34795729375 0.09041025625 0.356080546875 0.069121984375 0.4262924453125 0.0759385734375 0.47788985781250004 0.086223034375 0.4192368828125 0.125209084375 0.4121432328125 0.0922775609375 0.6077951203125 0.0714440875 0.6469548140625 0.07607606875 0.7352844015625
14 0.17402146406250002 0.7414615484375 0.1977163234375 0.7162803624999999 0.213065096875 0.65682709375 0.16686723125 0.690147125 0.1696976515625 0.63047533125 0.2068378375 0.5831315703125 0.207176290625 0.5330163734375 0.182065234375 0.53684378125 0.198531509375 0.4646126265625 0.23571326718750002 0.435401134375 0.22952766093750002 0.37983789375 0.19281662500000002 0.4137434203125 0.15810733125 0.6337594046875 0.156824065625 0.7072776171874999 0.17402146406250002 0.7414615484375
15 0.2928563921875 0.518446478125 0.2550880203125 0.50399198125 0.2630601921875 0.45720751875000004 0.3102266046875 0.4196386546875 0.3032661234375 0.3641928953125 0.2483637171875 0.4147129984375 0.2446558 0.48674677343750006 0.22445219375 0.5466687234375 0.23628268437500002 0.5762914703125 0.2146871515625 0.7524119890625001 0.2236883484375 0.767277228125 0.2502977859375 0.5691820453124999 0.2928563921875 0.518446478125
26 0.34629740781249996 0.76153175 0.3540681921875 0.7254286484375 0.3170114109375 0.6458440921874999 0.3514894359375 0.5194699218750001 0.3580432578125 0.4092734015625 0.34569946093750004 0.4090579390625 0.304865325 0.6243032296875 0.30096235937500004 0.6730232546875 0.289219753125 0.7520039953125 0.30345196875 0.7565181421875 0.3126160015625 0.6926911796875 0.34629740781249996 0.76153175
23 0.40690514687499996 0.43954253281250005 0.38170424375 0.4685188953125 0.3628066234375 0.5784999546875 0.3719392015625 0.674262159375 0.3949554984375 0.682017971875 0.41861036875 0.5647658890625 0.40690514687499996 0.43954253281250005
20 0.4451006515625 0.6387688921875 0.472736703125 0.3818591375 0.4597854625 0.40887322187499997 0.427079065625 0.6941106390625 0.5097887562500001 0.6699595609375 0.5098623265625 0.614505575 0.4451006515625 0.6387688921875
4 0.628968253125 0.53902145625 0.6589202937499999 0.3262764953125 0.6204803640625001 0.49474893125 0.6191970984374999 0.56826714375 0.6369428375 0.6127012640625 0.6055761484375 0.818067471875 0.6179199468750001 0.8182829328125001 0.6788567546875 0.5104760171875 0.6717835140624999 0.4735822484375 0.648641946875 0.5614270453125 0.628968253125 0.53902145625
0 0.7180727578125 0.47439022968750005 0.70238635625 0.48882454375 0.6762902234375 0.6575124421874999 0.67950755625 0.738463275 0.705609803125 0.746272953125 0.7225794703124999 0.658320425 0.7180727578125 0.47439022968750005
0 0.8241530421875 0.4983040515625 0.8168231484374999 0.47611392500000005 0.7891809828125 0.5565260999999999 0.787641065625 0.6447479578124999 0.8025575093749999 0.67442456875 0.8082099875000001 0.527442009375 0.8241530421875 0.4983040515625
0 0.8704422875000001 0.49911203281249994 0.8460113437500001 0.4839774671875 0.8547558859375 0.5135463484375 0.8429315078125 0.6604211765625 0.8578479484375 0.690097790625 0.8712183609374999 0.63149868125 0.8704422875000001 0.49911203281249994
0 0.9070856468749999 0.43356509374999996 0.8961626109375 0.6172259625 0.93576665 0.6473334984375 0.9442484265625 0.5151084453125 0.9070856468749999 0.43356509374999996