13 0.0844341046875 0.571849575 0.060266915624999993 0.6090444984375 0.057182840624999995 0.69744166875 0.072525546875 0.7286280234375 0.09284846718749999 0.7056817046875 0.111091378125 0.6690013593749999 0.1306829953125 0.5767105296875 0.15383903593749998 0.4590623015625 0.16143166250000002 0.335489915625 0.12852834375 0.31487695625 0.10451227656249999 0.32093010624999996 0.077185640625 0.38901943125 0.07947928125 0.4410146046875 0.09483654999999999 0.383481171875 0.1342924984375 0.37981237343749996 0.0844341046875 0.571849575
14 0.14775043593749998 0.6034525015625001 0.14006451875 0.676579109375 0.15421715 0.7121318125 0.180016528125 0.6891115921875001 0.20048858906249997 0.6312222937499999 0.1515624875 0.6603891234375 0.159582878125 0.6011910859375 0.2007080140625 0.5572644625 0.2054130078125 0.50736946875 0.18006392499999999 0.5089937390625 0.20276290156250001 0.43847257656250005 0.24234912031250003 0.41261284531250003 0.24102970781250002 0.356721928125 0.20150330625 0.3872988578125 0.14775043593749998 0.6034525015625001
15 0.2014450515625 0.742178009375 0.245218365625 0.5471558046875 0.2920369203125 0.5003225296875 0.25567205937500004 0.4826313046875 0.26769142968750004 0.4367196921875 0.317952703125 0.4034046125 0.315851125 0.3475631953125 0.256754521875 0.39310599375 0.24678255624999998 0.4645424921875 0.2214332890625 0.5224755609375 0.23063696875 0.5530166796875 0.1937736984375 0.7265848312500001 0.2014450515625 0.742178009375
26 0.28184286406250003 0.7384117234375001 0.2965349109375 0.6756263390624999 0.3240883 0.7471404781250001 0.3349761046875 0.7118520296875 0.30499658749999997 0.6293406046875 0.3503576484375 0.506452284375 0.366490790625 0.3972462984375 0.35421274375 0.3959558234375 0.29477413124999996 0.6068231109375 0.2866397875 0.655017575 0.268058240625 0.732674334375 0.28184286406250003 0.7384117234375001
23 0.3794913125 0.6721701078125 0.4132753625 0.5574258624999999 0.412528615625 0.43165884062500004 0.38489815312500003 0.4583285359375 0.3564869640625 0.5662440484375 0.3572385640625 0.6624378046875 0.3794913125 0.6721701078125
20 0.4949385546875 0.670165959375 0.49984497812499995 0.6149294046875 0.4332150546875 0.6334560406249999 0.4831371015625 0.3799325453125 0.4678807140625 0.40571505781250006 0.4104386953125 0.6870165109374999 0.4949385546875 0.670165959375
4 0.673432284375 0.48865469531250005 0.6427226 0.5741482953125 0.625076546875 0.5501132906249999 0.67345655625 0.34078838125 0.6204795609375 0.50526946875 0.61279364375 0.578396078125 0.6265991671875 0.6242077562499999 0.5774529921875 0.8260586968749999 0.589731040625 0.827349171875 0.6772631046875001 0.5260245453125 0.673432284375 0.48865469531250005
0 0.68336329375 0.7632558859375 0.707933953125 0.6771170468750001 0.7194749640625 0.4934939765625 0.7025902203125 0.506506203125 0.661891271875 0.672277765625 0.6580410328124999 0.7532009640624999 0.68336329375 0.7632558859375
0 0.7862040828125 0.7001304546875 0.8046454265625 0.5541998546875 0.823067353125 0.5265623046875 0.8176993484375 0.503817775 0.7831539875 0.5815147859375001 0.7739308890625 0.66926671875 0.7862040828125 0.7001304546875
0 0.839918115625 0.7205629140625 0.858344896875 0.6633521015625 0.869110034375 0.5314015859375 0.846091121875 0.5141953125 0.852225290625 0.5444138125 0.827644921875 0.6896991765625 0.839918115625 0.7205629140625
0 0.921267465625 0.6847524171875 0.9412411390625 0.5537697546875 0.9113267468749999 0.46929774999999996 0.8844381765625 0.651307728125 0.921267465625 0.6847524171875