28 0.0665595125 0.5986095437500001 0.088338353125 0.605646190625 0.080065359375 0.556962025 0.0032679734374999997 0.5632911390625 0.05392156875 0.594936709375 0.05113285937499999 0.8167438859375 0.0751633984375 0.8164556968750001 0.0602073234375 0.7217499234375 0.0665595125 0.5986095437500001
34 0.11737678124999999 0.7956341140625 0.1346183921875 0.7498963421875 0.1500450453125 0.7463779359375 0.1568627453125 0.7151898734375 0.12254902031249999 0.6455696203125 0.10294117656249999 0.6582278484375 0.088338353125 0.6795303796875001 0.08496732031250001 0.75316455625 0.1001352546875 0.809707240625 0.11737678124999999 0.7956341140625
35 0.175453721875 0.6267559625 0.1748366015625 0.544303796875 0.162749425 0.6724937468750001 0.1609344640625 0.785079240625 0.1830065359375 0.80379746875 0.19607843125 0.677215190625 0.1666666671875 0.7405063296875001 0.175453721875 0.6267559625
22 0.439542484375 0.69620253125 0.4607843140625 0.46202531718750006 0.4509803921875 0.46202531718750006 0.43300653593750005 0.6582278484375 0.3905228765625 0.5316455703125 0.3790849671875 0.6898734171875 0.3888888890625 0.7151898734375 0.40032679687500006 0.58227848125 0.439542484375 0.69620253125
38 0.48366013125 0.626582278125 0.4852941171875 0.569620253125 0.51633986875 0.5886075953125001 0.5114379078125 0.5063291140625 0.48761709218749993 0.49306069687500004 0.4740053140625 0.5458351265625 0.47128296093750005 0.630274203125 0.4852941171875 0.6708860765625 0.5326797390625 0.6898734171875 0.48366013125 0.626582278125
48 0.5849673203125 0.6645569625000001 0.596405228125 0.6202531640625 0.5866013078125001 0.5063291140625 0.5571895421875 0.5316455703125 0.5490196078125 0.651898734375 0.5849673203125 0.6645569625000001
35 0.61375299375 0.7182316828124999 0.6219200593750001 0.7463779359375 0.63190191875 0.732304809375 0.6464212546875 0.7182316828124999 0.6654777421875 0.6549023796875 0.6633986921874999 0.5886075953125001 0.6274509796875 0.626582278125 0.64379085 0.5126582281250001 0.6323529406249999 0.41772151874999996 0.6176470593750001 0.63924050625 0.6290849671875 0.6835443031249999 0.6518659640625 0.6337926078125 0.6518659640625 0.665457253125 0.6328094796875 0.714713278125 0.61375299375 0.7182316828124999
42 0.69771241875 0.41772151874999996 0.6830065359375 0.4493670890625 0.6928104578125 0.487341771875 0.69771241875 0.41772151874999996
42 0.6993464046875 0.6645569625000001 0.6911764703125 0.556962025 0.689542484375 0.7025316453125 0.6993464046875 0.6645569625000001
48 0.7244619937500001 0.66897549375 0.7407961234375 0.66897549375 0.7571302546875 0.6549023796875 0.7647058828125 0.6139240499999999 0.7643899249999999 0.54935351875 0.7614379078125 0.5126582281250001 0.7453334375 0.47898757031250006 0.73039215625 0.49367088593749997 0.7153875328125 0.5458351265625 0.7126651765625 0.623237721875 0.7244619937500001 0.66897549375
47 0.8349673203125001 0.58227848125 0.846405228125 0.651898734375 0.8366013078125001 0.75316455625 0.846405228125 0.75316455625 0.8529411765624999 0.6139240499999999 0.83823529375 0.5316455703125 0.812091503125 0.58227848125 0.7990196078125 0.5316455703125 0.7875816999999999 0.5506329109375 0.8039215687500001 0.6012658234375 0.7975602640624999 0.7182316828124999 0.806634725 0.707676796875 0.8157091890625001 0.6091644296875 0.8349673203125001 0.58227848125