28 0.007710948437499999 0.6515600234375001 0.0949163265625 0.34215929218749996 0.148308828125 0.3194916203125 0.052794784375 0.269249275 0.084213546875 0.339291490625 0.005846221875 0.6264109390625 0.007710948437499999 0.6515600234375001
34 0.053765939062500004 0.565302690625 0.036211228125 0.6468719359375 0.0640541828125 0.6345195875 0.0650462125 0.6817650015625001 0.0818858828125 0.6392975765625 0.0882053125 0.5783516 0.11450181875000001 0.4836083140625 0.0908614828125 0.46431996406250003 0.053765939062500004 0.565302690625
35 0.1347263578125 0.5253723859375 0.167970325 0.3961461140625 0.16900715 0.3651043109375 0.10379317187499999 0.6033568812500001 0.094175834375 0.6817404421875 0.11618167812499999 0.6641470890625001 0.15096940625 0.5716793890625 0.162312221875 0.4885892546875 0.1347263578125 0.5253723859375
30 0.26871509374999997 0.35175438125 0.21759029531250001 0.7940700406250001 0.2327121 0.7857972 0.490880365625 0.16478905625 0.46156911562499997 0.19390928125 0.24142875937500002 0.7265092390625 0.2883773203125 0.36934757500000004 0.26871509374999997 0.35175438125
38 0.31056068593749997 0.6927409875 0.35089017031249997 0.5626083890625 0.335865078125 0.550752609375 0.3017945875 0.6564112 0.286338078125 0.7254003421874999 0.294900784375 0.7511845359375 0.318015096875 0.726058009375 0.3224485375 0.695926328125 0.31056068593749997 0.6927409875
51 0.315020725 0.7644054765625 0.3544295859375 0.610536371875 0.3808902796875 0.5913318109375 0.3280882765625 0.7835668984375 0.347216115625 0.7495423812500001 0.40472874374999995 0.523771009375 0.3576199953125 0.5604471249999999 0.3087461828125 0.7470642109375001 0.315020725 0.7644054765625
53 0.3926468171875 0.6437808328125 0.42014315625 0.643804278125 0.41922260937500005 0.62006779375 0.407647228125 0.5985013140625 0.44582313593749995 0.43927693124999995 0.43171868281250003 0.45115729218749995 0.39622466093750003 0.5904157109375 0.38134252968750004 0.62557749375 0.37664985 0.6634699015625001 0.3436319 0.7799016375 0.34905729375 0.7970153468750001 0.3926468171875 0.6437808328125
42 0.4348376328125 0.6399114640625 0.38497991875 0.79881096875 0.3915136984375 0.8083915062499999 0.44137139843749995 0.6494923671875 0.4348376328125 0.6399114640625
42 0.48207646875 0.4568208 0.48226422343750003 0.425551465625 0.4523835125 0.5506536421875 0.46309150312499997 0.5378632031249999 0.48207646875 0.4568208
47 0.46339003281249996 0.749009434375 0.496756125 0.5977285375 0.48250515937499994 0.5978745187500001 0.4589438765625 0.66203071875 0.45226715000000006 0.60543225 0.4315840390625 0.686019290625 0.442363428125 0.69673778125 0.42142100156250006 0.7850855265625001 0.429653090625 0.7951211265625 0.4729176609375 0.6652893390625 0.46339003281249996 0.749009434375
34 0.4696737875 0.763017878125 0.47517534375 0.7916587703125 0.49189865 0.8039699562499999 0.49906724062499996 0.7432511671875 0.5228162765625 0.6478256328125 0.5173194078125001 0.60720296875 0.4872284984375 0.6814486328125 0.4696737875 0.763017878125
13 0.6514608468749999 0.491284946875 0.6333379546875 0.671299678125 0.5847286640625 0.7938467390625 0.639257525 0.574288090625 0.6312304390625 0.572137240625 0.5696068578125 0.802119578125 0.573336309375 0.8524177484375001 0.6140399109375 0.7647265140624999 0.65717641875 0.6037388765625 0.6514608468749999 0.491284946875
31 0.5510376531250001 1 0.6355668640625 0.80746879375 0.6446477078124999 0.8592008640625 0.6603376921875 0.7524825359375 0.7487182234375 0.529669696875 0.6717300453124999 0.6939115234375001 0.685433909375 0.525037434375 0.6469592171875 0.748897784375 0.54176765625 1 0.5510376531250001 1
0 0.84865129375 0.5687713999999999 0.8185290765625 0.6223237578124999 0.7921363125 0.7261742859375 0.80644715 0.7423335796874999 0.836447971875 0.65177454375 0.84865129375 0.5687713999999999
2 0.7986889390624999 0.573018946875 0.77682596875 0.63763020625 0.7791855140624999 0.6695824328125 0.7486356203125 0.77614189375 0.7620140953125001 0.7797266453125 0.7912039484375 0.71359974375 0.767244090625 0.74415386875 0.8024749078125 0.61802205625 0.7986889390624999 0.573018946875
2 0.8627308781249999 0.7076279828125001 0.8636515109375 0.7313644671875 0.8316703140625 0.8167543546875 0.8649740749999999 0.794358453125 0.8626367390624999 0.757389534375 0.8951918640625 0.6305407734374999 0.8769517718750001 0.6409690343750001 0.8627308781249999 0.7076279828125001
0 0.8920693828124999 0.7652759875 0.9185835421874999 0.6984321359375001 0.9200840843750001 0.6125611906249999 0.879501878125 0.737259103125 0.8920693828124999 0.7652759875