12 0.059701492187500003 0.6987179484375 0.06865671718750001 0.6730769234375 0.029850746875 0.647435896875 0.0402985078125 0.5512820515625 0.0582089546875 0.525641025 0.0656716421875 0.5705128203125 0.0656716421875 0.49358974375000003 0.052238806250000006 0.474358975 0.020895521875 0.634615384375 0.0343283578125 0.7051282046875 0.059701492187500003 0.6987179484375
34 0.067574003125 0.6555569359375 0.07105533750000001 0.691903653125 0.07851540312500001 0.691903653125 0.0864728203125 0.6812134234375 0.0904515078125 0.6576950390625 0.10238761249999999 0.676937396875 0.10338231875 0.6470047953125 0.0914462125 0.6320385515625 0.0850746265625 0.5897435890625 0.07752074375 0.5892776921875 0.069563321875 0.6213483078125 0.067574003125 0.6555569359375
49 0.1417910453125 0.5897435890625 0.120895521875 0.5897435890625 0.11641791093750001 0.5705128203125 0.11641791093750001 0.5576923078125 0.1119402984375 0.5512820515625 0.1074626859375 0.5833333328125 0.1074626859375 0.6217948718749999 0.10447761250000001 0.634615384375 0.1104477609375 0.6602564109375 0.1104477609375 0.7628205125 0.1134328359375 0.775641025 0.1134328359375 0.98076923125 0.11940298437500001 0.98076923125 0.122388059375 0.9679487171875 0.122388059375 0.9294871796875 0.125373134375 0.9166666671874999 0.125373134375 0.7628205125 0.11940298437500001 0.7115384609375 0.11940298437500001 0.6730769234375 0.14477611875000002 0.6666666671875 0.15223880625 0.647435896875 0.15223880625 0.6217948718749999 0.1417910453125 0.5897435890625
13 0.229850746875 0.5448717953125 0.2328358203125 0.5576923078125 0.2328358203125 0.6602564109375 0.222388059375 0.6666666671875 0.220895521875 0.6858974359375 0.2343283578125 0.6923076921875 0.2373134328125 0.7051282046875 0.25373134375 0.6987179484375 0.2611940296875 0.6923076921875 0.271641790625 0.634615384375 0.2686567171875 0.5576923078125 0.25522388125 0.5 0.24925373125 0.4871794875 0.219402984375 0.474358975 0.21492537343749998 0.49358974375000003 0.21492537343749998 0.5064102562499999 0.228358209375 0.5128205125 0.229850746875 0.5448717953125
11 0.35074626875 0.43589743593749997 0.34477611874999997 0.4487179484375 0.3313432828125 0.5064102562499999 0.3313432828125 0.647435896875 0.31940298437500003 0.6602564109375 0.329850746875 0.6666666671875 0.33283582031250003 0.6794871796875 0.35820895468749997 0.6730769234375 0.377611940625 0.653846153125 0.3820895515625 0.634615384375 0.3820895515625 0.5833333328125 0.3774154390625 0.5593450890625 0.36348991875 0.5572070890624999 0.372939396875 0.5486549484375 0.377912746875 0.5229984609375 0.37611940312500003 0.46794871718750003 0.36865671718750004 0.43589743593749997 0.35074626875 0.43589743593749997
34 0.39402985 0.6217948718749999 0.39402985 0.6602564109375 0.3985074625 0.6794871796875 0.4044776125 0.6794871796875 0.4104477609375 0.653846153125 0.42238805937499996 0.7051282046875 0.4328358203125 0.6987179484375 0.4373134328125 0.6923076921875 0.4388059703125 0.6730769234375 0.4373134328125 0.6666666671875 0.4343283578125 0.6794871796875 0.425373134375 0.6794871796875 0.420895521875 0.6602564109375 0.4179104484375 0.5705128203125 0.4134328359375 0.5512820515625 0.4104477609375 0.5512820515625 0.39402985 0.6217948718749999
45 0.4472339109375 0.6435624359375 0.4510595609375 0.561330153125 0.44952931406249996 0.39686542343750003 0.4432835828125 0.358974359375 0.4357568859375 0.4034440640625 0.44034769531249995 0.475808475 0.43805228906250004 0.6632982046875 0.444173346875 0.692901846875 0.4602411828125 0.6435624359375 0.4472339109375 0.6435624359375
38 0.471641790625 0.608974359375 0.47611940312499995 0.6666666671875 0.4985074625 0.6730769234375 0.48955223906249995 0.647435896875 0.5014925375 0.608974359375 0.49402985 0.5641025640625 0.471641790625 0.608974359375
47 0.5298684859375 0.5975124359375 0.53981519375 0.584355153125 0.54593631875 0.6994804875 0.5535876234375 0.692901846875 0.54477611875 0.5512820515625 0.5291033281249999 0.5711980390625 0.5183914625 0.538305140625 0.516861146875 0.564619396875 0.520686865625 0.6106695515625 0.522982271875 0.6369839484375001 0.522982271875 0.69619124375 0.53139873125 0.6797447171875 0.5306335734375 0.6435624359375 0.5298684859375 0.5975124359375
36 0.5955223875 0.641025640625 0.5773068296874999 0.6435624359375 0.57424626875 0.6238266796875 0.588783853125 0.564619396875 0.5835820890625001 0.5512820515625 0.567360053125 0.5777766671875 0.5642995578125001 0.6468518328124999 0.5681252125 0.686323359375 0.59402985 0.6730769234375 0.5955223875 0.641025640625
38 0.6776119406250001 0.6217948718749999 0.6117379046875 0.6336945640625 0.6238805968750001 0.5448717953125 0.6063819374999999 0.5284372687500001 0.6 0.5705128203125 0.5941398234374999 0.6435624359375 0.6071470953125 0.689612603125 0.63239655 0.6830339609375 0.6776119406250001 0.6217948718749999
5 0.7164179109375 0.6217948718749999 0.7373134328125001 0.647435896875 0.7582089546875 0.608974359375 0.7356897671875 0.5284372687500001 0.7418108234375 0.498833628125 0.764764875 0.48238710312500005 0.7358208953125 0.4615384609375 0.728358209375 0.5320512828124999 0.7432835828125001 0.596153846875 0.726865671875 0.615384615625 0.720895521875 0.5769230765625 0.7164179109375 0.6217948718749999
0 0.771641790625 0.4871794875 0.767060278125 0.548173025 0.7716510890625 0.6106695515625 0.7846584296875 0.6271160765625 0.79402985 0.608974359375 0.7955223874999999 0.525641025 0.7910447765625 0.49358974375000003 0.771641790625 0.4871794875
0 0.9358208953125 0.4871794875 0.9313432828125 0.608974359375 0.9432835828125 0.634615384375 0.9522388062499999 0.5576923078125 0.9358208953125 0.4871794875
0 0.8871865609375 0.5317265124999999 0.8848911578124999 0.6073803078125 0.8978983578124999 0.6468518328124999 0.90784520625 0.6040909234375 0.9074626859375 0.51923076875 0.897014925 0.4871794875 0.8871865609375 0.5317265124999999
0 0.8489297671875 0.541594384375 0.85373134375 0.608974359375 0.8716417906249999 0.6217948718749999 0.8835820890624999 0.5833333328125 0.880597015625 0.49358974375000003 0.85522388125 0.4871794875 0.8489297671875 0.541594384375