28 0.056786703125000004 0.45238095312500004 0.055401662500000004 0.75 0.0637119109375 0.7738095234375 0.0678670359375 0.45238095312500004 0.1135734078125 0.4166666671875 0.00831025 0.3928571421875 0.056786703125000004 0.45238095312500004
34 0.1233948703125 0.58394111875 0.0955678671875 0.5714285718750001 0.0858725765625 0.6785714281249999 0.09002770156249999 0.7619047625 0.1137249078125 0.7427670234375 0.126911146875 0.7881458328125001 0.1321856421875 0.7427670234375 0.1225157625 0.6822621421874999 0.1233948703125 0.58394111875
35 0.1814143265625 0.6595727375 0.1708653359375 0.5763780953125 0.15373961249999998 0.61904761875 0.1524045984375 0.485620453125 0.14537188437499998 0.45536802343750005 0.144044321875 0.702380953125 0.1550418453125 0.780582809375 0.1717443625 0.7578934046875 0.1814143265625 0.6595727375
30 0.30886426562499997 0.7857142859375 0.261772853125 0.428571428125 0.238227146875 0.4166666671875 0.3033241 0.8571428578125 0.3157894734375 0.8452380953124999 0.4044321328125 0.178571428125 0.383656509375 0.2142857140625 0.30886426562499997 0.7857142859375
38 0.3827242 0.765456428125 0.379207921875 0.735204 0.3669007125 0.735204 0.3721752078125 0.5990675234375 0.35459358124999996 0.5915045 0.3490304703125 0.702380953125 0.3519563328125 0.7730197859375 0.3669007125 0.7957092140625 0.3827242 0.765456428125
51 0.37811634375000003 0.5952380953125 0.379207921875 0.7881458328125001 0.3897569140625 0.8032722375000001 0.3879986953125 0.6444463328125 0.40858725781249994 0.61904761875 0.40733854062499997 0.8183986187500001 0.41700842031249996 0.780582809375 0.41412742343750003 0.547619046875 0.37811634375000003 0.5952380953125
53 0.4214038890625 0.8108352625 0.43107377031249994 0.8259616421875 0.43351800625000003 0.6666666671875 0.4600834984375 0.6595727375 0.45305086406250006 0.636883309375 0.4362880890625 0.61904761875 0.43195288125 0.45536802343750005 0.4214038890625 0.470494071875 0.423162028125 0.6141939046875 0.41788753125 0.6520093578124999 0.423162028125 0.6898251671875 0.4214038890625 0.8108352625
42 0.475027875 0.8259616421875 0.48206059218749997 0.6595727375 0.4732697375 0.6520093578124999 0.466237103125 0.8183986187500001 0.475027875 0.8259616421875
42 0.4671161328125 0.5612517140625 0.47414884687500003 0.5461256671875 0.4715115984375 0.462931046875 0.46359985625 0.4326785953125 0.4671161328125 0.5612517140625
47 0.5084330718750001 0.8032722375000001 0.5166204984375 0.6666666671875 0.529085871875 0.75 0.5221606640625 0.5952380953125 0.5084330718750001 0.5990675234375 0.502279465625 0.6671357625 0.48118148125 0.6141939046875 0.48206059218749997 0.697388190625 0.49524683124999996 0.7049515468750001 0.4978840796875 0.7957092140625 0.5084330718750001 0.8032722375000001
34 0.5444754328125 0.5990675234375 0.5346260390625 0.6785714281249999 0.5387811640625 0.7619047625 0.5515080671875 0.7881458328125001 0.5708479109375 0.7957092140625 0.5620570578125 0.735204 0.5602989203125001 0.636883309375 0.5444754328125 0.5990675234375
13 0.6786703593750001 0.7261904765625 0.6786703593750001 0.559523809375 0.6440443218749999 0.45238095312500004 0.6731301937499999 0.63095238125 0.6578947375 0.7619047625 0.6537396125 0.5357142859375 0.6454293625 0.5357142859375 0.6454293625 0.7738095234375 0.6620498609375 0.8214285718750001 0.6786703593750001 0.7261904765625
31 0.710526315625 0.7619047625 0.73268698125 0.809523809375 0.72022160625 0.702380953125 0.7479224375 0.46428571406249997 0.71606648125 0.6428571421875 0.6855955671875 0.4761904765625 0.706371190625 0.702380953125 0.667590028125 0.9880952375 0.6759002765625 0.9880952375 0.710526315625 0.7619047625
0 0.8587257625 0.6547619046875 0.8642659281249999 0.559523809375 0.8545706375 0.4761904765625 0.8393351796875 0.5357142859375 0.840720221875 0.6428571421875 0.8587257625 0.6547619046875
2 0.821329640625 0.6666666671875 0.8227146812499999 0.5357142859375 0.8074100546875 0.4932245 0.8030146703125001 0.5612927375 0.8135636625 0.5915455234375 0.8116343484374999 0.702380953125 0.8254847640625 0.702380953125 0.836565096875 0.63095238125 0.821329640625 0.6666666671875
2 0.9155124656250001 0.5238095234375 0.900592921875 0.5386033328125001 0.9041092000000001 0.606671571875 0.9111419171874999 0.6293609765625 0.90235098125 0.72011861875 0.928723459375 0.689866190625 0.91689750625 0.6547619046875 0.9155124656250001 0.5238095234375
0 0.9349030468749999 0.5 0.9279778390625 0.63095238125 0.9473684203125 0.6547619046875 0.9556786703125001 0.5833333328125 0.9349030468749999 0.5