12 0.07077828281250001 0.7419635953125 0.0610062265625 0.6457387296875 0.0731942171875 0.6169342296875 0.0898231984375 0.6592738890625001 0.0738299921875 0.5840317671874999 0.05669239375 0.5680140796875001 0.059353215625 0.7312851375 0.0871529515625 0.7974642390625 0.11063885625 0.7859186921875 0.11406731875000001 0.7589760890624999 0.07077828281250001 0.7419635953125
34 0.127624865625 0.7753416734374999 0.1331857703125 0.7632306109375 0.1321877671875 0.73939894375 0.14786375000000002 0.7557391546875001 0.1426133828125 0.726253840625 0.1278264515625 0.7140963015625 0.11280048281249999 0.6740503125 0.10531480468750001 0.6751651375 0.10419912812500001 0.7081893734375 0.1093656546875 0.7420640640625 0.1203278203125 0.7768927078125001 0.127624865625 0.7753416734374999
49 0.220230265625 1 0.2199351921875 0.9986117906249999 0.2201895015625 0.98545080625 0.1882030875 0.834966559375 0.1717012609375 0.7860464078125 0.16370465781250002 0.7484253468750001 0.1871905609375 0.7368797984375 0.19049186875 0.7165176859375 0.1851608 0.6914369796875001 0.1682775125 0.66225830625 0.14783860625 0.6666027296875 0.1394605390625 0.648723146875 0.1367950046875 0.63618279375 0.131082471875 0.6308435640625001 0.1333665421875 0.663125396875 0.1413631453125 0.7007464578125 0.1411088375 0.7139074437499999 0.15227959375 0.7377468890625 0.17360386875 0.8380697187499999 0.17918924687499999 0.849989440625 0.21107497656250002 1 0.220230265625 1
13 0.27199317968750003 0.7123009796875001 0.2631064953125 0.72074336875 0.265644875 0.739864215625 0.2801169375 0.7433415484375 0.2857023171875 0.7552612703125 0.3004286890625 0.7455776171874999 0.30639553125 0.7377558609375 0.304620078125 0.67915205625 0.285707028125 0.604530565625 0.26057282656249997 0.5508918171875 0.2520676046875 0.5395927265625 0.22020363281250002 0.5332586921875 0.2198221703125 0.5530001703125 0.2224877046875 0.5655405250000001 0.23695976875000002 0.5690178578125 0.2450835265625 0.6000584265625 0.250668903125 0.6119781484375 0.27199317968750003 0.7123009796875001
11 0.3363616046875 0.5413358796875001 0.3656824828125 0.679279771875 0.35666864375 0.6943026546875 0.368220865625 0.6984006203125 0.3738062421875 0.7103203421875001 0.3972921453125 0.69877479375 0.41227282656249997 0.6759301546875001 0.41265429062500003 0.6561886765625 0.40199215156249996 0.6060272609374999 0.39243274375000003 0.5835350203125 0.3783670140625 0.5843390187499999 0.3858319078125 0.57400910625 0.3853622953125 0.54787925625 0.3721626546875 0.4944053390625 0.35819921093749996 0.46460603437500003 0.3406801484375 0.4683298265625 0.33750599531250003 0.48211144375000003 0.3363616046875 0.5413358796875001
34 0.43804280156250003 0.6966664390624999 0.4438824890625 0.695425175 0.44439110625 0.6691032031249999 0.46673261874999994 0.716782090625 0.47561930312499995 0.7083397031249999 0.4786663015625 0.7011385781249999 0.476127921875 0.68201773125 0.4733352328125 0.6760578703125 0.4730809234375 0.68921885625 0.46432139375 0.6910807515624999 0.4559433265625 0.6732011703125 0.4343647421875 0.5860393234375 0.425986675 0.568159740625 0.4230668296875 0.5687803734375 0.42166812968749995 0.6411657953125001 0.4296647328125 0.67878685625 0.43804280156250003 0.6966664390624999
45 0.42918933593749997 0.4096126078125 0.41520209374999995 0.37384811406249996 0.41708564375 0.4189109375 0.436621540625 0.4887395296875 0.4733576015625 0.6726094 0.4854998421875 0.7002934921875 0.4909583171875 0.648691575 0.4782352859375 0.6513959390624999 0.46488028281249993 0.5701652312500001 0.42918933593749997 0.4096126078125
38 0.53452479375 0.66960509375 0.52043419375 0.6463862796875001 0.524116965625 0.6062826921875 0.507487984375 0.5639430328125 0.49491852812500003 0.6124890109375001 0.5112932 0.66798965625 0.53452479375 0.66960509375
47 0.586406825 0.6855706625 0.5925231546874999 0.6775449859375 0.554459790625 0.5408519375 0.5432702546875 0.56359126875 0.5259536515625001 0.53364428125 0.52992781875 0.5597016781249999 0.5432443015625 0.603950115625 0.55096061875 0.6292122375 0.5632705078125 0.6871257109375 0.5680836218749999 0.6692887 0.5598124656250001 0.6340561734375 0.5494897640625 0.5891715484375 0.5564835593749999 0.574233746875 0.586406825 0.6855706625
36 0.5983688234375 0.605684103125 0.6002788406249999 0.5447481062499999 0.5924177578125 0.532783721875 0.582058753125 0.5620721171875 0.5934266703125 0.6302741375 0.6053753171875 0.6680877187500001 0.6279597875 0.6497448718750001 0.6227558734375 0.6180836703125 0.6054657984375 0.6243522593749999 0.5983688234375 0.605684103125
38 0.6305028796875 0.5181350140625 0.6099696781249999 0.5056977984375 0.6124752 0.5481807765625 0.6219309515625 0.6208524828125 0.6442283515625 0.6631919796875 0.66755826875 0.6515074390625 0.699053271875 0.5822057625 0.6370928265625 0.6075414 0.6305028796875 0.5181350140625
5 0.7752235125 0.5529083484374999 0.7364518203125 0.4788131875 0.736284175 0.44858381875 0.7553172 0.427724275 0.7226710390625 0.41334901718749995 0.7300318703124999 0.48387254375 0.7579587609375 0.5434711531249999 0.7458979234374999 0.5656951593749999 0.73206163125 0.5293153609375 0.7370112375 0.5741375484375 0.7627812109375001 0.5948738312499999 0.7752235125 0.5529083484374999
0 0.7887243546875 0.55177171875 0.8048668781250001 0.5651544703125 0.8102616359375 0.545460765625 0.7943955828125 0.46363814843749995 0.7833519828125 0.4332182109375 0.76304023125 0.43098214218750003 0.7712401046874999 0.491595375 0.7887243546875 0.55177171875
0 0.9615848843749999 0.5395098765624999 0.9543512078124999 0.4624058578125 0.923631628125 0.3968473875 0.9445744406250001 0.516911696875 0.9615848843749999 0.5395098765624999
0 0.9197355375 0.560915046875 0.9205745296875 0.5170205 0.9025569499999999 0.434094275 0.8856736625 0.4049156015625 0.8853219187500001 0.4505326 0.8988059843749999 0.52501041875 0.9197355375 0.560915046875
0 0.888843103125 0.5418646890625001 0.8925258749999999 0.5017610984374999 0.870947290625 0.41459925468750003 0.844795853125 0.4136044484375 0.8499527734375001 0.46813886875 0.8686585078125001 0.5330481265625 0.888843103125 0.5418646890625001