13 0.1847743875 0.5461773796875 0.20517485781250003 0.5512144296875 0.21220450624999998 0.45441856875 0.2024425515625 0.3606200328125 0.1777656296875 0.2705182015625 0.14840448281250002 0.264109553125 0.11352837812500001 0.32554283125 0.1253100234375 0.41970249062500004 0.134127096875 0.46832798281250004 0.15758274218749999 0.488697309375 0.1847743875 0.5461773796875
26 0.3306588515625 0.20277265625 0.3204777546875 0.259065275 0.3284897453125 0.4811725734375 0.339759778125 0.488529334375 0.3436132765625 0.38898488750000004 0.37993891875 0.4083214328125 0.40693640000000003 0.4108335875 0.429130103125 0.3900353640625 0.3965689328125 0.3838878375 0.361708534375 0.36804325000000004 0.37624456093749997 0.3378288875 0.3876825921875 0.2952802171875 0.3851904046875 0.2477264296875 0.36748020625 0.204769875 0.347286684375 0.182159984375 0.3306588515625 0.20277265625
42 0.45312942187500005 0.43786528281250003 0.475425828125 0.419025234375 0.47636049375 0.3855966484375 0.46093136562500003 0.4158578234375 0.4508717546875 0.39478644375 0.45424991875 0.3396313078125 0.44852255156250004 0.298697878125 0.4349933234375 0.279771903125 0.432364078125 0.3663038265625 0.4171401921875 0.4004812796875 0.42520835 0.4177299875 0.43610000156249995 0.403414678125 0.45312942187500005 0.43786528281250003
42 0.46450635 0.2448455890625 0.4632859734375 0.17029634531249999 0.4481037328125 0.17109201406250002 0.45352127500000006 0.2361979609375 0.46450635 0.2448455890625
52 0.56035131875 0.40544202656249995 0.5767809734375 0.3727913859375 0.532176234375 0.387050121875 0.5220322359375 0.33194994843750003 0.4914850234375 0.337524559375 0.5014489328125 0.2853442765625 0.5179386187499999 0.2884537875 0.4997874734375 0.2536417515625 0.47376440156250005 0.31897358593749997 0.47870128437500004 0.36191192031249997 0.510164196875 0.3641900578125 0.523066621875 0.422419003125 0.56035131875 0.40544202656249995
38 0.609820375 0.41477056250000005 0.673346959375 0.415414975 0.81718511875 0.3562186390625 0.9055038390625001 0.27608975468749997 0.7130873828125 0.3775689703125 0.6230471734374999 0.3902351765625 0.5980749484375 0.36372801718750003 0.6273160359375 0.2986163609375 0.6376352796875 0.21860155625000002 0.6022237515625 0.2005888953125 0.582175871875 0.23342915937500003 0.568593740625 0.285799065625 0.5727473875 0.365055378125 0.609820375 0.41477056250000005
2 0.2525119078125 0.7275500890625 0.2425479984375 0.7797303734375001 0.2831791796875 0.7934957812500001 0.3120649328125 0.7562186453125 0.3602442828125 0.784382946875 0.3524534171875 0.7553386796875 0.316038490625 0.728194503125 0.2953951578125 0.645828678125 0.2624157859375 0.6396096531250001 0.233945396875 0.684812421875 0.2380390140625 0.7283085812500001 0.267280103125 0.663196925 0.28940480625 0.6699848187499999 0.3043530921875 0.712912109375 0.2525119078125 0.7275500890625
0 0.37374996875 0.617880078125 0.358347121875 0.6627450671874999 0.351389990625 0.7104470109375 0.3643815125 0.7852664484375 0.39131050312500004 0.7798814593750001 0.4116737203125 0.7404540468749999 0.4229237203125 0.6908032859375 0.4099321984375 0.6159838468750001 0.37374996875 0.617880078125
0 0.4691298890625 0.6724869250000001 0.475655665625 0.7277767203125001 0.5018139546875 0.742300621875 0.51355628125 0.7194065484375 0.52710774375 0.6362291625000001 0.5131992046875 0.5787822546875 0.48466878593749996 0.5882248703124999 0.4691298890625 0.6724869250000001
0 0.606206996875 0.65735561875 0.614984840625 0.6171585937499999 0.603654778125 0.5740416796875001 0.5674725484375001 0.575937909375 0.5434511125 0.636802315625 0.5355039968749999 0.692850603125 0.5549760921875 0.7407978734375 0.5719140515625 0.7222386578125 0.585864840625 0.697945475 0.606206996875 0.65735561875
0 0.6789415640625001 0.5772207421875 0.6605058578125 0.533026375 0.6411966234375 0.5576003828125 0.62556225 0.583945275 0.614984840625 0.6171585937499999 0.618307759375 0.6805636421875 0.64446605 0.6950875453124999 0.6664883671874999 0.6642676125 0.6782425515625 0.6322355625 0.6789415640625001 0.5772207421875