28 0 0.40056473125 0.00015756875 0.3993708375 0.0282933109375 0.40161281718749997 0.082008903125 0.6474162578125 0.096064759375 0.6994537921874999 0.1036222859375 0.7037408296875001 0.0378871359375 0.40539214843750004 0.0792588125 0.4043340390625 0.076733965625 0.38336386718750004 0.025495157812500002 0.362196771875 0 0.36855342812499997 0 0.40056473125
34 0.13044955625000001 0.6291673078125 0.1074285890625 0.5238229765625 0.0889277171875 0.48215071875 0.0749469421875 0.504150534375 0.0788793765625 0.5741404671875 0.10258712031249999 0.6453712031250001 0.11919185624999999 0.6165458218750001 0.133404890625 0.6562014875 0.14321395625 0.6630128203125001 0.144273153125 0.6195493609375 0.13044955625000001 0.6291673078125
35 0.1899326671875 0.6205078421875 0.17153090937499998 0.551039846875 0.158981753125 0.5202263375 0.14880026562499998 0.5227648671875 0.1498934953125 0.5965483640625 0.1134624 0.448262509375 0.1067077796875 0.4406896171875 0.142394034375 0.6076751984375 0.15167350156249998 0.6362182640625 0.1822349796875 0.6872261515625 0.194237521875 0.6811479125 0.1899326671875 0.6205078421875
28 0.28896639999999996 0.6143299765625 0.2886930921875 0.5958841031250001 0.2191997046875 0.2737871 0.256225478125 0.2552985296875 0.2592218609375 0.23912309999999998 0.25262441875 0.21916833906250002 0.1479703421875 0.24834720156249998 0.155644 0.28346197812499996 0.1652958875 0.3026551796875 0.2085877328125 0.27026162343750004 0.27228658437500003 0.569118009375 0.2834451703125 0.609535234375 0.28896639999999996 0.6143299765625
38 0.2913581015625 0.5458489296875 0.31087712343749996 0.587267334375 0.3217043375 0.593824815625 0.34441796562500004 0.5634763140625 0.3339051046875 0.5321551 0.3142459234375 0.561742040625 0.29269060625 0.520831340625 0.282334925 0.477128259375 0.294668840625 0.5049097640625 0.305909525 0.458907775 0.295280534375 0.39675881875 0.281713228125 0.3661991609375 0.26452083125 0.40134240312499997 0.2733868296875 0.48244494062500004 0.2913581015625 0.5458489296875
53 0.36382085625 0.5740669781250001 0.3676782078125 0.5700195625 0.3330681671875 0.4181939984375 0.35315783437500003 0.3946710640625 0.3305433203125 0.3972238265625 0.322927728125 0.3775229203125 0.27645530625000003 0.16077025 0.260578396875 0.1122724265625 0.2600487984375 0.13400415625 0.3114547859375 0.361869428125 0.31505584531249997 0.39799961875 0.3249229765625 0.42022482187500004 0.3533079953125 0.5427457625 0.36382085625 0.5740669781250001
51 0.386268190625 0.36481603906250004 0.3660623953125 0.35751123125 0.3581494640625 0.4211975375 0.39152611249999997 0.5702449515625 0.3999446109375 0.5866600015625 0.3969312125 0.544211953125 0.3753588796875 0.4446777734375 0.37357887343749996 0.4050078765625 0.381881240625 0.390595184375 0.403006071875 0.4254418765625 0.3923530515625 0.4651260078125 0.4048030953125 0.5237352546875 0.4222858171875 0.565661365625 0.4279642234375 0.558074240625 0.42360130468749996 0.4820203 0.40332042812499996 0.4006781421875 0.386268190625 0.36481603906250004
34 0.4341722296875 0.5287553843749999 0.4531035859375 0.57649165 0.4552219796875 0.48956472656249994 0.4793602109375 0.5668594687499999 0.484881440625 0.5716542109375 0.463151928125 0.4845019 0.4276979328125 0.3791718 0.42182129843749994 0.44235040000000003 0.4341722296875 0.5287553843749999
59 0.49551744375 0.4733466 0.4812633609375 0.4769005421875 0.48480635781250003 0.4976168625 0.49467348906249997 0.519842065625 0.49565059062500005 0.5627978203125 0.5014451265625001 0.5860384375 0.5135637984375 0.6107879390625001 0.5488265828125 0.6112529484375 0.5452835859375 0.5905366296875 0.5072807109374999 0.5660694453125 0.506833209375 0.501381959375 0.523496009375 0.4879704484375 0.5089686203125 0.473078515625 0.4908812171875 0.37884678437499997 0.47441664375 0.3366668203125 0.4546413328125 0.335426021875 0.465485565625 0.40060698125 0.47410228906249996 0.36143055625 0.4899791984375 0.40992837968750007 0.49551744375 0.4733466
42 0.5176674390625 0.3474828734375 0.50087149375 0.271443165625 0.486286040625 0.2411373625 0.49648454375 0.29722231093749996 0.5176674390625 0.3474828734375
42 0.5253581125 0.44122113125 0.5281562671875 0.480637175 0.5649597828124999 0.6195731671875 0.5704810124999999 0.624367909375 0.5368891203125 0.4722884921875 0.5253581125 0.44122113125
47 0.5848342078125001 0.5930182296875001 0.5907278578125 0.5884631078125 0.5877144609375 0.546015059375 0.5625000171875 0.4535603 0.5656535765624999 0.42500300312499995 0.58243250625 0.44241923281249995 0.616338753125 0.569734915625 0.6189627140625 0.56290935 0.5988390140625001 0.469185328125 0.5730949734374999 0.39846229843750003 0.5533196609375 0.3972214984375 0.5527490140625 0.46216283750000003 0.5683696328125001 0.5508382671875001 0.5848342078125001 0.5930182296875001
1 0.7024509078125 0.54209340625 0.681035753125 0.43017736093750003 0.6379491500000001 0.2465228765625 0.6332888921875 0.253856146875 0.63914149375 0.292510634375 0.6959115312499999 0.5375525171875 0.7024509078125 0.54209340625
2 0.7097761765625 0.484724959375 0.7155707125 0.507965575 0.7388309546875 0.5145088234374999 0.746115175 0.5003499859375 0.7297667296875 0.4889977640625 0.7207025046875 0.46348670312499995 0.7171424921875 0.38414690625 0.702813328125 0.3136634984375 0.6803970406250001 0.260624784375 0.66817925625 0.2636710203125 0.6708202328125 0.3154689328125 0.6839981015625 0.2967549734375 0.6956862890625 0.31544046875 0.7029294593750001 0.3444912375 0.7097761765625 0.484724959375
5 0.7905993625 0.5139441890625001 0.8122537921875 0.5270591515625 0.8146044453125001 0.5017877093750001 0.8065003046875001 0.4606089265625 0.76601363125 0.3719619625 0.758770459375 0.3429111921875 0.7548380265625 0.2729212578125 0.7787439968750001 0.288560515625 0.746146221875 0.238060334375 0.7430507265624999 0.2820315 0.7525043890625 0.35681617656250003 0.760765709375 0.38561309375 0.800821896875 0.46819605 0.7905993625 0.5139441890625001
46 0.8388488031250001 0.39083014843749997 0.8588153249999999 0.4969360390625 0.8676062437500001 0.5040012265625 0.8614803343749999 0.44690086406249996 0.8494607765625 0.394355625 0.85218385 0.359734321875 0.8684912468749999 0.4142961515625 0.8894759156250001 0.520148190625 0.8925303625 0.51938663125 0.8746001390625 0.41277303437499996 0.8557678953125001 0.33724103125 0.8450978578124999 0.3183016828125 0.8366383125000001 0.3450962421875 0.8119294359375001 0.33274284062500004 0.8254146453125 0.4497217125 0.8399009859375001 0.507823253125 0.8482614187499999 0.5088244328125 0.8400992125 0.452231778125 0.8235765734375 0.39463794375 0.8287664296875 0.365572940625 0.8388488031250001 0.39083014843749997
40 0.982055353125 0.8025468296874999 0.9959370156249999 0.8083427515625001 0.9871290796875 0.7426540859374999 0.9249949921875 0.4804355953125 0.9093743734374999 0.3917601671875 0.8892676890625 0.356659621875 0.8837634765625 0.41048835781250004 0.8962135203124999 0.4690976046875 0.9056501671875001 0.4852588015625 0.9077445281250001 0.500164965625 0.9042766125 0.553485996875 0.9124968843750001 0.625492521875 0.9469327296875001 0.731076475 0.982055353125 0.8025468296874999