13 0.1362860984375 0.44922307968749997 0.15864355000000002 0.47079206406249996 0.18278965625000002 0.5296164609375 0.20289855 0.5357142859375 0.2149844671875 0.43941898437500004 0.210144928125 0.3452380953125 0.190217390625 0.2539682546875 0.161231884375 0.2460317453125 0.12318840625000001 0.30555555624999997 0.13002597031250002 0.400202778125 0.1362860984375 0.44922307968749997
26 0.38311297031249997 0.198238928125 0.364130434375 0.174603175 0.3464466046875 0.194317365625 0.3333333328125 0.25 0.3297101453125 0.47222222187499996 0.340579709375 0.48015872968749995 0.34963768125 0.38095238125 0.38490154374999996 0.4021635640625 0.41173055 0.40608521406250003 0.4349823328125 0.3864770234375 0.402787521875 0.37863380156250004 0.368804140625 0.3609864765625 0.38490154374999996 0.331574278125 0.398550725 0.2896825390625 0.398550725 0.2420634921875 0.38311297031249997 0.198238928125
42 0.4296165296875 0.41392844375 0.441242459375 0.400202778125 0.4564455359375 0.4354974203125 0.4796973984375 0.4178500953125 0.4823803 0.3845162375 0.46538856875 0.41392844375 0.4564455359375 0.39235946093749996 0.46270566718749995 0.3374567140625 0.4591284390625 0.296279634375 0.44660826093750006 0.27667153125 0.43945388750000003 0.3629472625 0.42246215625000005 0.39628111875 0.4296165296875 0.41392844375
42 0.46538856875 0.1688267296875 0.46739130468749995 0.234126984375 0.4779087421875 0.24333767499999998 0.4805916453125 0.1688267296875 0.46538856875 0.1688267296875
52 0.5172580109375 0.36490813437499997 0.5270952859375 0.4237325390625 0.565217390625 0.408730159375 0.5833333328125 0.3769841265625 0.538043478125 0.3888888890625 0.5307971015625 0.3333333328125 0.5 0.3373015875 0.512681159375 0.28571428593750003 0.5289855078125 0.2896825390625 0.512681159375 0.2539682546875 0.483274546875 0.3178486109375 0.4859574453125 0.3609864765625 0.5172580109375 0.36490813437499997
38 0.5797101453125 0.2896825390625 0.5797101453125 0.36904761875 0.614130434375 0.4206349203125 0.6775362312500001 0.424603175 0.8242753625000001 0.3730158734375 0.9166666671874999 0.297619046875 0.7192028984375 0.3888888890625 0.6286231890625 0.396825396875 0.6050724640625 0.36904761875 0.637681159375 0.30555555624999997 0.6521739125 0.22619047656250002 0.6177536234375001 0.20634920625 0.5960144921875 0.2380952375 0.5797101453125 0.2896825390625
2 0.28079710156250004 0.658730159375 0.2934782609375 0.702380953125 0.2409420296875 0.7142857140625 0.22826087031250003 0.765873015625 0.2681159421875 0.78174603125 0.29891304375 0.7460317453124999 0.345552359375 0.7766789609375 0.33929223125 0.7472667546875 0.30434782656250003 0.71825396875 0.288043478125 0.634920634375 0.2554347828125 0.6269841265625 0.22463768125 0.6706349203124999 0.226449275 0.7142857140625 0.2590579703125 0.6507936515625 0.28079710156250004 0.658730159375
0 0.413043478125 0.6865079359374999 0.4039855078125 0.6111111109375 0.3677536234375 0.6111111109375 0.3500238328125 0.6551084921875 0.340579709375 0.702380953125 0.34963768125 0.777777778125 0.37681159375 0.7738095234375 0.3992103765625 0.7355018734375001 0.413043478125 0.6865079359374999
0 0.5090579703125 0.5793650796875001 0.4800724640625 0.5873015875 0.46014492812499996 0.6706349203124999 0.46376811562500003 0.7261904765625 0.489130434375 0.7420634921875 0.5020548515625001 0.7198153406250001 0.519940909375 0.637461175 0.5090579703125 0.5793650796875001
0 0.5601844234375 0.725697778125 0.5753874999999999 0.7021680156250001 0.5978260875 0.6626984125 0.6086956515625 0.6230158734375 0.59963768125 0.5793650796875001 0.5634057968749999 0.5793650796875001 0.536231884375 0.6388888890625 0.52536231875 0.6944444437499999 0.5422983625 0.7433450953125 0.5601844234375 0.725697778125
0 0.6576630984375 0.6727558171875 0.6710776015625 0.6413828328125 0.674654909375 0.5864799921875 0.6585574234375 0.541381340625 0.6379885468750001 0.564911103125 0.6209968156250001 0.5904016515625 0.6086956515625 0.6230158734375 0.6086956515625 0.6865079359374999 0.6340579703125 0.702380953125 0.6576630984375 0.6727558171875