28 0.0984693546875 0.5610644515625001 0.098062321875 0.43014735625 0.1040182421875 0.320286925 0.1532729890625 0.3132920703125 0.16081134531250002 0.3055690546875 0.16054968281249998 0.28200068906250003 0.025706556250000002 0.2953561921875 0.0179854546875 0.3135488171875 0.0236298765625 0.3372111390625 0.03834109375 0.34270432500000003 0.0939712546875 0.3174933546875 0.08663226562500001 0.545148634375 0.0984693546875 0.5610644515625001
34 0.12817836875 0.517073628125 0.14622058124999998 0.48597015781249997 0.1563464859375 0.5228017031250001 0.17262551718750002 0.5186801265625001 0.1611145453125 0.480993734375 0.156541690625 0.47305931562500003 0.1603295578125 0.4102886375 0.1545023875 0.3970959234375 0.1452403859375 0.46500745 0.1186796234375 0.48287122812499994 0.12551190625 0.438481090625 0.14849247031249999 0.394372821875 0.1441023625 0.3759687921875 0.13315409375 0.3862504890625 0.10962528906249999 0.4617675859375 0.11337577812499999 0.516815246875 0.12817836875 0.517073628125
35 0.1983245390625 0.54709823125 0.2110753671875 0.510666 0.21486323281250003 0.4478953234375 0.2080558671875 0.4137399015625 0.1821222609375 0.434232828125 0.1843941484375 0.342635490625 0.178566978125 0.329442778125 0.167581334375 0.4575428140625 0.1611145453125 0.480993734375 0.1677932203125 0.48715843437500006 0.1662259046875 0.525554390625 0.1736577078125 0.533576671875 0.1983245390625 0.54709823125
13 0.34432359687499997 0.43444586249999995 0.346857146875 0.366416890625 0.34257087343750003 0.303505278125 0.32716604375 0.22207219218750002 0.31667464375 0.20617986562500001 0.305909125 0.205991953125 0.2895656359375 0.25545247187500003 0.2850883171875 0.5119579015625 0.294142653125 0.5330615437499999 0.321957734375 0.5204560593750001 0.34432359687499997 0.43444586249999995
42 0.3834358203125 0.1602175890625 0.378131975 0.1941616078125 0.3837639390625 0.257096709375 0.3891466984375 0.257190665625 0.3932086875 0.1787155734375 0.3834358203125 0.1602175890625
42 0.36546422500000003 0.5343064656250001 0.37413644375 0.3459474546875 0.3656178921875 0.3327077640625 0.3590098953125 0.51848460625 0.36546422500000003 0.5343064656250001
52 0.38809175156250003 0.47186463593749994 0.40135344531249995 0.521841915625 0.42216595312500005 0.5248234 0.4306055890625 0.504025115625 0.43142795312500004 0.45691187343750006 0.404447696875 0.3831313375 0.41908 0.354586546875 0.426971390625 0.365197090625 0.427976503125 0.30761423906249996 0.3952106140625 0.37249730312499996 0.4004895421875 0.41709884375 0.42289694375 0.48294496249999996 0.4044103203125 0.5009496765625 0.395538734375 0.469376425 0.38809175156250003 0.47186463593749994
48 0.45883599999999997 0.3133892921875 0.442401140625 0.36808461718749996 0.4353736515625 0.46221714687500004 0.4404698296875 0.517288296875 0.459845275 0.5254810953125 0.472413353125 0.4995184734375 0.4790753484375 0.4263251640625 0.47326063749999997 0.373859671875 0.464833459375 0.3553851765625 0.4585494203125 0.3683664859375 0.4684012015625 0.420902446875 0.46767021093750005 0.462780884375 0.4597663609375 0.4914431203125 0.44721073906250003 0.4781329625 0.4484899734375 0.404845696875 0.45864079531249996 0.36313168125 0.45883599999999997 0.3133892921875
49 0.497981465625 0.499964765625 0.502957190625 0.3691416265625 0.4988412078125 0.33503318593750003 0.49130285 0.3427562015625 0.476483665625 0.9603926875000001 0.4772811109375 0.9918250046875 0.48526387812499994 0.99720074375 0.49608753125 0.5313501046875 0.5306310625 0.518862065625 0.550305546875 0.4328048921875 0.546019271875 0.369893278125 0.5285377609374999 0.330315140625 0.508705446875 0.348296365625 0.512730059375 0.3876396125 0.5330067828125 0.38275714375000003 0.5399968953125 0.4064429546875 0.5363917781249999 0.45874402343750004 0.517448284375 0.5029227609375 0.497981465625 0.499964765625
34 0.605271171875 0.5227831125 0.598019396875 0.4755289359375 0.59689383125 0.3472174984375 0.5666490328125 0.383344371875 0.55577968125 0.42766404218750004 0.5557547625 0.5062096015625001 0.5742289281249999 0.52747766875 0.5934465421875 0.4675945171875 0.598542721875 0.5226656671875001 0.605271171875 0.5227831125
47 0.6449358000000001 0.486820665625 0.6463064078125 0.4082985953125 0.6621930265625 0.3850120984375 0.6689090171875 0.42440232343749995 0.6642074124999999 0.5395210484375 0.6705703671875 0.5605777125 0.6773486531249999 0.403604040625 0.6693783453125 0.3589555203125 0.658795571875 0.348297996875 0.63940766875 0.3793779796875 0.6329861375 0.3555567609375 0.6198211921875 0.3902574578125 0.6187240453125 0.453113 0.6264471671875 0.42181045937499995 0.6248418234375 0.48123352343750003 0.6314664421875 0.525858553125 0.6381948921875 0.5259759984375 0.6449358000000001 0.486820665625
1 0.7975221 0.536611665625 0.8017419171875 0.5262125234374999 0.7913418921875001 0.5050853921875 0.7958856671875 0.3218907171875 0.782441225 0.28238304531249997 0.7525245468749999 0.4153890390625 0.780181796875 0.334707603125 0.7843891562499999 0.3635812421875 0.782104809375 0.4944513578125 0.7666750609374999 0.49156383124999997 0.7521341328125 0.5148738171875 0.7619070015625 0.5333718015625 0.7975221 0.536611665625
46 0.8832932250000001 0.51978140625 0.8931823828125 0.454499028125 0.895624559375 0.3917048609375 0.9099827390625 0.37886448437500003 0.914281471875 0.4025033171875 0.9096712421875001 0.5123872375 0.9159428234375 0.53867870625 0.9224469859375001 0.39740944843750003 0.9144766796875 0.35276092812500004 0.867560275 0.34146920000000003 0.8363228250000001 0.3959061453125 0.8388065375 0.4849682921875 0.8495596000000001 0.524428984375 0.8560263875 0.5009780640625 0.8550711109375 0.401469796875 0.8776861796875 0.3783007453125 0.8740686015625 0.4698745953125 0.8773746812500001 0.5118234984375001 0.8832932250000001 0.51978140625
40 0.9494064874999999 0.8194101968749999 0.9700237890625001 0.87213406875 0.9774707703125 0.86964585625 0.9833436156250001 0.45607279843750004 0.9888426671874999 0.372386390625 0.9779068578125001 0.3433953078125 0.9631042687500001 0.3431369265625 0.9409336109374999 0.379404734375 0.9327556375 0.423771384375 0.932024646875 0.4656498203125 0.9387406374999999 0.5050400453125 0.9605333406250001 0.5289842375 0.9351230609375 0.5966138953125 0.9290757656249999 0.7117091296875 0.9494064874999999 0.8194101968749999