28 0.058761804687499995 0.5419161671875 0.0598111234375 0.5958083828125 0.0661070296875 0.6017964078125 0.0745015734375 0.29640718593750004 0.11490031406250001 0.305389221875 0.11752360937499999 0.28443113750000004 0.072927596875 0.25149700625000004 0.012067156249999999 0.25149700625000004 0.013116474999999999 0.305389221875 0.0299055609375 0.305389221875 0.039349423437499996 0.281437125 0.0661070296875 0.29041916093750003 0.058761804687499995 0.5419161671875
34 0.11437565624999999 0.5718562875 0.12591815312500002 0.5299401203125 0.11017838437500001 0.53592814375 0.11332633750000001 0.4281437125 0.105456453125 0.3832335328125 0.0865687296875 0.4011976046875 0.07345225625 0.4700598796875 0.0792235046875 0.5449101796875 0.1023085 0.520958084375 0.10650577187500002 0.5628742515625 0.11437565624999999 0.5718562875
35 0.146379853125 0.6047904187500001 0.159496328125 0.6017964078125 0.16998950625 0.5419161671875 0.1689401890625 0.4700598796875 0.1642182578125 0.43712574843749996 0.153725078125 0.43712574843749996 0.13693599218750002 0.5089820359375 0.13746065000000002 0.356287425 0.1327387203125 0.3473053890625 0.126967471875 0.517964071875 0.12906610624999998 0.5479041921875 0.146379853125 0.6047904187500001
28 0.2623294859375 0.5119760484375 0.263378803125 0.553892215625 0.26757607499999997 0.5598802390625 0.271773346875 0.5419161671875 0.2822665265625 0.21257484999999998 0.3226652671875 0.2035928140625 0.329485834375 0.1886227546875 0.3279118578125 0.1676646703125 0.21930745 0.17065868281250002 0.2182581328125 0.2065868265625 0.22298006250000002 0.22754491093749998 0.272822665625 0.2065868265625 0.2623294859375 0.5119760484375
38 0.29538300156249997 0.3473053890625 0.2843651625 0.4281437125 0.2864637984375 0.4940119765625 0.29538300156249997 0.5389221562500001 0.304302203125 0.5479041921875 0.33368310625 0.5239520953125 0.3310598109375 0.4910179640625 0.3048268625 0.5149700593750001 0.29380902343750004 0.4700598796875 0.2943336828125 0.42514969999999996 0.29958027343750004 0.45508982031249995 0.32161595 0.413173653125 0.3263378796875 0.3502994015625 0.32056663125 0.31736526875000004 0.29538300156249997 0.3473053890625
53 0.349422875 0.3802395203125 0.3473242390625 0.5059880234375 0.349947534375 0.5389221562500001 0.354669465625 0.53592814375 0.35781741875 0.3802395203125 0.38300105 0.36227544843750004 0.3604407140625 0.3592814375 0.35781741875 0.338323353125 0.36516264375 0.11676646718749999 0.36149003125 0.0658682640625 0.3557187828125 0.086826346875 0.35047219375 0.32035928125 0.345225603125 0.356287425 0.349422875 0.3802395203125
51 0.43022035625 0.46407185625 0.43022035625 0.3802395203125 0.422350471875 0.34131736562500004 0.4045120671875 0.32934131718750004 0.381427071875 0.38922155625 0.377754459375 0.5419161671875 0.38195173125 0.5598802390625 0.38929695625 0.517964071875 0.3924449109375 0.4161676640625 0.40031479531249997 0.377245509375 0.4118572921875 0.3652694609375 0.4239244484375 0.4041916171875 0.4039874078125 0.4401197609375 0.40188877187500005 0.5 0.4087093390625 0.5449101796875 0.4160545640625 0.5389221562500001 0.43022035625 0.46407185625
34 0.45907660000000006 0.3652694609375 0.43809024062499996 0.42514969999999996 0.4291710390625 0.5119760484375 0.4359916046875 0.5628742515625 0.45907660000000006 0.479041915625 0.46379853125 0.5598802390625 0.467995803125 0.5658682640625 0.467995803125 0.4760479046875 0.45907660000000006 0.3652694609375
59 0.5083945437499999 0.3592814375 0.51206715625 0.410179640625 0.5020986359374999 0.47305389218749994 0.487408184375 0.47305389218749994 0.48583420781250003 0.4940119765625 0.49003147968749994 0.517964071875 0.48058761875 0.5598802390625 0.48058761875 0.5838323359375 0.4863588671875 0.61077844375 0.5204617 0.6197604796875 0.5220356765624999 0.5988023953125 0.49108079687500006 0.5658682640625 0.5062959078125 0.5029940125000001 0.5257082890625 0.4940119765625 0.5152151109374999 0.4760479046875 0.5204617 0.3802395203125 0.5146904515624999 0.335329340625 0.495802728125 0.32934131718750004 0.49055613906250006 0.39520958125 0.5083945437499999 0.3592814375
42 0.54931794375 0.24550898281250003 0.54564533125 0.30239520937500003 0.5540398734374999 0.356287425 0.556138509375 0.2784431140625 0.54931794375 0.24550898281250003
42 0.5383001046875 0.6377245515625 0.5424973765625001 0.482035928125 0.5388247640625 0.44910179687499996 0.532004196875 0.4880239515625 0.5341028328124999 0.6317365265625 0.5383001046875 0.6377245515625
47 0.5603357812499999 0.4760479046875 0.5540398734374999 0.5658682640625 0.5598111234375 0.61077844375 0.5666316890624999 0.60778443125 0.5739769156250001 0.5658682640625 0.5718782796874999 0.4700598796875 0.5818468 0.44311377187499995 0.59391395625 0.46407185625 0.5960125921875 0.5958083828125 0.6002098640625 0.589820359375 0.6033578171875 0.4940119765625 0.5954879328125 0.4191616765625 0.576600209375 0.413173653125 0.5603357812499999 0.4760479046875
1 0.6852046171875 0.3323353296875 0.6810073453125 0.5838323359375 0.686253934375 0.589820359375 0.6925498421875 0.4760479046875 0.6951731375 0.28742515 0.6888772296875 0.2934131734375 0.6852046171875 0.3323353296875
2 0.7345225609375 0.3682634734375 0.7345225609375 0.3982035921875 0.70724029375 0.53592814375 0.70724029375 0.5598802390625 0.728226653125 0.5718562875 0.7387198328125 0.5598802390625 0.7256033578125 0.5449101796875 0.7229800625 0.517964071875 0.7387198328125 0.4401197609375 0.7418677859375 0.3682634734375 0.7329485828125 0.3113772453125 0.72035676875 0.3113772453125 0.710388246875 0.36227544843750004 0.72770199375 0.3473053890625 0.7345225609375 0.3682634734375
5 0.78069255 0.45209580781250003 0.7995802734375 0.5419161671875 0.7785939140625 0.5838323359375 0.79643231875 0.6017964078125 0.8048268625 0.5778443109375 0.8069254984375 0.53592814375 0.78908709375 0.4401197609375 0.78908709375 0.410179640625 0.8022035671875001 0.34131736562500004 0.82161595 0.36227544843750004 0.8022035671875001 0.305389221875 0.788562434375 0.3473053890625 0.77964323125 0.4221556890625 0.78069255 0.45209580781250003
46 0.8394543546875 0.4760479046875 0.8515215109375 0.44910179687499996 0.8551941234375 0.4760479046875 0.848898215625 0.5838323359375 0.8557187828125 0.5928143718750001 0.8635886671874999 0.53592814375 0.8646379859375 0.482035928125 0.8756558234374999 0.44910179687499996 0.8782791187500001 0.5059880234375 0.873032528125 0.6137724546875 0.8761804828124999 0.6137724546875 0.8845750265625 0.5059880234375 0.8845750265625 0.4281437125 0.8788037781250001 0.407185628125 0.8641133265625 0.43113772499999997 0.8431269671875 0.413173653125 0.8279118578125001 0.5299401203125 0.8279118578125001 0.589820359375 0.8357817421875 0.5928143718750001 0.8415529906250001 0.53592814375 0.8394543546875 0.4760479046875
40 0.869884575 0.7215568859375 0.877754459375 0.8323353296875 0.894543546875 0.9101796406249999 0.906610703125 0.9191616765624999 0.9139559281249999 0.8532934125 0.9171038828125001 0.5838323359375 0.923399790625 0.4940119765625 0.9123819515625 0.45508982031249995 0.8940188875 0.5059880234375 0.8919202515625001 0.5658682640625 0.8971668421875 0.5838323359375 0.8955928640625 0.5988023953125 0.8793284359375001 0.6497005984374999 0.869884575 0.7215568859375