28 0.09084791406250001 0.3246073296875 0.0874831765625 0.5523560203125 0.09959623125 0.5680628265625 0.0969044421875 0.43717277499999996 0.10094212656249998 0.32722513124999997 0.15006729531250002 0.31937172812500003 0.1574697171875 0.311518325 0.1567967703125 0.287958115625 0.022207267187499997 0.303664921875 0.0148048453125 0.321989528125 0.0208613734375 0.3455497375 0.03566621875 0.350785340625 0.09084791406250001 0.3246073296875
34 0.109017496875 0.4685863875 0.11372812968749998 0.523560209375 0.128532975 0.523560209375 0.146029609375 0.49214659687499995 0.1567967703125 0.5287958109375 0.173001390625 0.5243907546875 0.1608344546875 0.48691099531250004 0.156123821875 0.4790575921875 0.1588156125 0.41623036718749995 0.15275908437500002 0.40314136093749997 0.1446837140625 0.47120418906249995 0.1184387625 0.4895287953125 0.1244952890625 0.445026178125 0.1467025578125 0.4005235609375 0.141991925 0.38219895312499996 0.1312247640625 0.3926701578125 0.109017496875 0.4685863875
35 0.16672272500000002 0.531375659375 0.17429340468750001 0.539267015625 0.1991924625 0.5523560203125 0.21130551875 0.51570680625 0.2139973078125 0.45287958125000005 0.20659488593750003 0.41884816718750006 0.1810228796875 0.4397905765625 0.18169582812500001 0.3481675390625 0.1756393 0.335078534375 0.1668909828125 0.4633507859375 0.1608344546875 0.48691099531250004 0.1676197015625 0.4929581984375 0.16672272500000002 0.531375659375
13 0.294751009375 0.5366492140625 0.3223418578125 0.523560209375 0.3432032296875 0.43717277499999996 0.344549125 0.369109946875 0.3391655453125 0.306282721875 0.3223418578125 0.22513089062499997 0.311574696875 0.209424084375 0.3008075375 0.209424084375 0.28532974375000003 0.259162303125 0.28532974375000003 0.51570680625 0.294751009375 0.5366492140625
42 0.384925975 0.259162303125 0.387617765625 0.180628271875 0.37752355312499997 0.162303665625 0.3728129203125 0.196335078125 0.3795423953125 0.259162303125 0.384925975 0.259162303125
42 0.3627187078125 0.335078534375 0.3593539703125 0.5209424078125 0.36608344531250003 0.5366492140625 0.371467025 0.3481675390625 0.3627187078125 0.335078534375
52 0.404441453125 0.5026178015625 0.39502018906249997 0.47120418906249995 0.387617765625 0.47382198906250006 0.40174966406249996 0.523560209375 0.42261103593750005 0.5261780109374999 0.43068640625 0.5052356015624999 0.43068640625 0.45811518281249997 0.40242261093750004 0.3848167546875 0.41655450937499994 0.35602094218749997 0.424629878125 0.366492146875 0.424629878125 0.3089005234375 0.3930013453125 0.37434555 0.3990578734375 0.41884816718750006 0.42261103593750005 0.48429319375 0.404441453125 0.5026178015625
48 0.446837146875 0.4057591625 0.4562584125 0.3638743453125 0.4555854640625 0.314136125 0.440107671875 0.369109946875 0.43472409218749997 0.4633507859375 0.44078061875 0.5183246078125 0.46029609687499995 0.5261780109374999 0.4724091515625 0.5 0.4777927328125 0.4267015703125 0.47106325781249997 0.37434555 0.4623149390625 0.35602094218749997 0.4562584125 0.369109946875 0.467025571875 0.42146596875000003 0.467025571875 0.4633507859375 0.45962315 0.49214659687499995 0.446837146875 0.4790575921875 0.446837146875 0.4057591625
49 0.53566621875 0.45811518281249997 0.5174966359375001 0.5026178015625 0.4979811578125 0.5 0.500672946875 0.369109946875 0.49596231562500004 0.335078534375 0.4885598921875 0.3429319375 0.48452220781250005 0.960732984375 0.4858681015625 0.9921465968750001 0.49394347187500004 0.9973821984375 0.4966352625 0.5314136125 0.5309555859375 0.5183246078125 0.5491251687500001 0.43193717343750004 0.5437415875 0.369109946875 0.5255720046875 0.32984293125 0.506056528125 0.3481675390625 0.5107671609375 0.3874345546875 0.5309555859375 0.38219895312499996 0.5383580078125 0.4057591625 0.53566621875 0.45811518281249997
34 0.5928667562500001 0.4659685859375 0.598923284375 0.5209424078125 0.6056527593750001 0.5209424078125 0.5975773890625 0.47382198906250006 0.5942126515624999 0.3455497375 0.5646029609375 0.38219895312499996 0.5545087484375 0.4267015703125 0.55585464375 0.5052356015624999 0.5746971734375 0.5261780109374999 0.5928667562500001 0.4659685859375
47 0.6318977125 0.523560209375 0.6386271875 0.523560209375 0.6446837140625 0.48429319375 0.6446837140625 0.4057591625 0.6601615078124999 0.38219895312499996 0.6675639296875 0.42146596875000003 0.664872140625 0.5366492140625 0.671601615625 0.5575916234375 0.6756393 0.4005235609375 0.6668909828125 0.35602094218749997 0.656123821875 0.3455497375 0.6372812921875 0.3769633515625 0.6304450015625 0.3532578328125 0.6178876718749999 0.3881830046875 0.6178876718749999 0.45104812031249997 0.6250633125 0.4196155609375 0.6244952890625 0.4790575921875 0.6318977125 0.523560209375
1 0.752355315625 0.5104712046875 0.7624495296875 0.5287958109375 0.798115746875 0.5314136125 0.8021534328125 0.5209424078125 0.791386271875 0.5 0.7927321671875001 0.3167539265625 0.77860026875 0.2774869109375 0.751009421875 0.4109947640625 0.7772543734374999 0.32984293125 0.78196500625 0.35863874375 0.78196500625 0.4895287953125 0.7664872140625001 0.48691099531250004 0.752355315625 0.5104712046875
46 0.8734858687499999 0.4633507859375 0.8775235531250001 0.5052356015624999 0.8835800812500001 0.5130890046875 0.8923283984375001 0.44764397968749997 0.89367429375 0.3848167546875 0.9078061906249999 0.3717277484375 0.9125168234375 0.39528795781250003 0.909825034375 0.5052356015624999 0.9165545093749999 0.5314136125 0.9205921937499999 0.39005235625 0.9118438765624999 0.3455497375 0.8647375500000001 0.335078534375 0.8344549125 0.39005235625 0.838492596875 0.4790575921875 0.8499327046875 0.5183246078125 0.8559892328125001 0.49476439843750003 0.8532974421875 0.39528795781250003 0.8755047109375 0.3717277484375 0.8734858687499999 0.4633507859375
40 0.936742934375 0.5890052359375 0.9327052484375 0.70418848125 0.9549125171874999 0.811518325 0.9764468374999999 0.8638743453125001 0.9838492593750001 0.86125654375 0.9825033640624999 0.44764397968749997 0.9865410499999999 0.3638743453125 0.9751009421875001 0.335078534375 0.9602960968750001 0.335078534375 0.9387617765625 0.3717277484375 0.9313593546875 0.41623036718749995 0.9313593546875 0.45811518281249997 0.9387617765625 0.49738219843750003 0.9609690437499999 0.5209424078125 0.936742934375 0.5890052359375