30 0.11130137031250001 0.8309859156250001 0.09246575312500001 0.556338028125 0.066780821875 0.4788732390625 0.09931506875 0.880281690625 0.123287671875 0.9366197187499999 0.1883561640625 0.5281690140624999 0.1626712328125 0.549295775 0.11130137031250001 0.8309859156250001
38 0.27054794531250004 0.7112676062500001 0.26883561718750004 0.6760563375 0.2226027390625 0.7253521125 0.260273971875 0.556338028125 0.251712328125 0.4647887328125 0.23116438281249999 0.4788732390625 0.1986301375 0.6971830984375 0.174657534375 0.7535211265624999 0.2226027390625 0.7816901406250001 0.27054794531250004 0.7112676062500001
51 0.3373287671875 0.605633803125 0.359589040625 0.7816901406250001 0.38356164375 0.8239436625 0.39383561718750004 0.7816901406250001 0.373287671875 0.767605634375 0.3630136984375 0.59859155 0.3441780828125 0.5352112671875 0.3133561640625 0.549295775 0.27568493125 0.66197183125 0.260273971875 0.7957746484375 0.27568493125 0.8169014078125001 0.299657534375 0.6760563375 0.3373287671875 0.605633803125
53 0.41823205156250004 0.38495845 0.41998764062499994 0.5439563796875 0.4076983421875 0.6668185640625001 0.38750868125000004 0.73547671875 0.394531209375 0.7896805640625 0.4147207875 0.7174087046875 0.41910980468750003 0.7896805640625 0.4155986234375 0.8872474921875 0.43052134999999997 0.8474979578124999 0.434032609375 0.728249478125 0.43052134999999997 0.6270690140624999 0.44983317187500005 0.5873194640625 0.46914491406250003 0.576478690625 0.46826716093750004 0.515047775 0.43835616406250005 0.556338028125 0.4480775 0.44277591562499996 0.44456631875 0.2910051265625 0.4243766578125 0.3018459015625 0.41823205156250004 0.38495845
45 0.5410958906250001 0.9084507046875 0.5513698625 0.9084507046875 0.5616438359375 0.61267605625 0.5856164390624999 0.41549295781250006 0.5736301375 0.281690140625 0.5513698625 0.330985915625 0.5445205484375 0.6408450703125 0.48801369843750003 0.8028169015625 0.458904109375 0.7957746484375 0.47431506875 0.8591549296875 0.5428082187500001 0.6901408453125 0.5410958906250001 0.9084507046875
42 0.5 0.542253521875 0.48494547656250003 0.5403428453125 0.47945205468749996 0.59859155 0.45547945156249997 0.8239436625 0.47945205468749996 0.8521126765625 0.49315068437500004 0.8098591546874999 0.4691780828125 0.767605634375 0.5 0.542253521875
42 0.5308219171874999 0.3028169015625 0.48287671249999997 0.2746478875 0.5136986296875 0.345070421875 0.5308219171874999 0.3028169015625
49 0.6643835609375001 0.992957746875 0.6678082187500001 0.7957746484375 0.6986301375 0.7112676062500001 0.711420184375 0.637909775 0.705275575 0.56202439375 0.69123060625 0.5078205359375 0.6666519281250001 0.5222748453125 0.660507321875 0.674045634375 0.657534246875 0.7816901406250001 0.65068493125 0.9788732390625 0.6643835609375001 0.992957746875
45 0.71054243125 0.7643854921875 0.711420184375 0.692113634375 0.7280985828125 0.39218560625 0.7175648765625 0.33075459218750003 0.705275575 0.6126147046875 0.6986301375 0.7816901406250001 0.7079090031249999 0.861952421875 0.716687040625 0.8149756484375 0.71054243125 0.7643854921875
54 0.786033971875 0.8041348734374999 0.817635175 0.681272859375 0.817635175 0.5873194640625 0.7928082187500001 0.6901408453125 0.7859589046875 0.4788732390625 0.7702334109375 0.558410859375 0.769355575 0.674045634375 0.77462243125 0.767999028125 0.786033971875 0.8041348734374999
52 0.8476027390624999 0.5070422531250001 0.8141238328125 0.674045634375 0.8561643828125 0.5704225359375 0.859589040625 0.6971830984375 0.8356164390625 0.8661971828125001 0.8801369859375001 0.7112676062500001 0.8698630140624999 0.5140845078125 0.8476027390624999 0.5070422531250001