30 0.23045880625 1 0.202680225 0.597551653125 0.182406084375 0.6239147890625001 0.19571932187500002 0.909940934375 0.115584128125 0.646569346875 0.07313171406249999 0.5768678281249999 0.1951293640625 0.9606695937499999 0.22375748906249998 1 0.23045880625 1
38 0.2804056078125 0.781977159375 0.2790914328125 0.6088207109375 0.2501551140625 0.52154376875 0.233302134375 0.5398895718750001 0.2507107734375 0.7599227765625 0.24002588593750002 0.8202095265624999 0.29307890625 0.8368712468749999 0.3239536578125 0.7574683125 0.3143644046875 0.723544696875 0.2804056078125 0.781977159375
51 0.4594174203125 0.8418339390625 0.459923096875 0.7983522296875 0.4367334703125 0.789250990625 0.388702921875 0.6268798671875 0.3560926 0.5693611093750001 0.3292289703125 0.5900180546875 0.317869846875 0.708280415625 0.332952953125 0.8421205859375 0.3527214171875 0.8592391562499999 0.3443963578125 0.7166112734375 0.36526045625000003 0.63951948125 0.4265542578125 0.806056034375 0.4594174203125 0.8418339390625
53 0.4475900390625 0.6833063703125 0.44336256250000006 0.75474650625 0.46239831562499994 0.8059813859375 0.46581280625000004 0.7310201828125 0.48634696406250005 0.8004524046875 0.50487355625 0.8963085421875 0.5104721156250001 0.854220903125 0.487068309375 0.7372388921875 0.4608863921875 0.6394415390625 0.47076155000000003 0.596366553125 0.487139690625 0.58145943125 0.47246548437499997 0.5218004374999999 0.452609390625 0.568760934375 0.43653565156249996 0.4559225859375 0.3989734625 0.3088315171875 0.38173990625 0.323936128125 0.39444904062499997 0.40630074374999997 0.4319263859375 0.5608286453125 0.4475900390625 0.6833063703125
45 0.58541050625 0.5959213296875 0.564412146875 0.39839935937500004 0.52263396875 0.27072223125 0.5120333593749999 0.32376203124999997 0.5750627374999999 0.6272202765625 0.5564398875000001 0.7977520546875 0.5264922140625 0.7974385265625 0.5557656515625 0.8557276640625 0.58448343125 0.67563779375 0.631924021875 0.8887375750000001 0.6419346734375 0.8864264343749999 0.58541050625 0.5959213296875
42 0.5021569703125001 0.6006869375 0.529491978125 0.8256559515624999 0.559186815625 0.8477103328125001 0.5630293749999999 0.8034582453124999 0.530166215625 0.7676803421875 0.509504975 0.5411705671875 0.49440648906250007 0.5426953921875 0.5021569703125001 0.6006869375
42 0.4784959625 0.3459597359375 0.4856754078125 0.30093726875 0.4326223859375 0.2842755484375 0.4784959625 0.3459597359375
49 0.74106413125 0.661170771875 0.7370244484375 0.5868159625 0.713966828125 0.5142577562499999 0.688088615625 0.46460257031249996 0.6673914 0.48421541562500003 0.695545278125 0.6334785640625 0.7168631484375 0.7390329453125 0.7545459265625001 0.9327030140625 0.7710617859375 0.9433450171875 0.7300421234375001 0.750445328125 0.74106413125 0.661170771875
45 0.69799946875 0.343637865625 0.6739167703125 0.2861508921875 0.725347171875 0.5635514406250001 0.7569057546875 0.72978838125 0.7840018875 0.8059062546875 0.7819874703125 0.7581588640625 0.7646200375000001 0.7102475671875 0.7492176640625 0.6396305812499999 0.69799946875 0.343637865625
54 0.8291368109375 0.5136291046875 0.8280759468750001 0.6194000296875 0.773877309375 0.415087959375 0.77644693125 0.4961245015625 0.8016037578124999 0.6089930359375 0.827870540625 0.699353625 0.8471183999999999 0.7319962734375001 0.8502717265624999 0.6051744796875 0.8291368109375 0.5136291046875
52 0.8628775359375 0.4884980578125 0.8947293421875001 0.611239375 0.909391053125 0.7813143015625 0.9179189703124999 0.620340615625 0.8635517734375 0.4305224484375 0.840277865625 0.4286681578125 0.8452246078125001 0.59892236875 0.8628775359375 0.4884980578125