22 0.0297951578125 0.367647059375 0.0297951578125 0.6421568625 0.0372439484375 0.671568628125 0.04003724375 0.43137254843750006 0.0707635015625 0.6323529406249999 0.0800744875 0.6421568625 0.0800744875 0.436274509375 0.06797020468750001 0.30392156875 0.06331471093749999 0.33823529375 0.0707635015625 0.38725490156250003 0.073556796875 0.5588235296875 0.0363128484375 0.3431372546875 0.0297951578125 0.367647059375
34 0.1378026078125 0.6029411765625 0.131284915625 0.44117647031249996 0.1033519546875 0.58823529375 0.113594040625 0.436274509375 0.0986964625 0.49509803906250005 0.0931098703125 0.6127450984375 0.10242085625 0.6323529406249999 0.12383612656250001 0.51960784375 0.1378026078125 0.6029411765625
49 0.1745370578125 0.8043548921875001 0.171322159375 0.671568628125 0.19049314374999998 0.6408575875 0.2048417125 0.563725490625 0.2067039109375 0.455882353125 0.1931524921875 0.3979474703125 0.17970204843749998 0.3921568625 0.1573556796875 0.44117647031249996 0.1573556796875 0.490196078125 0.163013271875 0.795012128125 0.1745370578125 0.8043548921875001
34 0.2560521421875 0.6274509796875 0.24674115468750002 0.5392156859375 0.2309124765625 0.544117646875 0.2420856609375 0.46568627500000004 0.2374301671875 0.421568628125 0.2234636875 0.5049019609375 0.21973929218750002 0.6323529406249999 0.2411545625 0.5686274515624999 0.256983240625 0.6911764703125 0.2560521421875 0.6274509796875
26 0.32216014843749996 0.6225490203125 0.3314711359375 0.6421568625 0.3305400375 0.5392156859375 0.3873370578125 0.563725490625 0.386405959375 0.5294117640625 0.3426443203125 0.5049019609375 0.3631284921875 0.4068627453125 0.34543761562499997 0.30392156875 0.3252334859375 0.29984912812500003 0.32168766249999997 0.3979474703125 0.31843575468749996 0.5049019609375 0.32216014843749996 0.6225490203125
34 0.4292364984375 0.509803921875 0.4320297953125 0.6029411765625 0.4376163875 0.6029411765625 0.4338919921875 0.5833333328125 0.440151840625 0.5561085984374999 0.4292364984375 0.44117647031249996 0.41247672187499995 0.5392156859375 0.4003724390625 0.544117646875 0.39851024218750003 0.5049019609375 0.41713221562499997 0.3970588234375 0.41247672187499995 0.3529411765625 0.3873370578125 0.5245098046875001 0.39757914375 0.58823529375 0.408752328125 0.58823529375 0.4292364984375 0.509803921875
49 0.49809109375 0.46334644062499997 0.48324022343750006 0.40196078437500005 0.4562383609375 0.455882353125 0.46263309531249996 0.73895593125 0.47113594062499997 0.759803921875 0.4674115453125 0.6323529406249999 0.4944134078125 0.5392156859375 0.49809109375 0.46334644062499997
37 0.5661080078125 0.4754901953125 0.5586592171875 0.5735294125 0.546554934375 0.6078431375 0.528864059375 0.6029411765625 0.5270018624999999 0.5245098046875001 0.5363128484375 0.455882353125 0.5251396640625 0.4264705875 0.5232774671875 0.455882353125 0.519553071875 0.6127450984375 0.5260707640625 0.6470588234375 0.5456238359375 0.6421568625 0.5595903171875001 0.6176470593750001 0.5726256984375 0.51960784375 0.605214153125 0.5931372546875 0.5754189937499999 0.4754901953125 0.5810055859375 0.2892156859375 0.56703910625 0.20588235312499997 0.5540037250000001 0.215686275 0.5456238359375 0.2892156859375 0.54934823125 0.37745097968749997 0.5661080078125 0.4754901953125
42 0.5051826593750001 0.6782284515625 0.49906890156249994 0.4754901953125 0.4944134078125 0.5392156859375 0.49534450625000004 0.6813725484375001 0.5051826593750001 0.6782284515625
5 0.694599628125 0.6421568625 0.6843575421875 0.6372549015625 0.6769087515625001 0.5588235296875 0.67411545625 0.5931372546875 0.6862197390625 0.6764705875 0.698324021875 0.6911764703125 0.7039106140625 0.6323529406249999 0.694599628125 0.534313725 0.696461825 0.46568627500000004 0.734636871875 0.3921568625 0.7067039109375 0.421568628125 0.7057728125 0.367647059375 0.6992551203125 0.36274509843749997 0.6871508375000001 0.436274509375 0.685288640625 0.55392156875 0.694599628125 0.6421568625
0 0.7411545625 0.6127450984375 0.7541899437499999 0.563725490625 0.7560521421875 0.46568627500000004 0.734636871875 0.40196078437500005 0.7262569828125 0.5735294125 0.7411545625 0.6127450984375
0 0.7793296093750001 0.382352940625 0.7635009312500001 0.4754901953125 0.7635009312500001 0.544117646875 0.7756052140625 0.6176470593750001 0.7914338921875 0.6127450984375 0.8007448796875 0.534313725 0.7932960890625 0.4264705875 0.7793296093750001 0.382352940625