22 0.07406683281250001 0.7493188609375 0.0351080796875 0.5122868484375 0.100267415625 0.7048783375000001 0.11113937968750001 0.7129164796875 0.075388284375 0.5101619421875 0.0404850453125 0.381921628125 0.0418587953125 0.4165224671875 0.057706587499999996 0.4635038890625 0.0902500265625 0.631980953125 0.01611836875 0.42603878125000005 0.0139557796875 0.4513080125 0.061623906250000006 0.72164739375 0.07406683281250001 0.7493188609375
34 0.124699828125 0.6557720109375 0.10839859999999998 0.5043413328125 0.1039419484375 0.5648581390625 0.11886942656249999 0.6816879765625 0.1314438234375 0.6993810953125 0.1329557671875 0.5846301281249999 0.16118074843750002 0.6642721859375 0.126671928125 0.506096834375 0.124699828125 0.6557720109375
49 0.21965491250000002 0.6924629453125 0.22039164531250002 0.6140110562500001 0.20349878906250002 0.50748293125 0.180092959375 0.45278138749999997 0.1658413296875 0.44941439843750003 0.15234661875 0.5015696937499999 0.160858784375 0.5498445828125 0.2193611765625 0.8490473625 0.23233224375 0.8562471046875 0.20610809375 0.7260364234375001 0.21965491250000002 0.6924629453125
34 0.2426614703125 0.5901739593750001 0.24004544375 0.5109939328124999 0.227799728125 0.46835495 0.2285161125 0.552847515625 0.24697992968750002 0.6790089625 0.2570040375 0.612532884375 0.29387265625 0.7304714875 0.2818898890625 0.6678758140625 0.25739845781250004 0.5825978484375 0.2426614703125 0.5901739593750001
26 0.339924246875 0.568046325 0.4001144765625 0.582321071875 0.3932390078125 0.54869033125 0.3458861234375 0.532152015625 0.3490347640625 0.432045196875 0.31373710312499997 0.3337399171875 0.29313274843750003 0.33323775625 0.3066753921875 0.43046149062500005 0.322045340625 0.5363557890624999 0.34614235 0.6515687921875 0.3587167484375 0.6692619109375 0.339924246875 0.568046325
34 0.4564396828125 0.61221006875 0.449367003125 0.593546846875 0.450804225 0.56564870625 0.42009695625 0.454358084375 0.4206161296875 0.55381816875 0.4095469546875 0.5607475453124999 0.40090331562500003 0.522451 0.400515615625 0.41301257031249994 0.3882699 0.3703735875 0.39330474375 0.5437011609375 0.41445704531249994 0.6046799968750001 0.42546048281250004 0.60273979375 0.4320139875 0.52194293125 0.4509379625 0.6131801703125 0.4564396828125 0.61221006875
49 0.44924225 0.46415172812499994 0.5046950453125 0.7418143484375 0.516688928125 0.7608691078125001 0.49088948437499996 0.636001128125 0.5013080125 0.5395900124999999 0.4917552703125 0.46423476875 0.4664705109375 0.40636052500000003 0.44924225 0.46415172812499994
37 0.564574425 0.598120578125 0.546301096875 0.5963650781250001 0.5308477265625 0.519448621875 0.528100225 0.4502469390625 0.5119894875 0.4232222078125 0.51526288125 0.452510509375 0.5388339984375 0.6076368921874999 0.5512111875000001 0.640297528125 0.5696159875 0.632074684375 0.579114203125 0.6055119859375 0.5749272171875 0.5066986359375 0.619788828125 0.5734520453124999 0.5700171265625 0.46276618281250004 0.5431726171875 0.2783515015625 0.5149476374999999 0.1987094421875 0.5038127265625 0.210627990625 0.5083283953125 0.28449547656249996 0.52731810625 0.37074354375 0.5608475953125 0.46438301875 0.5705363 0.56222626875 0.564574425 0.598120578125
42 0.5013080125 0.5395900124999999 0.526910246875 0.679425509375 0.53605296875 0.6746208015625 0.4948269640625 0.4760242375 0.5013080125 0.5395900124999999
5 0.684435709375 0.5272099859375 0.687643365625 0.561487459375 0.7140344390625 0.641452884375 0.7285084796875 0.653833465625 0.7237956 0.5949334953125 0.6976017390625 0.5000005515625 0.6875186125 0.43209233906250005 0.712345446875 0.3530509765625 0.68994415 0.38686641875 0.6796638140625 0.33392572343750004 0.6723939234375 0.33023002031250004 0.6732417796875 0.40474424062500003 0.691837071875 0.52092734375 0.716328503125 0.6062053093750001 0.7053908 0.603156340625 0.684435709375 0.5272099859375
0 0.74620361875 0.4217445890625 0.7140478796874999 0.3627059546875 0.7355878796875001 0.5331232234375001 0.7570688640625 0.5691561968750001 0.7613940421875001 0.5186177359374999 0.74620361875 0.4217445890625
0 0.7671587093750001 0.49769094375 0.7918473484375 0.56800139375 0.8065843375 0.5604252828125 0.8021344046875001 0.481568621875 0.7760720140624999 0.37665733281249997 0.7546567671875 0.3356351859375 0.7552416765625 0.4301060984375 0.7671587093750001 0.49769094375