28 0.065674946875 0.523250296875 0.03403091875 0.6943225156249999 0.036434434375000005 0.7126132359375 0.07651192968750001 0.5166638515625 0.088039540625 0.44570965625000003 0.1159938375 0.29391811562500003 0.133001734375 0.28419837812500004 0.14158674531249998 0.25490846562499997 0.1221859203125 0.20189014218749998 0.1101365953125 0.2437785703125 0.07130319375000001 0.2710839484375 0.06196046875 0.3224376 0.099440571875 0.2903996109375 0.0762300125 0.4365946625 0.065674946875 0.523250296875
34 0.15658224999999998 0.48034381249999997 0.1772483359375 0.2758234484375 0.1692694953125 0.2874623703125 0.1520888890625 0.39048953750000004 0.1407972796875 0.410314228125 0.1328290234375 0.3775058078125 0.1557153296875 0.32903093437500003 0.1603919828125 0.2811304375 0.1310316796875 0.3415640984375 0.11656825781249999 0.40960915 0.11791097343750001 0.45878910156249997 0.151028090625 0.421378771875 0.15658224999999998 0.48034381249999997
35 0.1552077828125 0.564505884375 0.12767657187499998 0.52753923125 0.12991796093750002 0.5946900390625001 0.1508342125 0.6035808859375 0.19299096875 0.5236423984374999 0.2246244125 0.39701752031250004 0.227796225 0.348797159375 0.21876717031249998 0.346877975 0.1865487234375 0.40225916093749997 0.223464990625 0.21008279531250001 0.22362711875 0.16122270625 0.16983333125 0.4476007453125 0.1723883859375 0.46147871562500004 0.214242059375 0.3903657234375 0.199324009375 0.47164901875 0.1552077828125 0.564505884375
15 0.4105340359375 0.8099103953125001 0.43977455 0.620547459375 0.47226335625000004 0.6311572156249999 0.4858256265625 0.5796800703125 0.44896573125000006 0.5736065546875 0.4548441421875 0.5348514171875001 0.49420432343750004 0.532042646875 0.4990707890625 0.4886006515625 0.45922829531250003 0.451329075 0.398495296875 0.8073514828125001 0.40029264062500003 0.8432931937499999 0.4105340359375 0.8099103953125001
54 0.491242278125 0.6225973437500001 0.487464296875 0.6884686953125 0.49483696562499996 0.6944807640625 0.5154607171875 0.6677497640625 0.5375998937500001 0.5968912859375 0.5523664015625 0.5200207390625 0.5579523109375 0.4456437578125 0.5463576156250001 0.4742939421875 0.542731175 0.5357525453124999 0.53007568125 0.595291965625 0.5022202203125 0.6560454906250001 0.5041902734375 0.5986797703125 0.5249867359375 0.478641340625 0.514149753125 0.48522778593749993 0.491242278125 0.6225973437500001
36 0.5624245015625 0.6243927140625 0.56439455625 0.56702699375 0.5714747250000001 0.5374172171875 0.596613003125 0.511645809375 0.6077636546875 0.45178652656249996 0.5883522453125 0.44321554374999994 0.5514465609375 0.59094456875 0.549173421875 0.6571357843750001 0.5670799875 0.6653869015625 0.583340753125 0.6332835609374999 0.5624245015625 0.6243927140625
45 0.600186521875 0.6724239125 0.6074288171875 0.5939540453125 0.64690014375 0.41565565312499997 0.6431433281250001 0.3926323203125 0.59267289375 0.62637725 0.5910059249999999 0.674917475 0.600186521875 0.6724239125
34 0.6295362421874999 0.6564375921875001 0.6506146203125 0.6164683484375 0.6468366375 0.6823397015625 0.6795414640625 0.4803782484375 0.673370553125 0.483511540625 0.6549881890625 0.5773933484375 0.6355661968749999 0.6132697078125 0.628041984375 0.6116703875 0.6378393359375 0.5470784921875 0.665846340625 0.48191221874999995 0.659079840625 0.45824915937500005 0.6393547625 0.5029510140625 0.6182658 0.5873676 0.6132860609375 0.6440935921875 0.6295362421874999 0.6564375921875001
55 0.747269959375 0.45032479218750004 0.69094228125 0.6339301765625 0.6990938328125 0.5289838234375 0.683893865625 0.5301979296875 0.6765106109375 0.568633203125 0.6858427515625001 0.5617268906249999 0.6844788671875001 0.601441621875 0.6688031062500001 0.7047886531249999 0.674519390625 0.71489360625 0.7413915484375 0.48907992968749997 0.747269959375 0.45032479218750004
5 0.782575546875 0.7023019781250001 0.8135922359375 0.6377754328125 0.8208239453124999 0.6037529078125 0.819784315625 0.545747459375 0.8030900890625 0.502194359375 0.84885211875 0.449691953125 0.845095303125 0.4266686203125 0.8062619015625 0.453974 0.778092771875 0.5680003609375001 0.8089367484375 0.596781246875 0.8048662656250001 0.627030753125 0.7741526624999999 0.6827318015625 0.782575546875 0.7023019781250001
0 0.8497190390625 0.60100483125 0.909582334375 0.4275850375 0.906080790625 0.4070735484375 0.8794959796875 0.42118998437500005 0.858476759375 0.4784074875 0.8385895546875 0.57196943125 0.8497190390625 0.60100483125
0 0.8969964921875 0.5043749453124999 0.8728978453125 0.5881518015625 0.8825224875 0.6168673375 0.9222757296875 0.51863813125 0.939315375 0.3755763703125 0.9302863218749999 0.373657184375 0.9051374593749999 0.443875934375 0.8969964921875 0.5043749453124999