28 0.064615384375 0.3782608703125 0.0723076921875 0.52608695625 0.08 0.613043478125 0.084615384375 0.786956521875 0.09076923125 0.8043478265624999 0.08923076875 0.6043478265625 0.0857542671875 0.5325474265625 0.0815384609375 0.3782608703125 0.096153846875 0.36521739062499997 0.0984615390625 0.33478260937500004 0.0684615390625 0.286956521875 0.065384615625 0.3304347828125 0.0330769234375 0.36521739062499997 0.034615384375 0.41739130468749996 0.064615384375 0.3782608703125
34 0.1176923078125 0.539130434375 0.1423076921875 0.4956521734375 0.16 0.5521739125 0.1376923078125 0.3478260875 0.1323076921875 0.360869565625 0.1369230765625 0.465217390625 0.13 0.486956521875 0.11538461562499999 0.45652173906250004 0.12769230781250002 0.40434782656249996 0.1223076921875 0.3565217390625 0.106153846875 0.42173912968750005 0.106153846875 0.4913043484375 0.1176923078125 0.539130434375
35 0.1976923078125 0.4521739125 0.2 0.534782609375 0.176153846875 0.634782609375 0.1415384609375 0.6043478265625 0.15769230781250002 0.6695652171875001 0.18 0.67391304375 0.204615384375 0.586956521875 0.20923076875 0.45652173906250004 0.2023076921875 0.40869565156250004 0.1930769234375 0.40869565156250004 0.1730769234375 0.46956521718750005 0.16923076875 0.27391304375000003 0.15923076875 0.22608695625 0.166153846875 0.5173913046874999 0.1715384609375 0.5304347828125 0.1976923078125 0.4521739125
15 0.46461538437499994 0.8217391296875001 0.47384615312499995 0.8565217390625 0.4769230765625 0.8217391296875001 0.466153846875 0.6304347828125 0.5001385875000001 0.6340578875 0.5027017890625001 0.5808858875 0.465384615625 0.5826086953125 0.4630769234375 0.5434782609375 0.5009930140625001 0.5325474265625 0.49672103749999996 0.48904294843749996 0.45 0.46086956562500003 0.46461538437499994 0.8217391296875001
54 0.52 0.47391304375 0.5107692312500001 0.48260869531250006 0.5169230765624999 0.6217391296875 0.5269230765625 0.686956521875 0.5353846156250001 0.6913043484375 0.55 0.660869565625 0.5569230765625 0.586956521875 0.555384615625 0.5086956515625001 0.545384615625 0.434782609375 0.54 0.465217390625 0.54923076875 0.52608695625 0.54923076875 0.586956521875 0.534615384375 0.6521739125 0.524615384375 0.5956521734375 0.52 0.47391304375
36 0.6 0.6478260875 0.60923076875 0.613043478125 0.5869230765625 0.6086956515625 0.5769230765625 0.5521739125 0.5776923078125 0.5217391296875 0.5969230765625 0.4913043484375 0.595384615625 0.43043478281249997 0.574615384375 0.42608695625 0.56923076875 0.5782608703125 0.58076923125 0.6434782609374999 0.6 0.6478260875
45 0.6169230765625 0.6043478265625 0.625384615625 0.6521739125 0.633846153125 0.6478260875 0.624615384375 0.5695652171875001 0.6261538468750001 0.386956521875 0.6176923078125001 0.36521739062499997 0.6169230765625 0.6043478265625
34 0.633846153125 0.560869565625 0.64076923125 0.6173913046874999 0.65923076875 0.62608695625 0.6715384609374999 0.5826086953125 0.6815384609375 0.6478260875 0.6715384609374999 0.4434782609375 0.666153846875 0.4478260875 0.6676923078125 0.5434782609375 0.656153846875 0.5826086953125 0.6484615390624999 0.5826086953125 0.644615384375 0.5173913046874999 0.6584615390625 0.4478260875 0.6469230765625 0.42608695625 0.6369230765625 0.47391304375 0.633846153125 0.560869565625
55 0.715384615625 0.67391304375 0.733846153125 0.439130434375 0.7315384609375 0.4 0.7146153843749999 0.5913043484375 0.70076923125 0.486956521875 0.686153846875 0.4913043484375 0.6869230765625 0.5304347828125 0.694615384375 0.5217391296875 0.7015384609375 0.560869565625 0.7076923078124999 0.665217390625 0.715384615625 0.67391304375
5 0.8246153843749999 0.560869565625 0.8061538468749999 0.6217391296875 0.8184615390625 0.639130434375 0.835384615625 0.5695652171875001 0.835384615625 0.534782609375 0.8223076921875 0.4782608703125 0.7969230765625 0.439130434375 0.83076923125 0.3782608703125 0.8223076921875 0.3565217390625 0.79 0.3913043484375 0.786153846875 0.5086956515625001 0.8223076921875 0.5304347828125 0.8246153843749999 0.560869565625
0 0.846153846875 0.40434782656249996 0.846153846875 0.5 0.8630769234375 0.52608695625 0.8855760609375001 0.344010521875 0.8778864546875 0.3246752703125 0.8548175578125001 0.344010521875 0.846153846875 0.40434782656249996
0 0.894615384375 0.286956521875 0.8846153843750001 0.360869565625 0.8892307687500001 0.42173912968750005 0.8830769234375 0.5086956515625001 0.8984615390625 0.534782609375 0.9169230765625 0.43043478281249997 0.903846153125 0.286956521875 0.894615384375 0.286956521875