12 0.1013513515625 0.47014925312500006 0.1013513515625 0.529850746875 0.1385135140625 0.5970149250000001 0.16216216249999998 0.5895522390625 0.16891891875 0.574626865625 0.165540540625 0.5671641796875 0.1385135140625 0.5671641796875 0.114864865625 0.529850746875 0.11824324374999999 0.477611940625 0.125 0.4925373140625 0.1418918921875 0.4850746265625 0.135135134375 0.425373134375 0.125 0.4179104484375 0.1013513515625 0.47014925312500006
45 0.1764791015625 0.5692550890625 0.19502054687499998 0.6024426125 0.202702703125 0.5895522390625 0.1824324328125 0.54477611875 0.1824324328125 0.5149253734375 0.185308384375 0.4794536421875 0.18884012187500002 0.43455288124999997 0.1790540546875 0.40298507499999997 0.16891891875 0.4402985078125 0.171181546875 0.5458286125 0.15440600625 0.5770639703125 0.165001115625 0.5848727609375 0.1764791015625 0.5692550890625
48 0.23986486562499998 0.46268656718749995 0.21621621562499999 0.5 0.20945945937500002 0.5597014921875 0.21959459531249997 0.5970149250000001 0.24324324375 0.5895522390625 0.25 0.5597014921875 0.25 0.4850746265625 0.23986486562499998 0.46268656718749995
49 0.2871621625 0.55223880625 0.283783784375 0.529850746875 0.2736486484375 0.5074626859375 0.2702702703125 0.5149253734375 0.2702702703125 0.7089552234375 0.2804054046875 0.7313432828125 0.283783784375 0.7238805968750001 0.283783784375 0.5895522390625 0.3074324328125 0.5820895515625 0.3175675671875 0.5597014921875 0.3175675671875 0.5 0.29391891875 0.46268656718749995 0.2804054046875 0.477611940625 0.2770270265625 0.5 0.30067567500000003 0.5074626859375 0.3040540546875 0.54477611875 0.2871621625 0.55223880625
42 0.364864865625 0.425373134375 0.3614864859375 0.38805970156249997 0.3445945953125 0.3955223875 0.3445945953125 0.4104477609375 0.3547297296875 0.4328358203125 0.364864865625 0.425373134375
42 0.341216215625 0.4925373140625 0.3378378375 0.5895522390625 0.3513513515625 0.5895522390625 0.3513513515625 0.5 0.341216215625 0.4925373140625
37 0.415540540625 0.3432835828125 0.40540540468749997 0.36567164218750003 0.40540540468749997 0.47014925312500006 0.41891891875000004 0.5149253734375 0.4020270265625 0.55223880625 0.385135134375 0.54477611875 0.385135134375 0.5149253734375 0.3986486484375 0.5 0.3952702703125 0.477611940625 0.3885135140625 0.477611940625 0.37162162187500003 0.5149253734375 0.37162162187500003 0.5597014921875 0.38175675625 0.5820895515625 0.3986486484375 0.574626865625 0.42229729687499995 0.5373134328125 0.4358108109375 0.5373134328125 0.4425675671875 0.55223880625 0.459459459375 0.54477611875 0.4324324328125 0.5 0.4324324328125 0.47014925312500006 0.4391891890625 0.45522388124999996 0.4391891890625 0.36567164218750003 0.4290540546875 0.3432835828125 0.415540540625 0.3432835828125
7 0.574324325 0.4850746265625 0.5540540546875 0.5597014921875 0.5574324328125 0.5970149250000001 0.574324325 0.5895522390625 0.574324325 0.529850746875 0.5945945953125 0.47014925312500006 0.591216215625 0.4328358203125 0.577702703125 0.4328358203125 0.5709459453125 0.44776119375 0.54391891875 0.44776119375 0.533783784375 0.47014925312500006 0.5574324328125 0.477611940625 0.5641891890624999 0.46268656718749995 0.574324325 0.4850746265625
5 0.6081081078125 0.4850746265625 0.635135134375 0.574626865625 0.6114864859375 0.5820895515625 0.6081081078125 0.6044776125 0.6418918921875 0.6044776125 0.6486486484375 0.5895522390625 0.6486486484375 0.5597014921875 0.635135134375 0.529850746875 0.6283783781250001 0.4850746265625 0.6452702703125001 0.44776119375 0.672297296875 0.44776119375 0.675675675 0.4402985078125 0.665540540625 0.4179104484375 0.6317567562499999 0.4328358203125 0.6081081078125 0.4850746265625
46 0.6881957296875 0.5263065828125 0.6970249328125 0.5614462984374999 0.707620046875 0.55754185 0.710268825 0.52240215 0.7195945953125 0.5074626859375 0.7297297296874999 0.5149253734375 0.7331081078125 0.55223880625 0.739864865625 0.55223880625 0.7432432437500001 0.529850746875 0.760135134375 0.5074626859375 0.7668918921875 0.5074626859375 0.79391891875 0.55223880625 0.797297296875 0.54477611875 0.797297296875 0.529850746875 0.7736486484375 0.477611940625 0.7466216218749999 0.4925373140625 0.7331081078125 0.46268656718749995 0.7263513515625 0.46268656718749995 0.699324325 0.5074626859375 0.6855469453125 0.49702350781250004 0.6670054999999999 0.5106889109375 0.674068884375 0.54192426875 0.6881957296875 0.5263065828125
40 0.838293203125 0.4579793578125 0.8109223921875 0.4638359703125 0.79591275625 0.4872624484375 0.790540540625 0.54477611875 0.8006756749999999 0.5671641796875 0.8344594593749999 0.5671641796875 0.846239534375 0.55949411875 0.8453565 0.604394790625 0.841216215625 0.9104477609374999 0.8344594593749999 0.9104477609374999 0.8040540546875 0.828358209375 0.8040540546875 0.7388059703125001 0.8108108109375 0.7089552234375 0.8378378375000001 0.6641791046875001 0.8378378375000001 0.64925373125 0.8344594593749999 0.6417910453125 0.8209459453125 0.6567164171875 0.790540540625 0.7388059703125001 0.790540540625 0.8432835828125 0.797297296875 0.873134328125 0.8209459453125 0.9253731343749999 0.8344594593749999 0.9402985078125001 0.8513513515625 0.9328358203124999 0.864864865625 0.8880597015625 0.864864865625 0.5 0.8614864859375 0.46268656718749995 0.8513513515625 0.47014925312500006 0.8513513515625 0.5149253734375 0.841216215625 0.5373134328125 0.8073907359374999 0.54192426875 0.812688296875 0.50288011875 0.8427077234375 0.47164485 0.838293203125 0.4579793578125