28 0.093495928125 0.5511151375 0.10714936718750001 0.5816155703125 0.1592455828125 0.562401221875 0.21355502187500003 0.77645064375 0.224137309375 0.784125546875 0.1672889734375 0.5628736046875 0.2170237125 0.541664409375 0.207827096875 0.507342171875 0.093495928125 0.5511151375
34 0.23976370781249998 0.73789679375 0.24088325156249998 0.7034379546875 0.256720746875 0.7307255625 0.25801771093750003 0.70147439375 0.250401025 0.6798668390625 0.2535608875 0.7052962015625 0.24498523749999998 0.6892008078125 0.2165251359375 0.5943500921875 0.2019295703125 0.6035161703125 0.2030109234375 0.6689165359375 0.2185991328125 0.7225469875 0.23189773281249998 0.7426320796875 0.23976370781249998 0.73789679375
35 0.2739821078125 0.631506634375 0.2595639625 0.6458803828125 0.2358733171875 0.5679315609375 0.2283000875 0.5699608015625001 0.26020176875 0.6982615734375 0.2752577203125 0.7362690140625 0.2916106328125 0.7450252890625 0.298323384375 0.7064401484375 0.2850079421875 0.6522007109375 0.2739821078125 0.631506634375
24 0.37016933125 0.49274635 0.345916765625 0.42041667031249996 0.326758828125 0.396646375 0.313299646875 0.40550795937500006 0.3093032109375 0.4565032890625 0.37499332343749997 0.701662128125 0.3870668328125 0.7194478765625 0.35010295 0.5769512578125 0.37238707031249996 0.557842221875 0.37016933125 0.49274635
34 0.42680656875 0.640481928125 0.40184432656249996 0.5473215703125 0.3854914125 0.538565296875 0.373878290625 0.56795306875 0.37872363125 0.6428552937500001 0.3879202484375 0.6771775328125 0.40856940625 0.7110586750000001 0.4210696234375 0.7077092515625 0.4241958046875 0.664829921875 0.4557772375 0.7154484078125 0.436696021875 0.6614804999999999 0.42680656875 0.640481928125
47 0.4966918890625 0.705839559375 0.5063152109375 0.7190266249999999 0.48476211874999997 0.6249527859375 0.4657647609375 0.5722358140625 0.45228874062499996 0.5469430515625 0.42650676093750006 0.56436173125 0.4350824109375 0.580457125 0.463027096875 0.6938391765625 0.47325454687499996 0.6910987390625001 0.46860346249999996 0.6555585296875 0.45038765 0.5921217234375 0.4543122171875 0.5726769078125 0.47286602968749997 0.61237470625 0.4966918890625 0.705839559375
53 0.5231835421875 0.709251559375 0.5313156453125 0.7123277781249999 0.4931266703125 0.567531815625 0.51157493125 0.570471434375 0.5049160609375 0.538687703125 0.4864689484375 0.5404120984375 0.437326009375 0.343371546875 0.425163790625 0.3229819625 0.4297261625 0.3559183375 0.474572859375 0.5278340187499999 0.4706482921875 0.5472788343749999 0.4759922109375 0.5694953765624999 0.4878883 0.5820734546875 0.5231835421875 0.709251559375
48 0.5204717390625 0.528673471875 0.5051833390625 0.55116321875 0.52673643125 0.6452370562499999 0.5379396859375001 0.6711388031250001 0.549569646875 0.675905378125 0.5534055062500001 0.6538567265624999 0.544458178125 0.593191646875 0.5352615625 0.5588694109375 0.5204717390625 0.528673471875
47 0.562446053125 0.5489577437500001 0.5776625828124999 0.5580185078125 0.60560726875 0.6714005609375 0.6148757546875 0.6741722875 0.6147702046875 0.63741410625 0.609781125 0.6256129015624999 0.6073477796875 0.655168565625 0.5857946859375 0.5610947265624999 0.57082744375 0.5256911203125 0.553604275 0.5250508453125 0.5407660609375 0.5521392765625001 0.5645919203124999 0.645604128125 0.5820093468749999 0.6856064187500001 0.5855790765625 0.6557462640625 0.5617532171875 0.5622814093749999 0.562446053125 0.5489577437500001
42 0.618800321875 0.6547274703125 0.6316722140625 0.6959477328125 0.6362177484375 0.6947297609375 0.6156236203125001 0.5951437609375 0.5948689125 0.5245044375 0.6080237734375 0.6076905515625 0.6101528015625 0.6701825890625 0.618800321875 0.6547274703125
42 0.5641023640625 0.36195401562499996 0.5581543203125 0.355664975 0.558775284375 0.3738918203125 0.5897742828125 0.47594505312499996 0.5824955953125001 0.4305984890625 0.5641023640625 0.36195401562499996
57 0.6536565265625 0.6007185015625 0.6490773140625 0.53362778125 0.6419928859375 0.5276432343749999 0.6409620515625 0.564705909375 0.6153238109375 0.5190235640624999 0.622158953125 0.5513509515624999 0.6409788921875 0.5988602546874999 0.648895384375 0.6965880078125 0.6520047265625 0.61955433125 0.695149103125 0.7078428031249999 0.70940666875 0.72241573125 0.6536565265625 0.6007185015625
2 0.7485467890625 0.4912093890625 0.7484367296875 0.6226191046875 0.7760647671875 0.6257266125000001 0.7931823875 0.5896087062500001 0.786879503125 0.572904325 0.7590908875 0.5987434953124999 0.7607977171875 0.5142028062499999 0.7459910562500001 0.449852521875 0.7300648484375001 0.41996107812499994 0.7013004281249999 0.4171580640625 0.70245365 0.4510079171875 0.712697940625 0.48242182656250004 0.7116334265625001 0.4511758078125 0.7320883265625 0.4456949328125 0.7485467890625 0.4912093890625
0 0.8072838843750001 0.4649604125 0.7832255765625 0.4319927484375 0.76610795625 0.4681106546875 0.774966575 0.5261719 0.7867907953125 0.570300490625 0.8053446046875001 0.6099982890625 0.826243053125 0.617536590625 0.83567211875 0.5913616390625 0.825144859375 0.517981878125 0.8072838843750001 0.4649604125
46 0.8341135375000001 0.44463340625000003 0.845654790625 0.44679614531249995 0.8637100234374999 0.5391796281250001 0.885850403125 0.5831716171875 0.8810050609375001 0.508269390625 0.8603390640624999 0.44023390312500005 0.8754500437500001 0.4125364859375 0.885694334375 0.44395039687500004 0.9064658812499999 0.5487440671875 0.9270263312499999 0.5800213750000001 0.90540136875 0.517498046875 0.8885712281249999 0.4274139078125 0.8687036140625001 0.3828129328125 0.8483542640625 0.4250519875 0.825094340625 0.41551883749999996 0.821452740625 0.47692950625 0.836081984375 0.5360721203125001 0.8559495984375 0.5806730953125 0.8604951328125001 0.5794551234374999 0.8527728968750001 0.5210893859375 0.8315027718750001 0.4689814 0.8341135375000001 0.44463340625000003
40 1 0.7073114921875 0.919253578125 0.419192596875 0.904641171875 0.394204328125 0.89555010625 0.396640271875 0.89400385625 0.45223428437499996 0.9084556796875001 0.506169228125 0.9233342125 0.5389690015624999 0.9239467296875 0.5744224453125 0.9320322515624999 0.625976921875 0.9504254828124999 0.6946213984375 1 0.7830634984375 1 0.7073114921875