28 0.05990338125 0.525 0.063768115625 0.6019230765625 0.063768115625 0.7326923078124999 0.0719806765625 0.7807692312500001 0.079227053125 0.7865384609375 0.071497584375 0.7326923078124999 0.071497584375 0.575 0.06763285 0.5173076921875001 0.10289855 0.51923076875 0.1125603859375 0.503846153125 0.113043478125 0.4865384609375 0.013043478124999999 0.4884615390625 0.010628018749999999 0.5019230765625 0.0169082125 0.51923076875 0.05990338125 0.525
34 0.0990338171875 0.73076923125 0.1111111109375 0.7326923078124999 0.1202898546875 0.7192307687499999 0.1251207734375 0.6884615390625 0.14299516875 0.7019230765625 0.1304347828125 0.6673076921875001 0.12222222187500001 0.5423076921875001 0.106763284375 0.546153846875 0.09371980625000001 0.5942307687499999 0.0888888890625 0.640384615625 0.09082125625000001 0.7019230765625 0.0990338171875 0.73076923125
35 0.1835748796875 0.6634615390625 0.1845410625 0.578846153125 0.17536231875 0.5076923078125 0.1574879234375 0.509615384375 0.1565217390625 0.34423076875 0.1502415453125 0.31923076875 0.14782608749999998 0.428846153125 0.151690821875 0.6865384609375 0.1748792265625 0.690384615625 0.1835748796875 0.6634615390625
11 0.2980676328125 0.4115384609375 0.2787439609375 0.43461538437499997 0.27391304375000003 0.4076923078125 0.26763285 0.409615384375 0.2772946859375 0.7365384609375 0.2787439609375 0.753846153125 0.2840579703125 0.7519230765625 0.2864734296875 0.68076923125 0.29420289843749997 0.7192307687499999 0.3086956515625 0.734615384375 0.3212560390625 0.7230769234375 0.32753623125 0.690384615625 0.32753623125 0.625 0.3188405796875 0.5634615390625 0.32560386406249997 0.44423076874999995 0.31835748750000004 0.4115384609375 0.2980676328125 0.4115384609375
42 0.3492753625 0.4076923078125 0.34154589375 0.40384615312500005 0.33236715 0.425 0.3396135265625 0.48076923125000004 0.351690821875 0.490384615625 0.3565217390625 0.478846153125 0.3574879234375 0.4519230765625 0.3492753625 0.4076923078125
42 0.3342995171875 0.5326923078125 0.33816425156249996 0.6788461531250001 0.3458937203125 0.6826923078125 0.34492753593750003 0.559615384375 0.3420289859375 0.5134615390625 0.3367149765625 0.503846153125 0.3342995171875 0.5326923078125
52 0.3874396140625 0.628846153125 0.3840579703125 0.65 0.37342995156250003 0.6653846156250001 0.35845410625 0.6634615390625 0.3657004828125 0.684615384375 0.3816425125 0.6826923078125 0.39227053125 0.6557692312500001 0.3942028984375 0.5865384609375 0.37874396093749996 0.5326923078125 0.397584540625 0.503846153125 0.39371980624999997 0.48076923125000004 0.3536231890625 0.5480769234375 0.35700483125 0.56923076875 0.3705314015625 0.5615384609375 0.385507246875 0.578846153125 0.3874396140625 0.628846153125
45 0.40338164218749994 0.24615384687500003 0.4 0.33269230781250003 0.40386473437500003 0.3673076921875 0.41159420312500006 0.6673076921875001 0.41835748749999996 0.6826923078125 0.4212560390625 0.671153846875 0.40966183593750005 0.278846153125 0.40338164218749994 0.24615384687500003
48 0.46376811562500003 0.5673076921875 0.45555555625000005 0.5269230765625 0.4352657 0.48461538437499996 0.4280193234375 0.528846153125 0.42608695625 0.628846153125 0.4352657 0.66923076875 0.4492753625 0.671153846875 0.4618357484375 0.6365384609375 0.46376811562500003 0.5673076921875
45 0.4830917875 0.44423076874999995 0.48212560312499997 0.2673076921875 0.47681159375000004 0.253846153125 0.47342995156249995 0.290384615625 0.47439613593749996 0.425 0.48212560312499997 0.640384615625 0.4879227046875 0.64423076875 0.4917874390625 0.625 0.4830917875 0.44423076874999995
2 0.5886508296875 0.47159625 0.5858912734375 0.5302396 0.5684140625 0.515578803125 0.5526570046875 0.5634615390625 0.5516908218750001 0.6019230765625 0.55700483125 0.6230769234375 0.5647343 0.6269230765625 0.5850241546875 0.5846153843749999 0.6019323671875 0.6365384609375 0.59227053125 0.5673076921875 0.6 0.45576923125 0.5990338171875 0.4134615390625 0.59371980625 0.384615384375 0.5840579703125 0.38076923125 0.572946859375 0.4173076921875 0.5684140625 0.45327013125000004 0.578532403125 0.47892673124999996 0.58497139375 0.431278853125 0.5886508296875 0.47159625
5 0.6328502421875 0.39038461562500004 0.6434782609374999 0.4173076921875 0.64444444375 0.4865384609375 0.6405797093750001 0.5326923078125 0.64299516875 0.5538461531250001 0.648309178125 0.5403846156250001 0.6555555562500001 0.4576923078125 0.670048309375 0.45384615312500004 0.6734299515625 0.4673076921875 0.6743961359374999 0.5019230765625 0.6710144921875 0.515384615625 0.65845410625 0.515384615625 0.6512077296875 0.559615384375 0.653140096875 0.5942307687499999 0.6628019328125 0.609615384375 0.6859903375 0.5326923078125 0.6801932359375 0.521153846875 0.6811594203125 0.475 0.6758454109375001 0.4384615390625 0.669082125 0.4269230765625 0.6507246375 0.4384615390625 0.6502415453125 0.40192307656250004 0.6787439609375 0.384615384375 0.6787439609375 0.353846153125 0.6328502421875 0.39038461562500004
46 0.7545893718750001 0.5019230765625 0.7652173906249999 0.5326923078125 0.75845410625 0.4134615390625 0.7531400968749999 0.38076923125 0.7434782609374999 0.38076923125 0.729951690625 0.43076923125000005 0.7173913046875 0.3923076921875 0.693236715625 0.4076923078125 0.686956521875 0.425 0.6884057968749999 0.45 0.6942028984374999 0.43076923125000005 0.7024154593749999 0.44038461562500003 0.6995169078125001 0.5326923078125 0.710144928125 0.575 0.713043478125 0.5634615390625 0.7125603859375 0.41923076875 0.7183574875 0.4230769234375 0.7256038640625 0.45576923125 0.729951690625 0.5576923078125 0.7371980671875 0.5480769234375 0.7342995171875 0.4634615390625 0.74444444375 0.4076923078125 0.751690821875 0.42115384687499996 0.7545893718750001 0.5019230765625
40 0.789855071875 0.3615384609375 0.772946859375 0.4134615390625 0.770048309375 0.4673076921875 0.7772946859375 0.534615384375 0.7850241546875 0.55 0.7966183578125 0.5115384609375 0.7990338171875 0.525 0.8009661828124999 0.6557692312500001 0.7666666671875 0.6730769234375 0.7579710140625 0.6884615390625 0.751690821875 0.728846153125 0.7657004828125 0.81923076875 0.8043478265624999 0.93076923125 0.8082125609374999 0.9576923078125 0.8135265703125001 0.95576923125 0.8096618359375001 0.6865384609375 0.8183574874999999 0.6673076921875001 0.8096618359375001 0.6557692312500001 0.8106280187499999 0.35961538437499996 0.8043478265624999 0.3423076921875 0.7951690828125 0.490384615625 0.7879227046875 0.5230769234375 0.7787439609375 0.509615384375 0.77681159375 0.4365384609375 0.789855071875 0.3615384609375