28 0.0299888625 0.6534063171875 0.029728185937500002 0.702178940625 0.0358626578125 0.7091188421875 0.037600903125 0.654748525 0.0649838859375 0.4994519171875 0.0711960296875 0.44196498125000006 0.105592025 0.44998266718749996 0.1177785875 0.4365095390625 0.12125978906249998 0.41954867656249994 0.022445075000000002 0.40407772187499996 0.017728740625 0.4169153078125 0.020908075 0.43505060156250003 0.062248232812500005 0.44819821875 0.052696701562500003 0.5246237640625 0.0299888625 0.6534063171875
34 0.08798948125 0.6499641859375 0.09809002812499999 0.620501290625 0.1133553 0.6368621734375 0.1069966328125 0.6005915859375001 0.1206148609375 0.47606452031249996 0.1047229015625 0.4771678265625 0.08352911406249999 0.5222493765625 0.0707570578125 0.5668631625 0.06197402656249999 0.62780226875 0.0650527375 0.6576362812500001 0.0766126125 0.6616273421875001 0.08798948125 0.6499641859375
35 0.1789585390625 0.451202703125 0.1610217578125 0.4499927078125 0.1887889890625 0.2869528796875 0.18694540937499998 0.261242140625 0.1655321359375 0.36877278125 0.12459035781250001 0.62322126875 0.14675860000000002 0.631035615625 0.159997290625 0.6060315453125 0.17564210156249999 0.5228694328125 0.1789585390625 0.451202703125
11 0.293376875 0.36983508125000003 0.28685815312499996 0.370638396875 0.23960360781249998 0.6942725375000001 0.238025415625 0.7115689515625 0.24359263125 0.710597859375 0.25832713125 0.640944440625 0.2592603953125 0.68016386875 0.2708614609375 0.6978313984375 0.2852346609375 0.6886493203125 0.2970964015625 0.6575442265625 0.308450321875 0.59315295 0.3105728171875 0.5310394125 0.337937559375 0.4147944578125 0.3364782296875 0.3813404984375 0.316496625 0.377817203125 0.29345925624999997 0.397188015625 0.293376875 0.36983508125000003
42 0.34793748281250003 0.3970302796875 0.3453895453125 0.45321057031249995 0.355613665625 0.4647770765625 0.3623748234375 0.4542527890625 0.368001471875 0.4279065109375 0.3675942703125 0.3829216109375 0.3606501078125 0.3777916796875 0.34793748281250003 0.3970302796875
42 0.3165107546875 0.6531565265625 0.3369313328125 0.5317816421875 0.3420913484375 0.48582565000000005 0.338527765625 0.475433575 0.3311399203125 0.5034220515625 0.3095665921875 0.6480265953125001 0.3165107546875 0.6531565265625
52 0.3466340984375 0.64089339375 0.3322197078125 0.6363990046875 0.33568266874999997 0.6584897953125 0.3517164421875 0.6593642390625 0.366858140625 0.6346957203125 0.3807829484375 0.5668522734375 0.374909153125 0.5111397484375 0.398472584375 0.4860034640625 0.3986738296875 0.462606028125 0.3474985109375 0.5219284609375 0.3471554515625 0.543348146875 0.361812278125 0.5381215671875 0.3735551578125 0.5577668453125 0.366775759375 0.607342784375 0.3597721640625 0.627588040625 0.3466340984375 0.64089339375
45 0.42836702187500003 0.3526298734375 0.383884609375 0.64941440625 0.387873634375 0.6657397281249999 0.3927317828125 0.654879890625 0.44943723750000003 0.26651891875 0.4489294140625 0.23323273906250003 0.4305719 0.3178692703125 0.42836702187500003 0.3526298734375
48 0.4389206703125 0.47360811875 0.4241037890625 0.5159086015625001 0.4048359625 0.6140538249999999 0.4068625453125 0.6554187796875001 0.42032542968750003 0.65974539375 0.43870589375 0.6278369828125 0.4526307015625 0.5599935359375 0.45155562343750005 0.5187963578125 0.4389206703125 0.47360811875
45 0.5199080453125 0.253559159375 0.5102329390625 0.288955303125 0.4878087296875 0.4216933546875 0.4580196234375 0.6351480015625001 0.4630607765625 0.6399423796875 0.470206184375 0.6216748734374999 0.4930328859375 0.4421419484375 0.52280375 0.26773895468750003 0.5199080453125 0.253559159375
2 0.56466946875 0.527222103125 0.5408370453125 0.5716412078124999 0.5332067656249999 0.609350653125 0.534766715625 0.63110589375 0.5417108796875 0.6362358234375 0.5690391390625 0.5980941765625001 0.57667413125 0.6521645046875 0.5791808765625001 0.582307746875 0.6061613671875 0.47380601406249995 0.6125565171875 0.43197329531250006 0.6123323203125 0.40264260937499996 0.603485146875 0.397177128125 0.5861980015625 0.4312310640625 0.57548925625 0.46586004062499997 0.5809986546875 0.49288389062500004 0.5956137890625001 0.44707800937500003 0.592236284375 0.48742182187500005 0.5793353406249999 0.5446950562499999 0.56466946875 0.527222103125
5 0.6445875796875 0.5118254859375 0.632767028125 0.5566070484375001 0.6314724640625 0.577858959375 0.6390433140625 0.5655247015625 0.660538971875 0.4853469953125 0.675479425 0.4840759125 0.6764721203125 0.49792015625 0.671412728125 0.5321774312499999 0.6657448875 0.54484724375 0.653375321875 0.5426661562499999 0.6385584421875 0.5849666390625 0.634450553125 0.619391690625 0.64129409375 0.6362203390625 0.6774877671875 0.564492521875 0.67378236875 0.5521227 0.68274840625 0.506837809375 0.6838599656250001 0.46993168125 0.6792030625 0.4573940828125 0.6591208328125 0.46556950468749997 0.6649899171875 0.42950225625 0.6960647671875 0.4174068984375 0.7014077875 0.387105121875 0.6498664609375 0.415119121875 0.655657871875 0.4434787125 0.6445875796875 0.5118254859375
46 0.769554853125 0.45965633749999996 0.7699985359375 0.42653793125000006 0.760483484375 0.4248601703125 0.7384800046875 0.47175169375000003 0.732789215625 0.43169338437500004 0.7063300781249999 0.44264987187499993 0.6971398453125001 0.45860407812500004 0.6942258984375 0.4834759359375 0.7032743171875 0.46554398125 0.7096924171875 0.4764393828125 0.6908088375 0.5668413859375 0.693928740625 0.610351865625 0.6987868890625 0.599492028125 0.7233565453125 0.45736855781249997 0.7283976984375 0.46216293750000004 0.7298570265625 0.4956168953125 0.71644004375 0.5967465234375 0.725246025 0.5885355390625 0.73708481875 0.504702325 0.7567598453125 0.45154200156249996 0.7615585640625 0.46605735 0.7503876484374999 0.5461028406249999 0.7555111828125 0.5782501546875001 0.769554853125 0.45965633749999996
40 0.7301511828125 1 0.7725653125 0.7374767359375001 0.7844682453125 0.720048109375 0.777908334375 0.707174959375 0.8302864140624999 0.41568813125000004 0.82710708125 0.39755283750000003 0.7923544953125 0.54178626875 0.779541246875 0.5727235859375 0.7728395203125 0.5578726859375001 0.783626184375 0.4855704125 0.809495115625 0.41397480781249996 0.7838274296875001 0.462172978125 0.771622628125 0.514697759375 0.7670710578125 0.5822412156250001 0.7720115890625 0.5987343125 0.790108425 0.562870403125 0.7901496171875 0.576546871875 0.7693447875 0.7056649765625 0.732560909375 0.7167536765625 0.7213258515625001 0.73039458125 0.7081283546875 0.76907511875 0.7062300546875 0.860519340625 0.7249218078124999 0.9770743234375001 0.7241888624999999 1 0.7301511828125 1