12 0.1642512078125 0.6118012421875 0.16183574843749998 0.7173913046875 0.19082125625 0.773291925 0.222222221875 0.723602484375 0.21376811562500003 0.6770186328125 0.21256038593749998 0.711180125 0.1992753625 0.7329192546875001 0.17632850312499998 0.711180125 0.1787439609375 0.5931677015625 0.216183575 0.44720496875000004 0.23671497656249998 0.45652173906250004 0.230676328125 0.4037267078125 0.21376811562500003 0.4037267078125 0.1980676328125 0.44409937812500005 0.1642512078125 0.6118012421875
38 0.26570048281249997 0.7298136640624999 0.2705314015625 0.6490683234375 0.252415459375 0.72049689375 0.23792270468750001 0.726708075 0.2294685984375 0.70496894375 0.23671497656249998 0.5683229812499999 0.22584541093750002 0.55279503125 0.210144928125 0.6180124218749999 0.210144928125 0.723602484375 0.23309178749999998 0.7639751546875 0.2512077296875 0.760869565625 0.26570048281249997 0.7298136640624999
39 0.2958937203125 0.7701863359375001 0.306763284375 0.7670807453124999 0.31642512031250003 0.6987577640625 0.30434782656250003 0.6118012421875 0.34178743906250003 0.5776397515625 0.35990338125 0.5124223609375 0.33937198125 0.55279503125 0.2826086953125 0.59937888125 0.294685990625 0.2826086953125 0.294685990625 0.22670807499999998 0.28381642500000004 0.2173913046875 0.2705314015625 0.67391304375 0.2801932359375 0.7298136640624999 0.2958937203125 0.7701863359375001
42 0.548309178125 0.375776396875 0.5507246375 0.4254658390625 0.5628019328125 0.49378882031250004 0.5724637687499999 0.49378882031250004 0.556763284375 0.3540372671875 0.548309178125 0.375776396875
42 0.54710145 0.726708075 0.5603864734374999 0.711180125 0.5410628015625 0.6304347828125 0.54227053125 0.5217391296875 0.5241545890625 0.5745341609375 0.5265700484375 0.6801242234375 0.49033816406249997 0.70496894375 0.5012077296874999 0.7329192546875001 0.5169082125 0.7298136640624999 0.5350241546875 0.6956521734375001 0.54710145 0.726708075
34 0.59299516875 0.5217391296875 0.5748792265625 0.5931677015625 0.5748792265625 0.67391304375 0.5881642515625 0.7142857140625 0.6086956515625 0.723602484375 0.6364734296875 0.6521739125 0.667874396875 0.7142857140625 0.6654589375 0.6770186328125 0.6473429953125 0.624223603125 0.6449275359375 0.5745341609375 0.6364734296875 0.5714285718750001 0.6256038640625 0.6614906828125 0.6147343000000001 0.68944099375 0.5978260875 0.68944099375 0.586956521875 0.6118012421875 0.60628019375 0.549689440625 0.59299516875 0.5217391296875
42 0.739130434375 0.686335403125 0.723004534375 0.665491603125 0.7149758453125 0.6180124218749999 0.713768115625 0.5217391296875 0.70289855 0.53726708125 0.6980676328125 0.6304347828125 0.679951690625 0.6832298140625 0.6818666953125 0.7161317078125 0.70511855625 0.653982446875 0.7131672578125 0.70001896875 0.7342995171875 0.711180125 0.739130434375 0.686335403125
42 0.7463768109375 0.3944099375 0.7487922703125001 0.3509316765625 0.7330917875 0.34161490625 0.7294685984375 0.381987578125 0.7463768109375 0.3944099375
37 0.798309178125 0.5093167703125 0.7801932359375 0.555900621875 0.7801932359375 0.6118012421875 0.798309178125 0.6770186328125 0.8309178749999999 0.6987577640625 0.8345410624999999 0.6770186328125 0.8079710140625 0.6521739125 0.794685990625 0.6118012421875 0.794685990625 0.5683229812499999 0.8079710140625 0.55279503125 0.8442028984375 0.6459627328125 0.8574879234375 0.6490683234375 0.8285024156249999 0.288819875 0.8224637687499999 0.254658384375 0.8128019328124999 0.254658384375 0.8357487921875 0.5745341609375 0.798309178125 0.5093167703125
53 0.37154453125 0.458327396875 0.379227053125 0.3322981359375 0.36439015625 0.3294251921875 0.360812928125 0.561909503125 0.3550724640625 0.723602484375 0.3695652171875 0.7298136640624999 0.37681159375 0.624223603125 0.3947963109375 0.5734186578125 0.3921134109375 0.5434948703125 0.37318840625 0.58385093125 0.37154453125 0.458327396875
51 0.41545893749999996 0.7360248453125 0.429951690625 0.742236025 0.455314009375 0.6211180125 0.48243779218749994 0.720735390625 0.4913807390625 0.693113496875 0.47342995156249995 0.6366459625 0.46739130468749995 0.55279503125 0.45169082187500004 0.5745341609375 0.4287439609375 0.670807453125 0.417874396875 0.555900621875 0.3973429953125 0.5279503109375 0.4021739125 0.5714285718750001 0.4126823703125 0.642473390625 0.41545893749999996 0.7360248453125