28 0.21588235312499998 0.46700507656249995 0.21588235312499998 0.43147208125000003 0.094117646875 0.4441624359375 0.09941176406249999 0.47715736093750005 0.1547058828125 0.47208121875 0.15176470625 0.6928934015625 0.16 0.7030456859374999 0.162352940625 0.4746192890625 0.21588235312499998 0.46700507656249995
34 0.1705882359375 0.6421319796875 0.17823529375 0.66497461875 0.1870588234375 0.6624365484375 0.1970588234375 0.629441625 0.2052941171875 0.6598984765625 0.21411764687499998 0.6319796953125 0.212352940625 0.60913705625 0.2088235296875 0.6345177671875 0.2047058828125 0.6167512687500001 0.20176470625 0.517766496875 0.1852941171875 0.5228426390625 0.1694117640625 0.5862944156250001 0.1705882359375 0.6421319796875
35 0.25176470625 0.647208121875 0.2529411765625 0.5913705578124999 0.24764705937499998 0.56852791875 0.22999999999999998 0.578680203125 0.22729123437499998 0.4972558328125 0.21945085 0.4972558328125 0.2170588234375 0.629441625 0.22176470625000003 0.6700507609375 0.23529411718749998 0.6827411171875 0.25176470625 0.647208121875
24 0.3352941171875 0.5355329953125 0.36176470625 0.5228426390625 0.3764705875 0.4593908625 0.37176470625 0.38324873125000003 0.35941176406249997 0.35532995 0.344117646875 0.360406090625 0.3270588234375 0.4086294421875 0.3270588234375 0.6624365484375 0.334117646875 0.6827411171875 0.3352941171875 0.5355329953125
34 0.401521940625 0.6966614875 0.3970588234375 0.639593909375 0.3929411765625 0.6167512687500001 0.3929411765625 0.5203045687500001 0.3794117640625 0.5076142124999999 0.3605882359375 0.5329949234375 0.34588235312500004 0.6065989843749999 0.34588235312500004 0.6421319796875 0.3570588234375 0.6802030453125 0.37 0.6802030453125 0.384117646875 0.639593909375 0.401521940625 0.6966614875
47 0.4370588234375 0.558375634375 0.4447058828125 0.6015228421875001 0.44352941250000005 0.69796954375 0.44941176406250005 0.7131979703125 0.45294117656250005 0.6167512687500001 0.44823529375 0.56091370625 0.44176470625 0.5329949234375 0.41235294062500005 0.5431472078125 0.4164705875 0.56091370625 0.414117646875 0.677664975 0.4247058828125 0.677664975 0.42941176406250003 0.6421319796875 0.42823529374999997 0.5761421312499999 0.4370588234375 0.558375634375
53 0.4588235296875 0.56091370625 0.4670588234375 0.5761421312499999 0.46823529375 0.708121828125 0.47529411718750003 0.7131979703125 0.475882353125 0.5634517765625 0.49294117656249997 0.571065990625 0.49473543593749997 0.538641821875 0.4764705875 0.5355329953125 0.48 0.332487309375 0.4735294125 0.3096446703125 0.46941176406249996 0.34263959375 0.46823529375 0.5203045687500001 0.4594117640625 0.538071065625 0.4588235296875 0.56091370625
48 0.5188235296875 0.6015228421875001 0.5188235296875 0.5659898484375 0.512352940625 0.5329949234375 0.49176470625 0.550761421875 0.48823529375 0.647208121875 0.492352940625 0.675126903125 0.502352940625 0.6827411171875 0.5117647062499999 0.6624365484375 0.5188235296875 0.6015228421875001
47 0.5423529406250001 0.6725888328125 0.5435294125000001 0.5761421312499999 0.547647059375 0.5634517765625 0.5599999999999999 0.5761421312499999 0.557647059375 0.6928934015625 0.565882353125 0.69796954375 0.5752941171875 0.6624365484375 0.5735294125 0.6497461921875 0.5635294125 0.677664975 0.5670588234375 0.5812182734375 0.56176470625 0.5431472078125 0.5452941171875 0.538071065625 0.525882353125 0.56091370625 0.5247058828125 0.65736040625 0.5311764703125 0.7005076140625001 0.5423529406250001 0.6725888328125
42 0.5764705875 0.6319796953125 0.5623529406250001 0.6928934015625 0.5747058828125 0.6802030453125 0.5764705875 0.723350253125 0.5811764703125 0.723350253125 0.5870588234375 0.6218274109374999 0.5852941171875 0.54822335 0.5764705875 0.6319796953125
42 0.5929411765625 0.5 0.5976470593750001 0.4543147203125 0.5976470593750001 0.38324873125000003 0.5935294125 0.3756345171875 0.5894117640625 0.39340101562499996 0.5929411765625 0.5
57 0.6347058828125001 0.7512690359375 0.6447058828125 0.7690355328125 0.622352940625 0.6370558374999999 0.6352941171875 0.571065990625 0.63 0.5634517765625 0.6194117640625 0.598984771875 0.6064705874999999 0.54822335 0.6047058828125 0.5812182734375 0.6105882359375 0.6319796953125 0.5929411765625 0.7284263953125001 0.6158823531250001 0.654822334375 0.6347058828125001 0.7512690359375
2 0.7170588234374999 0.5076142124999999 0.7382352937500001 0.5076142124999999 0.742352940625 0.5558375640625 0.7082352937499999 0.6827411171875 0.7341176468749999 0.6928934015625 0.76 0.6624365484375 0.75823529375 0.64467005 0.7247058828124999 0.6624365484375 0.74823529375 0.5812182734375 0.7505882359375 0.5152284265625 0.7429411765625 0.48223350312499996 0.715882353125 0.47208121875 0.7082352937499999 0.5050761421875001 0.71 0.538071065625 0.7170588234374999 0.5076142124999999
0 0.8005882359375001 0.675126903125 0.8094117640625 0.6015228421875001 0.8058823531250001 0.5456852796875 0.7911764703124999 0.5076142124999999 0.7652941171875 0.538071065625 0.7588235296875 0.5964467 0.7588235296875 0.6421319796875 0.7664705875 0.6852791875 0.7847058828125 0.69796954375 0.8005882359375001 0.675126903125
46 0.8352941171875001 0.6116751265625 0.82823529375 0.5558375640625 0.8370588234375 0.5329949234375 0.847647059375 0.538071065625 0.8411764703125 0.6319796953125 0.8511764703125 0.6802030453125 0.8658823531250001 0.6065989843749999 0.8635294124999999 0.5355329953125 0.8852941171875001 0.5126903546875 0.8870588234375001 0.5456852796875 0.8800000000000001 0.6522842640625 0.89176470625 0.6878172593749999 0.8870588234375001 0.6218274109374999 0.894117646875 0.530456853125 0.8864705875000001 0.48223350312499996 0.855882353125 0.517766496875 0.8358823531249999 0.5025380703125 0.8164705874999999 0.56091370625 0.8152941171875 0.6218274109374999 0.8229411765625001 0.6700507609375 0.827647059375 0.6700507609375 0.8352941171875001 0.6116751265625
40 0.9111764703125 0.9086294421875 0.9305882359375 0.941624365625 0.925882353125 0.530456853125 0.9182352937499999 0.5025380703125 0.9088235296875 0.5025380703125 0.8929411765624999 0.5558375640625 0.8929411765624999 0.6116751265625 0.8988235296875 0.647208121875 0.8902391484375001 0.68161205 0.8847058828125001 0.7335025374999999 0.8847058828125001 0.804568528125 0.9111764703125 0.9086294421875