12 0.16835754375 0.6234506 0.16962859531250002 0.7290606375 0.20054734999999999 0.783915625 0.23019504999999998 0.7331605765625 0.22012034218749998 0.686900146875 0.2201055671875 0.721082978125 0.2075873203125 0.7432725046875001 0.1838957546875 0.7223474515625 0.1821911671875 0.6043226203125001 0.2145139484375 0.4571421796875 0.23535799375000002 0.46573673906249996 0.227480503125 0.413184615625 0.210582590625 0.413774703125 0.1963006578125 0.45467071875 0.16835754375 0.6234506
38 0.2738635921875 0.737850603125 0.275873596875 0.656985853125 0.26026151249999996 0.7290031484374999 0.245994353125 0.7357163359375 0.2367867125 0.7142854921875 0.2392598 0.577469875 0.22785493906249998 0.5623307265624999 0.2144400734375 0.628056328125 0.21812511406250001 0.7335820671875 0.24246698125 0.7731293109374999 0.260463503125 0.7693933765625001 0.2738635921875 0.737850603125
39 0.30544742343750003 0.7771449515625 0.3162019828125 0.7736619109375 0.32347349531249997 0.7050433578125 0.3083688203125 0.6185612984375 0.34459340625 0.58311399375 0.3604222578125 0.5173040953125 0.3413123515625 0.55836870625 0.286209396875 0.6069051890625 0.287224215625 0.2899064796875 0.2852733125 0.23403991249999997 0.2740852171875 0.2251081609375 0.276740665625 0.6818154390625 0.28834751718749996 0.7373448125000001 0.30544742343750003 0.7771449515625
42 0.5439444078125 0.3741661046875 0.5480925328125 0.4237409796875 0.5625469078124999 0.4916008484375 0.572202859375 0.49126365468750005 0.5516346796875 0.35214517343749996 0.5439444078125 0.3741661046875
42 0.5549847546875 0.724926153125 0.5677197671875 0.708944021875 0.5455898953125 0.6289222546875 0.543003465625 0.5202506671875 0.5267410796875 0.5736457734375 0.5328401078125 0.679087215625 0.4974973625 0.7051812749999999 0.5093357593750001 0.7327352171875 0.52491829375 0.7290835796875 0.5418309812500001 0.6943106625000001 0.5549847546875 0.724926153125
34 0.593697203125 0.5184804015625 0.57808511875 0.5904976984375 0.580903090625 0.671193853125 0.5955890078125 0.7110782890625 0.6164330515625001 0.7196728484375 0.6417010875 0.6473183578125 0.6752505953125 0.7082964453125 0.67153600625 0.6711363640625 0.6515885796875 0.6190057328125 0.6474404546875 0.5694308593749999 0.638883115625 0.56662220625 0.63116329375 0.6570087953125 0.6212758015625 0.685321421875 0.6043778890625 0.6859115109375 0.5908053578125 0.608698396875 0.6079495875 0.5459500453125 0.593697203125 0.5184804015625
42 0.745487775 0.6778763609375 0.728644259375 0.65760804375 0.7189634625 0.6104379828125001 0.714396578125 0.5142654875 0.7040755515625 0.530163321875 0.7024990843750001 0.6234428640624999 0.686236696875 0.676837971875 0.6892987953125 0.709652990625 0.7103675140625 0.6467301109375 0.7200179640625 0.6924576921875001 0.7415268687500001 0.7028745453125 0.745487775 0.6778763609375
42 0.742541684375 0.3858758328125 0.743438303125 0.342339759375 0.727422234375 0.3335766046875 0.7252102375 0.3740511296875 0.742541684375 0.3858758328125
37 0.7984526062499999 0.4989002546875 0.781973453125 0.5460879656250001 0.78392435625 0.6019545328125 0.8043053171875 0.6664999578125 0.8376528343749999 0.68708781875 0.8405151296875 0.6652354828125 0.8130941999999999 0.641333178125 0.7984082828125 0.60144874375 0.7968909140625 0.55799696875 0.8096259265624999 0.5420148359375 0.8490872453125 0.6338613078125 0.8624725609375 0.6365013671875001 0.8209322203125 0.2774839515625 0.813705034375 0.2435540171875 0.8040490828125 0.243891209375 0.8381454671874999 0.5627712921875 0.7984526062499999 0.4989002546875
53 0.37016842968749997 0.4628358140625 0.3734479140625 0.3366152109375 0.358519790625 0.3342618171875 0.363058328125 0.5667293484375 0.3629643640625 0.7285241703125 0.37766505625 0.7342257765625 0.381221978125 0.6284471421875 0.397422671875 0.5770454890625001 0.39369708124999997 0.5472335625 0.3761920125 0.5882255125 0.37016842968749997 0.4628358140625
51 0.42374758593750006 0.73883150625 0.438448278125 0.7445331125 0.4595681890625 0.62260375 0.4901520453125 0.7212138375 0.49812555312500006 0.6932966656249999 0.47821501250000004 0.637490003125 0.4692536890625 0.553900896875 0.4543214546875 0.5761747234375 0.4347484625 0.6731902015625 0.4198753296875 0.5587327109375 0.3983809828125 0.5315159625 0.4047263265625 0.5747991406249999 0.4177078109375 0.645433940625 0.42374758593750006 0.73883150625