12 0.1461614953125 0.6219946234375 0.1692319671875 0.6129004703125001 0.17493112187499998 0.5975401265625 0.171040403125 0.590331284375 0.1440792140625 0.59221659375 0.11788531875 0.5566437015625 0.11761147187500001 0.50429648125 0.1253929109375 0.5187141703125 0.141723084375 0.5100913421875 0.1308182203125 0.4510066078125 0.120187203125 0.4442690921875 0.10024015625 0.49803029218750006 0.10440472187500001 0.5575863562500001 0.1461614953125 0.6219946234375
45 0.209673753125 0.6100725046875 0.1863294359375 0.566819440625 0.184247153125 0.537041409375 0.184641715625 0.50145546875 0.18503273125 0.45641772343750003 0.17306844375 0.42560945625 0.16556085 0.4635389859375 0.175179375 0.5686541921875 0.16062356718749998 0.6009836640625 0.17173758125 0.60803435625 0.1820981734375 0.5916540640625 0.20290949687499998 0.623467359375 0.209673753125 0.6100725046875
48 0.21433176718750002 0.5798231453125 0.2270450671875 0.61633869375 0.2501155390625 0.607244540625 0.254773553125 0.57699518125 0.2495678453125 0.502550103125 0.2378956875 0.4809235703125 0.21690749843749998 0.51979575625 0.21433176718750002 0.5798231453125
49 0.2747206 0.5232339796875001 0.271871021875 0.5309141515625 0.285405859375 0.7244713546875 0.2970780171875 0.7460978875000001 0.29992759687500004 0.738417715625 0.29055732500000003 0.604416575 0.3136277953125 0.5953224203125 0.3221765296875 0.57228190625 0.3180119640625 0.51272584375 0.29181806875 0.47715294999999996 0.2793786140625 0.492984621875 0.277570178125 0.5155538078124999 0.3016817890625 0.52134866875 0.30765479375 0.5583355453125 0.2913246203125 0.566958371875 0.28639275937500003 0.5448605125 0.2747206 0.5232339796875001
42 0.337685165625 0.40661742343749996 0.33872630625 0.42150643906249996 0.3503984640625 0.4431329703125 0.359988340625 0.434981471875 0.3540153375 0.397994596875 0.337685165625 0.40661742343749996
42 0.3579603 0.5997033 0.3517134515625 0.51036920625 0.34108243437499997 0.5036316890625 0.3444797046875 0.6006459546875 0.3579603 0.5997033
37 0.40355355 0.47682055312499994 0.4201575703125 0.5205449468750001 0.405909678125 0.5589458046875 0.38853836406250003 0.5526796140625 0.38645608125 0.522901584375 0.3988955359375 0.5070699125 0.393963675 0.484972053125 0.38722337812499996 0.48544338125 0.37297548593749996 0.5238442390625 0.37609891093750003 0.5685112859375 0.38777106875 0.5901378171875 0.4041012421875 0.581514990625 0.42508942968749996 0.54264280625 0.4385700265625 0.5417001499999999 0.44635146406250004 0.5561178390625 0.46268163749999996 0.5474950109375001 0.4325970234375 0.5047132750000001 0.43051474062499995 0.47493524374999996 0.436213896875 0.45957490156249997 0.42996704843750005 0.3702408078125 0.418294890625 0.348614275 0.40481429531249996 0.34955692968749996 0.396265559375 0.3725974453125 0.40355355 0.47682055312499994
7 0.5640599500000001 0.5927723171875 0.5803901234375 0.5841494921875 0.5762255578125 0.5245934296875 0.592281884375 0.46362338281250004 0.58630888125 0.4266365078125 0.5728282874999999 0.4275791625 0.5671291296875001 0.44293950625 0.5401679390624999 0.444824815625 0.53161920625 0.4678653296875 0.5557308187500001 0.4736601921875 0.5614299734375 0.45829985000000006 0.5731021328125 0.47992638125 0.5580869468749999 0.5557854421874999 0.5640599500000001 0.5927723171875
5 0.6169411874999999 0.57411268125 0.6151327515625 0.5966818703125 0.6488342406250001 0.5943252328125 0.654533396875 0.5789648890625 0.6524511140625 0.54918685625 0.636888234375 0.52035148125 0.6270245140624999 0.4761557609375 0.6412724046875 0.437754903125 0.66823359375 0.43586959375 0.671083171875 0.428189421875 0.6594110140625 0.40656289062499995 0.6267506671875 0.42380854218749997 0.6068036203125 0.47756974375 0.640011659375 0.565018528125 0.6169411874999999 0.57411268125
46 0.7111282109375 0.5429188390624999 0.7113193156250001 0.5076799671875001 0.7195802453125 0.49212636249999997 0.7302112609375 0.49886387968749996 0.7361842625 0.53585075625 0.7429245625 0.535379428125 0.7447329984375 0.512810240625 0.7600220296875 0.48929839687500004 0.766762328125 0.48882707031250006 0.7968469421875 0.5316088078125001 0.7996965203124999 0.5239286359374999 0.798655378125 0.5090396203124999 0.7714203421875 0.4585777125 0.7455002937499999 0.4753520375 0.7299374140625 0.44651666093750003 0.7231971171875 0.44698798906250004 0.6993593515625001 0.49354034531249996 0.6848873328125 0.4840876578125 0.6673443031249999 0.4990131578125 0.6765693500000001 0.5296797125 0.6895723484375 0.51311463125 0.7008312671875 0.547552853125 0.7111282109375 0.5429188390624999
40 0.7943034015625 0.46665164531250003 0.792956221875 0.5243999625 0.80462838125 0.5460264968749999 0.83832986875 0.543669859375 0.8495462125 0.5351967453124999 0.851797440625 0.5800496390625 0.86901641875 0.885645890625 0.862276121875 0.8861172187499999 0.8262185046875 0.80634860625 0.8199716562500001 0.7170145125 0.8246296703124999 0.686765153125 0.8484674375000001 0.640212796875 0.8474262953125 0.6253237796875 0.8435355765624999 0.6181149375 0.831096121875 0.63394660625 0.8064910609375 0.7179571671875 0.81377905 0.822180278125 0.8226016312500001 0.8514869812500001 0.8498366671875001 0.9019488890625 0.8643584046875 0.9158952499999999 0.8806885781249999 0.9072724234375 0.89104575 0.861662721875 0.8639760734375 0.4745483140625 0.8580030687500001 0.4375614375 0.8484131937500001 0.4457129359375 0.85153661875 0.49037998437499997 0.8429878828125 0.5134204984374999 0.8095664359375 0.52037965 0.8121275109375 0.48106107031249995 0.83989495 0.4478078390625 0.8345379265625 0.4344835765625 0.807642325 0.4422352140625 0.7943034015625 0.46665164531250003