28 0.0678571421875 0.48125 0.14663866406249998 0.465277725 0.13253424687499998 0.4127770375 0.0620123109375 0.4343949625 0.0108838578125 0.4189535125 0.0091208359375 0.47454256250000004 0.05760471406249999 0.48380741250000003 0.0607142859375 0.76875 0.075 0.79375 0.0678571421875 0.48125
34 0.12195595 0.6907223499999999 0.1131407609375 0.6505746 0.108928571875 0.575 0.0902210671875 0.57645585 0.078571428125 0.61875 0.0769982 0.678369125 0.0875 0.725 0.10697006093750001 0.703075425 0.1184299078125 0.7246933375 0.136060371875 0.7061636499999999 0.12195595 0.6907223499999999
35 0.1854257171875 0.6814574999999999 0.178571428125 0.59375 0.166071428125 0.575 0.1446428578125 0.65 0.1375 0.5125 0.1290082 0.5270433999999999 0.1351788171875 0.7092520375 0.1528093640625 0.7401348 0.175 0.73125 0.1854257171875 0.6814574999999999
14 0.3125 0.425 0.25 0.41875 0.25 0.71875 0.2607142859375 0.71875 0.30266851093749997 0.6968988125 0.2938532390625 0.6567512 0.2603553328125 0.6691042875 0.2607142859375 0.58125 0.30266851093749997 0.5579261625 0.2912086640625 0.539396475 0.2625 0.55 0.2603553328125 0.4683661 0.3125 0.4625 0.3125 0.425
46 0.3053130828125 0.6968988125 0.3176544 0.687633975 0.32294354687500004 0.6258684375 0.319417503125 0.57645585 0.3414555640625 0.5610145375 0.33928571406249997 0.69375 0.35357142812500003 0.70625 0.3625 0.575 0.371427425 0.5733676125 0.371427425 0.7123402624999999 0.38376873906250003 0.6907223499999999 0.382887271875 0.530131625 0.362612153125 0.51777855 0.3511523859375 0.5363082375 0.3303571421875 0.525 0.3044315328125 0.5641027750000001 0.3053130828125 0.6968988125
42 0.4125 0.375 0.40357142812499996 0.44375 0.4178571421875 0.46875 0.4125 0.375
42 0.3857142859375 0.70625 0.3982142859375 0.65 0.41071428593750003 0.69375 0.40535714218749996 0.55 0.3875 0.65 0.3857142859375 0.70625
52 0.4392857140625 0.55625 0.46428571406249997 0.51875 0.4446428578125 0.5125 0.425 0.55625 0.4607142859375 0.66875 0.425 0.70625 0.4571428578125 0.71875 0.47142857187500004 0.64375 0.4392857140625 0.55625
53 0.5 0.71875 0.496428571875 0.55625 0.508945253125 0.5455730875 0.517760525 0.505425475 0.4904332390625 0.4992488625 0.48955168593750004 0.440571575 0.49307781093749997 0.3448347625 0.4798549421875 0.32939345000000003 0.480736496875 0.54248485 0.4892857140625 0.71875 0.5 0.71875
34 0.5785857171875 0.6845457374999999 0.5583106 0.6567512 0.5539030859375 0.6104269875 0.5512585109375 0.51777855 0.5301018421875 0.5023371 0.518641996875 0.5455730875 0.5107142859375 0.60625 0.5196428578125001 0.6875 0.5433247921875 0.6382215125 0.5530214531250001 0.6999871875 0.5785857171875 0.6845457374999999
53 0.5856379671874999 0.5980739125000001 0.596428571875 0.70625 0.6071428578125 0.70625 0.5997423078125 0.54248485 0.6482261031250001 0.530131625 0.6394109140625 0.496160625 0.5953346328125 0.505425475 0.5891640140625001 0.31086376250000003 0.5812302921875 0.3510113625 0.5821117640625 0.5116019374999999 0.563599746875 0.6752808875 0.568007425 0.6968988125 0.5856379671874999 0.5980739125000001
8 0.703571428125 0.68125 0.710514328125 0.72155485 0.7357142859375 0.73125 0.7607142859375 0.69375 0.7563536328125 0.6350830249999999 0.7392857140625 0.60625 0.7607142859375 0.51875 0.7517857140624999 0.4625 0.716685028125 0.46831583749999994 0.7008175859375 0.5115516875 0.6964099921875 0.5486110625 0.7078697578125001 0.594935275 0.703571428125 0.68125
46 0.820704953125 0.5640525125 0.821586421875 0.669054025 0.8339278218749999 0.6814072375 0.8418615390624999 0.5640525125 0.8542028578125 0.5794939625 0.8642857140625001 0.69375 0.878571428125 0.69375 0.858928571875 0.525 0.8515582859374999 0.50846345 0.8295201421874999 0.5393462125 0.813652703125 0.4991986125 0.7982142859375 0.5125 0.7857142859375 0.56875 0.791071428125 0.675 0.8021929359375 0.6474361 0.8 0.56875 0.820704953125 0.5640525125
40 0.8839285718750001 0.7125 0.875 0.80625 0.9285714281249999 0.93125 0.923843325 0.5764055875 0.908857353125 0.5239049 0.8859377421874999 0.56714075 0.8806485921875 0.6505243375 0.8903453359375 0.6783188625000001 0.9142857140625 0.66875 0.921428571875 0.86875 0.8857142859374999 0.78125 0.9017857140625001 0.7125 0.8839285718750001 0.7125