28 0.141534546875 0.381082196875 0.0693968421875 0.3964714671875 0.019808759375000002 0.3766326375 0.013207540625 0.43185649687499994 0.060699439062500006 0.44531174062499995 0.0389627953125 0.729441053125 0.05101525312500001 0.7555910015625 0.071135746875 0.4436576171875 0.15100955625 0.434612384375 0.141534546875 0.381082196875
34 0.10388003593749999 0.54063048125 0.0851168328125 0.540450325 0.069825346875 0.5815682 0.06306195625 0.640823340625 0.0694596453125 0.6881920625 0.09076646875 0.6680478453124999 0.1002985828125 0.6905822875000001 0.1194769265625 0.6736597062499999 0.1067719734375 0.6570478843750001 0.1014894359375 0.6162846140625 0.10388003593749999 0.54063048125
35 0.160805446875 0.5456108093750001 0.1329217375 0.6184577890625 0.137789975 0.48085847656249997 0.1280629484375 0.4946064265625 0.11832955468749999 0.6766595093750001 0.133201403125 0.70896135625 0.1560819578125 0.7020444078125 0.1708077046875 0.6533500437499999 0.171623709375 0.56537890625 0.160805446875 0.5456108093750001
14 0.23188600625000003 0.6961286546875 0.242559521875 0.697062465625 0.2862585546875 0.6789509812500001 0.280975921875 0.638187840625 0.24652884375 0.6475743859375 0.2545434359375 0.5600856953125 0.29837081875 0.5405071640625 0.2885695484375 0.5210491953124999 0.259045971875 0.5291102453125001 0.2640243296875 0.4476000671875 0.316481834375 0.44630099687499997 0.31975017499999997 0.4089436953125 0.2580327296875 0.3972702453125 0.23188600625000003 0.6961286546875
46 0.31264714374999997 0.6099579828125 0.3134411078125 0.5604261109374999 0.33674110625 0.5469643 0.3230108546875 0.6790055500000001 0.3361527609375 0.6927030656250001 0.3564865484375 0.5627306875 0.3655222734375 0.5618825890625 0.353410009375 0.7003264046875 0.3675884859375 0.679866371875 0.38070677656249996 0.51980991875 0.361585453125 0.5057367578124999 0.348554325 0.52319715 0.328823790625 0.5101195187500001 0.29958880468750004 0.5468139296875 0.2888930625 0.6791814703125 0.3019949015625 0.6710275046875 0.31264714374999997 0.6099579828125
42 0.4208933375 0.46170969375000004 0.42372743125 0.36784953593749997 0.40884087812500003 0.43555974375 0.4208933375 0.46170969375000004
42 0.3941676203125 0.685230959375 0.4013595 0.5415610656250001 0.374854734375 0.639624184375 0.36817330625 0.6955045 0.38552825 0.6405579953125 0.3941676203125 0.685230959375
52 0.44376406093750004 0.507627740625 0.4203828875 0.5494992703125 0.4461562484375 0.6646838796875 0.40730952499999995 0.698928475 0.4382406234375 0.71418234375 0.45900865625 0.6407128234374999 0.4346142390625 0.550744353125 0.462787446875 0.5155659453125 0.44376406093750004 0.507627740625
53 0.5049392578125 0.5461792984375 0.5172200796875 0.5069527609375 0.490535109375 0.49841792187499995 0.4947709734375 0.4398870875 0.5066276937499999 0.34482190468749996 0.49480094062499996 0.3282869015625 0.47710700156249997 0.5406442578124999 0.4702611671875 0.716983778125 0.48093468125000005 0.717917590625 0.4915396515625 0.55572468125 0.5049392578125 0.5461792984375
34 0.544073621875 0.6147047421875 0.5495139546875001 0.5221783703125 0.5297836031250001 0.5049517546875 0.5145991015625 0.547024425 0.5014132171875 0.6067794984375 0.5032264093750001 0.6884984937499999 0.5311131296875 0.6414715421875 0.535389659375 0.7038473 0.5622024546875 0.69069268125 0.54442694375 0.6612368187500001 0.544073621875 0.6147047421875
53 0.5887592749999999 0.7148032718749999 0.595659959375 0.551016296875 0.6450359140625 0.5429357218749999 0.6392150375 0.508325696875 0.59449899375 0.513713790625 0.6053090265625001 0.3193546390625 0.5939064015625 0.35865799531250003 0.580788128125 0.5187143 0.5480809953125 0.6801569734374999 0.5505877734375 0.702076790625 0.576764384375 0.6051645515625 0.5780857593750001 0.7138694609375 0.5887592749999999 0.7148032718749999
8 0.71466255625 0.750913878125 0.7428357640625001 0.7157354703125 0.74360486875 0.656911684375 0.7291148625 0.6267008109375001 0.75808801875 0.5414013984375 0.754095934375 0.4845872703125 0.7186219328125001 0.48732175 0.69904661875 0.5290101359375 0.691425859375 0.5655443421874999 0.698804596875 0.6126910609375 0.6869997984375 0.6983027078124999 0.6904034796875 0.7390593 0.71466255625 0.750913878125
46 0.81684644375 0.70982065625 0.8349781078125 0.5936039703125 0.845926653125 0.6100622765625 0.846013071875 0.7247623140624999 0.860244425 0.726007396875 0.8553838468749999 0.556187553125 0.8494828625 0.5390715671875 0.8248369703125 0.5679160609375 0.8125290046875 0.526538296875 0.79599004375 0.538443521875 0.7786351 0.5933900265625 0.7747115578125 0.6997026187500001 0.7881930984375 0.6732129109375 0.7928664515625 0.5946351078125 0.8139020296874999 0.5917600515625 0.8056286593750001 0.6964388265625 0.81684644375 0.70982065625
40 0.8893546703125 0.966961425 0.9155712875 0.6130552203125 0.905218078125 0.5594482015625 0.87861743125 0.60052195 0.8660810484375 0.6831272578124999 0.8733184406250001 0.71166114375 0.8980017 0.704215234375 0.887686228125 0.904076715625 0.8597339734375 0.8137969734375 0.8817362031249999 0.74670930625 0.8639470125000001 0.7451529531250001 0.8468815656249999 0.8377680296875001 0.8893546703125 0.966961425