14 0.037672040625 0.580044378125 0.09709822031250001 0.5807881218750001 0.1013505015625 0.5460289281249999 0.0587612875 0.5250886296874999 0.0786847859375 0.44610972968749996 0.09668750312499999 0.449936325 0.0978532515625 0.47395947656250004 0.1092721890625 0.464498965625 0.11352446875 0.4297397703125 0.089520846875 0.42463764375 0.08777222031250001 0.3886029171875 0.12319477968749999 0.384244534375 0.13286509062500002 0.338749296875 0.079439815625 0.339281084375 0.035923415624999996 0.544009653125 0.037672040625 0.580044378125
12 0.137355934375 0.5536821187500001 0.135607309375 0.51764739375 0.1501127765625 0.4494045375 0.1663668671875 0.4171964078125 0.1783686796875 0.41974747187499994 0.188621865625 0.386263809375 0.16403536875 0.36915010625 0.1429461203125 0.4241058546875 0.1187703421875 0.5378439484374999 0.1276856234375 0.59917735625 0.1451054640625 0.5909923765625 0.14935774531249998 0.5562331828125 0.137355934375 0.5536821187500001
23 0.22287867343749998 0.357882275 0.1849524609375 0.433034578125 0.16555210781250002 0.4975137171875 0.1604191578125 0.5515871515625 0.17079526875 0.58827043125 0.18905247812499998 0.592151121875 0.21434972812500003 0.545811478125 0.23415065 0.4569301671875 0.242630015625 0.39774359531250003 0.24088139062499997 0.3617088703125 0.22287867343749998 0.357882275
27 0.2165334578125 0.5942871843749999 0.245955109375 0.58865326875 0.2567911703125 0.5671811812499999 0.2664614828125 0.52168594375 0.26296423125 0.4496164921875 0.26779938593749997 0.4268688734375 0.285219228125 0.41868389375000004 0.29547241562500004 0.38520023124999997 0.27088591875 0.3680865296875 0.2546318265625 0.400294659375 0.240126359375 0.468537515625 0.24962451562500002 0.5418824984375 0.238205578125 0.551343009375 0.2358740796875 0.503296709375 0.2196199875 0.5355048390625 0.2165334578125 0.5942871843749999
24 0.339810253125 0.44217525625 0.338061628125 0.4061405296875 0.31405800625 0.401038403125 0.2978039140625 0.43324653281250003 0.25912267031249997 0.6152274828125 0.2608712953125 0.6512622078125 0.266289325 0.6405261640625 0.2856299484375 0.549535690625 0.30905069531249996 0.542626240625 0.3253047875 0.5104181125 0.339810253125 0.44217525625
26 0.37197412500000004 0.6154394375 0.36731112499999996 0.5193468343750001 0.38898324687499997 0.47640266093749994 0.4029058390625 0.39614822968749996 0.36148237656250004 0.39923108125 0.3131308203125 0.6267072687499999 0.3251326296875 0.6292583328125 0.3450561296875 0.5502794328125 0.351057034375 0.5515549640625 0.354554284375 0.6236244156249999 0.37197412500000004 0.6154394375
18 0.3779750296875 0.61671496875 0.3830666203125 0.65407680625 0.4098793109375 0.5322080984374999 0.4280752125 0.4252735078125 0.41182111875 0.45748163750000004 0.3779750296875 0.61671496875
22 0.446027528125 0.65711620625 0.45884507656249995 0.583989503125 0.47899683125000003 0.4955356390625 0.48808426718750003 0.43802882656250003 0.471830175 0.47023695625000006 0.451906678125 0.5492158546875 0.450158053125 0.5131811296875 0.45499320781249997 0.49043351093750004 0.453244584375 0.4543987859375 0.447243678125 0.4531232546875 0.4079795578125 0.623092628125 0.4139804640625 0.624368159375 0.43390396249999996 0.545389259375 0.43646425625 0.6550834703125 0.446027528125 0.65711620625
8 0.5580021953125 0.6549809234375 0.5688382578125 0.6335088375 0.5767458015625 0.602154459375 0.5756248015625001 0.543303971875 0.5930140359375 0.51977074375 0.607519503125 0.4515278875 0.59898825 0.40346315937500005 0.57374761875 0.41533689999999995 0.56101489375 0.43676506093749995 0.5506938734375 0.47249676718750006 0.5433173984375 0.5157501156250001 0.554226515625 0.5456510984375 0.52683191875 0.6245801140625 0.52858054375 0.6606148390625 0.5580021953125 0.6549809234375
1 0.5874301281250001 0.6630378390625 0.59887214375 0.6861566203125 0.6463834421875 0.4583584421875 0.638587190625 0.439462328125 0.5874301281250001 0.6630378390625
46 0.6805239624999999 0.609697640625 0.6696879015625 0.6311697281249999 0.6714365265625 0.667204453125 0.67685455625 0.6564684109375001 0.6924314265625 0.5922664046875 0.6843255546875 0.6560512765625 0.696300559375 0.672387875 0.7083886328125 0.61979265625 0.7180636265625 0.6597747875 0.7370234015625 0.55347571875 0.7169991671875 0.5664584046875001 0.7198321796875 0.5360305453125 0.7076323078125 0.550676328125 0.705282615625 0.5079711234375 0.6872798984374999 0.504144528125 0.6770267125 0.5376281890625 0.6901942734375 0.564202403125 0.6805239624999999 0.609697640625
40 0.69164305625 1 0.6931750546875 0.9927925171875 0.69200930625 0.9687693656249999 0.7258553953125 0.8095360359375 0.73669145625 0.7880639484375 0.7657023890625 0.6515782375 0.7873745125 0.6086340640625 0.7970448234374999 0.5631388265624999 0.7952961984375 0.5271041015625 0.7712925765625 0.5220019734375 0.7442024234375 0.575682190625 0.7345321125 0.621177428125 0.7428645171875 0.6704992609375 0.7235238953125 0.761489734375 0.674178746875 0.84610255 0.6548381234375 0.937093025 0.662221534375 0.9823400890625 0.6632853734374999 1 0.69164305625 1