15 0.10973732656249999 0.4246035703125 0.1450089609375 0.33830822031249996 0.1247375578125 0.3365347015625 0.095765840625 0.4508831375 0.0766632109375 0.6692271796875 0.09320026875000001 0.546915375 0.11994933125 0.5080027453125 0.10461875624999999 0.4997860140625 0.10973732656249999 0.4246035703125
54 0.132726903125 0.49536968124999997 0.11994933125 0.5080027453125 0.11005510156250001 0.6377712 0.1368041625 0.5988585703125 0.1415672515625 0.661154590625 0.1452758609375 0.634913565625 0.1497594796875 0.5174862734375 0.1182347609375 0.610984915625 0.132726903125 0.49536968124999997
47 0.1740581359375 0.6999737203125 0.1867570984375 0.6760679234375 0.20489968281249998 0.5192152828125 0.1925206671875 0.48894603124999997 0.1818826609375 0.5297099609375 0.178122765625 0.49185579218750003 0.15209847031249998 0.577137821875 0.152140609375 0.627175146875 0.1696988640625 0.5578304359375 0.15378394374999999 0.6690137468749999 0.1630715703125 0.673995709375 0.174642446875 0.61246598125 0.1879144578125 0.5483263140625 0.1740581359375 0.6999737203125
48 0.2320390078125 0.5109338421875 0.2037531171875 0.584089409375 0.19539571718749998 0.679614928125 0.2057854640625 0.6942748703125 0.23151835312500002 0.6002695109375 0.2320390078125 0.5109338421875
53 0.282932115625 0.47600859531250006 0.29730142187499997 0.3521816671875 0.2895594890625 0.3598433296875 0.2736444890625 0.471026634375 0.266473340625 0.46206023125 0.26012385625 0.47401313125 0.266515396875 0.5120975515625 0.24223209375 0.66841295 0.2478020453125 0.685578078125 0.2745638140625 0.5211407046875001 0.2851883734375 0.551256459375 0.2935566609375 0.5061245421875 0.282932115625 0.47600859531250006
42 0.3100635359375 0.46963175625 0.3206310234375 0.415552465625 0.30939027812500003 0.3939425921875 0.3013757921875 0.4688716765625 0.3100635359375 0.46963175625
42 0.2568808953125 0.7030503734375 0.2687025890625 0.679067825 0.2913163921875 0.5504973328125 0.2840046859375 0.5344750796875 0.2568808953125 0.7030503734375
45 0.29717845781249996 0.7274231734375001 0.34414125625 0.396982909375 0.3260280953125 0.43808437187499993 0.2907868390625 0.689338759375 0.29717845781249996 0.7274231734375001
49 0.3615100140625 0.820610315625 0.38548689375 0.6475903015625 0.39652904375000003 0.6527259562500001 0.410258453125 0.6372491250000001 0.42265099531250006 0.5966387 0.432676096875 0.522465328125 0.4331493046875 0.4766424890625 0.4262430421875 0.4591697109375 0.4043534875 0.4824621890625 0.38329983749999996 0.5997977125 0.3550628734375 0.80336845625 0.3615100140625 0.820610315625
45 0.4335465625 0.65919755625 0.47684525000000005 0.381091090625 0.47202572812500004 0.3758070578125 0.431336475 0.61775133125 0.4335465625 0.65919755625
54 0.48611882343749996 0.618869221875 0.5053339765625 0.5204830640625 0.5042058890625001 0.48285913437500005 0.47389297187499996 0.596952378125 0.48805351406249997 0.48561559218749994 0.4785570625 0.49312356093750004 0.45143013749999994 0.68826408125 0.4557083484375 0.7037675218749999 0.4787388984375 0.6223931671875 0.4763024859375 0.68055245 0.4768176546875 0.6847671140625 0.4897675171875 0.6984085 0.4939028796875 0.6612450640625 0.48611882343749996 0.618869221875
52 0.512185178125 0.5836245124999999 0.49695213125000004 0.6364950265625 0.494724565625 0.682164171875 0.5173629203125001 0.618402190625 0.5066439015624999 0.687376571875 0.49758703281249994 0.76105706875 0.509170690625 0.7620705078125 0.5396996484375001 0.5318286765625 0.5327372609375 0.5103721343750001 0.512185178125 0.5836245124999999
5 0.6861769796875 0.6400469859375 0.7072698203125001 0.517355715625 0.7240016140625001 0.574601428125 0.7287832875 0.5442547140625 0.707380940625 0.4756706125 0.6757872328125 0.62538704375 0.683103321875 0.7085328578125 0.6650420046875001 0.74820556875 0.6754317515625 0.762865509375 0.704568640625 0.6966598734375 0.6861769796875 0.6400469859375
0 0.7626646796875 0.632987834375 0.7690808515625001 0.568627515625 0.761826246875 0.509155871875 0.7487090015625 0.5084727546875001 0.72929855 0.54846919375 0.7143719234375 0.6180443359375001 0.70916655625 0.7108130953125 0.7175475062500001 0.7434062546875 0.7311399609375 0.7264864765625 0.7444911265624999 0.7082382843749999 0.7626646796875 0.632987834375
0 0.7832664265625 0.7310469515625 0.8078054015625 0.65068809375 0.8095199718750001 0.5477059234375 0.7950403968749999 0.546439125 0.7607849359375 0.6878272046875 0.7638460234375 0.7362233640625 0.7832664265625 0.7310469515625
46 0.8231364031249999 0.6984408546875 0.8329392796875 0.7076375015624999 0.8516947671875 0.5841943015625 0.8538533656249999 0.6302473796875 0.84594474375 0.7004363265625 0.8555387765625 0.722123109375 0.8662317843749999 0.683301653125 0.8606625109375001 0.6433515109375 0.8651733406250001 0.531170484375 0.854075671875 0.546877371875 0.8441195390624999 0.5293285156249999 0.8306965640625 0.5615097859375 0.8254886984375001 0.5402069359375 0.82078256875 0.5939982406250001 0.8052851750000001 0.6802012546875 0.80940699375 0.7139176859374999 0.8268676875000001 0.6153780328125 0.8377932921875001 0.5914323890625 0.8231364031249999 0.6984408546875
40 0.8944843406249999 0.5295652578125 0.8788336875 0.6074160625 0.8663300406250001 0.689711403125 0.8578743843750001 0.778827171875 0.8665621296875001 0.77958725 0.8811455468749999 0.6618213640625 0.9031455859375 0.5720178453125 0.91156281875 0.5153806453125 0.8944843406249999 0.5295652578125