26 0.12465373906249999 0.725 0.088642659375 0.6416666671875 0.1191135734375 0.4583333328125 0.11218836562500001 0.3 0.092797784375 0.3 0.07756232656249999 0.40833333281249995 0.0637119109375 0.7916666671875 0.0734072015625 0.6833333328125 0.12465373906249999 0.725
48 0.1468144046875 0.6916666671875 0.15512465312499998 0.5916666671875 0.1454293625 0.5 0.12188365625 0.6083333328125 0.1288088640625 0.6833333328125 0.1468144046875 0.6916666671875
45 0.200831025 0.7 0.22160664843750003 0.6916666671875 0.1966759 0.625 0.229916896875 0.325 0.229916896875 0.225 0.21191135781249998 0.1833333328125 0.1855955671875 0.3416666671875 0.1855955671875 0.5916666671875 0.160752615625 0.6840667328125 0.16338986093750002 0.7264201328125 0.18975069218750001 0.6333333328124999 0.200831025 0.7
34 0.265927978125 0.6416666671875 0.253462603125 0.5166666671875 0.2354746640625 0.49876978281250006 0.2271468140625 0.575 0.227562921875 0.6628897828125 0.2389909421875 0.67347825 0.2495399328125 0.5993594328125 0.265927978125 0.6416666671875
36 0.33795013906250004 0.675 0.275912415625 0.67347825 0.27423822656249996 0.5916666671875 0.2922437671875 0.5833333328125 0.293628809375 0.5083333328124999 0.2686980609375 0.5583333328125 0.2671216421875 0.6946549671875 0.2838241578125 0.7317145 0.31024930781250004 0.7083333328125 0.33795013906250004 0.675
21 0.4598337953125 0.6583333328125 0.49168975000000004 0.38333333281250004 0.505540165625 0.5333333328125 0.52770083125 0.36666666718749996 0.5207756234375001 0.6083333328125 0.5304709140625 0.6333333328124999 0.537396121875 0.3083333328125 0.50831025 0.43333333281249997 0.4889196671875 0.3166666671875 0.4598337953125 0.5583333328125 0.4598337953125 0.6583333328125
13 0.59833795 0.525 0.583591396875 0.6417130828125 0.5704051546875 0.6628897828125 0.5429362875 0.7083333328125 0.547548953125 0.7687737828125 0.5730424015625 0.71053755 0.59589860625 0.6364189671875 0.6038781156249999 0.5583333328125 0.6011080328125 0.44166666718750003 0.5747922437499999 0.25 0.5540166203125 0.425 0.5540166203125 0.6083333328125 0.5678670359375 0.625 0.5747922437499999 0.35 0.59833795 0.525
28 0.6530388703125001 0.3928860171875 0.646885346875 0.35053236718749997 0.601173103125 0.3822975328125 0.598535853125 0.4511220171875 0.612601121875 0.4140627171875 0.61172209375 0.7423029671875 0.6196338359375 0.7528912 0.6231501140625 0.3928860171875 0.6530388703125001 0.3928860171875
1 0.7410184984375 0.7104226671875 0.7348648921875001 0.6627749 0.7410184984375 0.5251259671875 0.7493074796875 0.35 0.739260359375 0.36100571718749996 0.729590396875 0.54100855 0.7225577624999999 0.6680692671874999 0.7339858640625 0.74218785 0.7410184984375 0.7104226671875
0 0.778819078125 0.3874767828125 0.765927978125 0.4 0.7562326875000001 0.5583333328125 0.767390978125 0.6257156171875 0.78393351875 0.625 0.7955215953125 0.5357141999999999 0.7977839328125 0.44166666718750003 0.778819078125 0.3874767828125
46 0.8240536453124999 0.6089851328125 0.8259968499999999 0.57095055 0.8303691296875 0.5504702828125 0.8347414093750001 0.6002079171875 0.8395995125000001 0.5680247328125 0.8391136890625001 0.5124357171875 0.83376980625 0.4714753 0.8274542765625 0.47440113281249996 0.8235678203125 0.5007328 0.8221103937500001 0.5387673671875 0.8182239390625 0.49195558281249996 0.811422584375 0.49488126718750003 0.8051071000000001 0.5065841828125001 0.8012206015625001 0.5416930671875 0.7955484125 0.5277777671874999 0.79733414375 0.5943563828125 0.7978199671875 0.6411683171875 0.8041354546875 0.6353168 0.8099651578125 0.6294652671875001 0.8089935562499999 0.5943563828125 0.80850773125 0.5621733328125 0.8123942328125 0.5475445999999999 0.8157948640624999 0.57387625 0.8167665124999999 0.6119108328125 0.8240536453124999 0.6089851328125
40 0.836565096875 0.5583333328125 0.8393351796875 0.6083333328125 0.8434903046875 0.6333333328124999 0.8490304703125 0.6333333328124999 0.8518005546874999 0.6166666671875001 0.8531855953124999 0.6416666671875 0.836565096875 0.6916666671875 0.836565096875 0.7083333328125 0.83102493125 0.7416666671875001 0.83102493125 0.7916666671875 0.8379501390625 0.8333333328125001 0.8531855953124999 0.825 0.8587257625 0.7583333328124999 0.8587257625 0.675 0.8614958453125 0.6583333328125 0.8614958453125 0.5583333328125 0.8642659281249999 0.5416666671875 0.8642659281249999 0.4916666671875 0.8587257625 0.475 0.8493156734375 0.48317835000000003 0.842514365625 0.5065841828125001 0.836565096875 0.5583333328125