22 0.10350318437499999 0.33999999999999997 0.14490445937500002 0.5 0.1656050953125 0.29 0.1544585984375 0.26 0.146496815625 0.43 0.13535031875 0.44000000000000006 0.0971337578125 0.24 0.0764331203125 0.47000000000000003 0.0828025484375 0.51 0.10350318437499999 0.33999999999999997
48 0.21019108281249999 0.53 0.22292993593750002 0.41 0.21257602812499998 0.3595849203125 0.1957737734375 0.370702559375 0.194267515625 0.51 0.21019108281249999 0.53
39 0.29001523906250004 0.618129340625 0.2811718921875 0.429126359375 0.2770700640625 0.32999999999999996 0.2945859875 0.2 0.2770700640625 0.22999999999999998 0.262738853125 0.44000000000000006 0.24203821718750002 0.47000000000000003 0.2691082796875 0.48 0.2770700640625 0.61 0.2675159234375 0.65 0.29001523906250004 0.618129340625
42 0.363057325 0.5900000000000001 0.350318471875 0.53 0.355095540625 0.4 0.3343949046875 0.45 0.339171975 0.5599999999999999 0.363057325 0.5900000000000001
34 0.3961350734375 0.623688159375 0.4067470578125 0.534745759375 0.433277015625 0.5903347203125 0.4156050953125 0.44000000000000006 0.39701935 0.4680388796875 0.3846387296875 0.5903347203125 0.3961350734375 0.623688159375
53 0.457536003125 0.5041163203125001 0.469032346875 0.44296852031249995 0.457536003125 0.4318506203125 0.4474522296875 0.22000000000000003 0.438080675 0.253965540625 0.4478083796875 0.43740944062500003 0.4425023890625 0.5041163203125001 0.451345653125 0.5096753796875 0.468152865625 0.63 0.457536003125 0.5041163203125001
2 0.581210190625 0.64 0.5828025484375 0.49000000000000005 0.558917196875 0.45999999999999996 0.555732484375 0.54 0.5764331203124999 0.55 0.557324840625 0.67 0.57006369375 0.6900000000000001 0.61146496875 0.65 0.581210190625 0.64
0 0.6148265828125 0.4861111 0.6025664171875 0.5986178 0.6078724078125 0.704236940625 0.6255591015624999 0.6875602203125 0.629980815625 0.5819410796875 0.6148265828125 0.4861111
0 0.6565107734375 0.5096753796875 0.64324579375 0.537469740625 0.6397083593749999 0.659765859375 0.6618167640625 0.6986781203125 0.673313025 0.620853340625 0.6565107734375 0.5096753796875
46 0.7707006375 0.71 0.781847134375 0.6 0.8025477703125 0.67 0.785031846875 0.54 0.7659235671875 0.64 0.72770700625 0.52 0.6783439484375 0.63 0.718152865625 0.5599999999999999 0.7308917203124999 0.7 0.75 0.62 0.7707006375 0.71
40 0.8050785406250001 0.7987384203125 0.8245337890625001 0.631971240625 0.8156905249999999 0.554146459375 0.8059093859375001 0.627777759375 0.7882761234375 0.7153548203125 0.7918135609375 0.815415140625 0.8050785406250001 0.7987384203125