15 0.12209302343749999 0.5410958906250001 0.1061046515625 0.534246575 0.10465116249999999 0.458904109375 0.1322674421875 0.3698630140625 0.11191860468749999 0.3698630140625 0.09302325624999999 0.4863013703125 0.09302325624999999 0.7054794515625 0.098837209375 0.5821917812499999 0.12209302343749999 0.5410958906250001
54 0.1526162796875 0.54794520625 0.129360465625 0.6438356171875 0.1337209296875 0.5273972609375 0.12209302343749999 0.5410958906250001 0.12354651093749999 0.6712328765625 0.14680232499999998 0.6301369859375 0.15697674374999998 0.691780821875 0.1583841859375 0.665316425 0.1526162796875 0.54794520625
47 0.1856825875 0.64039479375 0.193313953125 0.575342465625 0.1927273015625 0.727620465625 0.20329441250000002 0.70269885 0.20769735156250002 0.54486185 0.1927273015625 0.515786684375 0.1856825875 0.5573226578125 0.17863779062500001 0.5199402328125 0.1601453453125 0.6071659046875 0.1645483640625 0.65700915 0.1759960140625 0.5863980140625 0.16983191875 0.698545315625 0.17951840937500002 0.70269885 0.1856825875 0.64039479375
48 0.22383720937499998 0.7191780828125001 0.2412790703125 0.623287671875 0.23401162812499998 0.534246575 0.2122093015625 0.609589040625 0.2122093015625 0.7054794515625 0.22383720937499998 0.7191780828125001
53 0.29047309062500004 0.5697834796875 0.29487602968750004 0.524093959375 0.2816671359375 0.495018603125 0.285189534375 0.37041050625 0.2781448203125 0.3787177671875 0.2719806453125 0.49086506874999997 0.2640553109375 0.48255779375 0.258771753125 0.495018603125 0.268458246875 0.532401040625 0.257891134375 0.6902380406249999 0.2649359296875 0.706852396875 0.27726419999999996 0.540708315625 0.29047309062500004 0.5697834796875
42 0.30087209375 0.41095890468749996 0.2994186046875 0.4863013703125 0.308139534375 0.4863013703125 0.3139534890625 0.43150685 0.30087209375 0.41095890468749996
42 0.296511628125 0.56849315 0.2878313140625 0.5531691234375 0.27550304375 0.7234669312500001 0.285189534375 0.698545315625 0.296511628125 0.56849315
45 0.3212938078125 0.45348262968749997 0.30808491875 0.706852396875 0.317771490625 0.744234821875 0.3357558140625 0.41095890468749996 0.3212938078125 0.45348262968749997
49 0.3924418609375 0.609589040625 0.38205470625000004 0.8148461499999999 0.38998004062499997 0.8314604937500001 0.39878599375 0.65700915 0.41023372656249996 0.6611628765625001 0.422561996875 0.6445483421875 0.43136795 0.6030123703125 0.4348902671875 0.5282475062499999 0.43136795 0.48255779375 0.422965115625 0.46575342500000005 0.4031889296875 0.49086506874999997 0.3924418609375 0.609589040625
45 0.46130804999999997 0.3787177671875 0.44186046562500003 0.623287671875 0.44767441874999997 0.6643835609375001 0.4665697671875 0.38356164375 0.46130804999999997 0.3787177671875
54 0.5070988953125 0.698545315625 0.5079795140625001 0.6611628765625001 0.49653178125 0.6196267125 0.5070988953125 0.5199402328125 0.502695959375 0.48255779375 0.4824422734375 0.5988588218750001 0.486845290625 0.48671153437500003 0.4780393375 0.495018603125 0.46802325624999996 0.691780821875 0.4736364015625 0.706852396875 0.4894870703125 0.6237804515625001 0.4921288453125 0.6819307671875 0.4930093859375 0.6860844937499999 0.5070988953125 0.698545315625
52 0.54232263125 0.5282475062499999 0.5335166765625 0.507479425 0.519427165625 0.5822442875 0.5088600546875 0.6362412609375 0.51062129375 0.6819307671875 0.5276162796875 0.61643835625 0.5229495640625 0.6860844937499999 0.5203488375 0.760273971875 0.53197674375 0.760273971875 0.54232263125 0.5282475062499999
5 0.6976744187499999 0.7465753421875 0.7209302328125 0.6780821921875 0.6976744187499999 0.623287671875 0.7079937468749999 0.49922491718749995 0.7296511625 0.5547945203125 0.73176975 0.524146534375 0.7044713484375 0.45768875312499996 0.6860465109375 0.609589040625 0.7005813953125 0.691780821875 0.6860465109375 0.7328767125 0.6976744187499999 0.7465753421875
0 0.75 0.7054794515625 0.7617099265625 0.68613706875 0.7732558140625 0.609589040625 0.7740382 0.544914425 0.76162790625 0.4863013703125 0.7485010375 0.4867640953125 0.73265036875 0.52830006875 0.723844415625 0.598911396875 0.7267441859375 0.691780821875 0.737933925 0.7235195062499999 0.75 0.7054794515625
0 0.776162790625 0.6643835609375001 0.7834302328125 0.7123287671874999 0.8023255812500001 0.7054794515625 0.8197674421875 0.623287671875 0.8125 0.5205479453125 0.797965115625 0.5205479453125 0.776162790625 0.6643835609375001
46 0.835679715625 0.5864505890625 0.8444767437499999 0.5616438359375 0.8392020312499999 0.669522534375 0.8497691453125 0.6778298078125 0.8576944796875001 0.5532216984375 0.8638586546875 0.598911396875 0.8620974968749999 0.669522534375 0.8735451484375 0.6902906171875001 0.8808139531249999 0.65068493125 0.8717839890624999 0.61137220625 0.8665004328125001 0.49922491718749995 0.8568139390624999 0.5158392609375 0.845366209375 0.49922491718749995 0.8347990953125001 0.5324536171875 0.8277543812499999 0.5116857265625 0.8277543812499999 0.56568250625 0.819829046875 0.652908178125 0.8268737609375 0.68613706875 0.835679715625 0.5864505890625
40 0.9078882640625 0.5366073421875 0.911337209375 0.47945205468749996 0.895559990625 0.495071178125 0.8867540375 0.57398978125 0.8814704828125001 0.6570617265625 0.8808139531249999 0.7465753421875 0.889534884375 0.7465753421875 0.893798834375 0.6279865609375 0.9078882640625 0.5366073421875