24 0.0573503109375 0.403399765625 0.027768292187499998 0.355048525 0.0005759515625 0.3577175125 0.001198675 0.43912780781249994 0.0774301640625 0.6969242343750001 0.0406768 0.5462390171875 0.063272628125 0.5475888375 0.0685714875 0.49777247343750003 0.0573503109375 0.403399765625
51 0.104992553125 0.5252998171875001 0.0927958515625 0.5648043453125 0.11805508125 0.5830236234374999 0.1253720875 0.5922359968750001 0.156381734375 0.69964463125 0.1368152453125 0.5992922093749999 0.1418106390625 0.5194065296875 0.12583251875 0.5566977265624999 0.104992553125 0.5252998171875001
38 0.197944928125 0.5391356593750001 0.1799636921875 0.5909050015624999 0.1961164109375 0.6529272296874999 0.2154115578125 0.6669010984375 0.23654939375 0.65164646875 0.21809413593750002 0.6238410765625 0.2061226828125 0.6048987921875 0.197944928125 0.5391356593750001
45 0.2976390515625 0.69716433125 0.1913541671875 0.351946896875 0.268910728125 0.6453560625 0.2976390515625 0.69716433125
42 0.35876601875 0.6852824531249999 0.3376719984375 0.6325014328125 0.31705456875000004 0.5570831734375 0.31416948906250003 0.6016210859375 0.35876601875 0.6852824531249999
42 0.304979696875 0.46616749375 0.2686431484375 0.3656196859375 0.281626275 0.44201069375 0.304979696875 0.46616749375
36 0.45134606718750003 0.6816348359375 0.39207291718750004 0.607067634375 0.3983933796875 0.56279469375 0.37462314375 0.4885004859375 0.373223453125 0.5676872328125 0.390256409375 0.636116971875 0.45134606718750003 0.6816348359375
34 0.45808335 0.6874993015624999 0.4772155734375 0.6443706734375 0.504373375 0.6856754953124999 0.4698533328125 0.556078346875 0.43245269375 0.5325455734375 0.4286657546875 0.5651856203125 0.4381648796875 0.651961359375 0.45808335 0.6874993015624999
7 0.64108474375 0.5443165171875 0.6415015609375 0.5944539234375 0.616785759375 0.592084128125 0.6428266328125 0.6300666625 0.6654043640625 0.7636370296874999 0.65506455 0.57776819375 0.6533162265625 0.521389790625 0.595654325 0.475880059375 0.64108474375 0.5443165171875
5 0.68199986875 0.5148412375 0.6904790375000001 0.60645585 0.7299944703125 0.65616731875 0.7268155843749999 0.707003659375 0.738056821875 0.6976445234375 0.73540668125 0.6264190453125 0.6985786984375 0.5905333140625 0.7237859359375001 0.5282410343749999 0.68199986875 0.5148412375
46 0.851340153125 0.6469282296875 0.8509606453125 0.5393910796875 0.8900219515625001 0.59636488125 0.846493996875 0.497214940625 0.8350001546874999 0.5605165640625 0.8141668781250001 0.5149378796875 0.8083746640625 0.565692034375 0.78576638125 0.5204583765625 0.757889159375 0.6077007734375 0.7988042828124999 0.5782254953125 0.8221203953125 0.6597820359375001 0.8266616609374999 0.587158690625 0.851340153125 0.6469282296875
40 0.9290434624999999 0.6131341 0.9128713796874999 0.563104396875 0.8889921484375 0.5332384546875 0.8873303015625 0.6212423171875 0.912844665625 0.6198276593750001 0.9156839781249999 0.7149876015625 0.9289833812499999 0.740761565625 0.9290434624999999 0.6131341