28 0.047154675 0.635532440625 0.0607535640625 0.6284790859375 0.0498187921875 0.397619634375 0.0705495 0.37117065781249997 0.0685611734375 0.3332311421875 0.016538490625 0.373174796875 0.013831204687500001 0.421697775 0.0391220203125 0.4045208953125 0.047154675 0.635532440625
34 0.0690558640625 0.63897673125 0.0833165015625 0.666762165625 0.09210830625000001 0.612406078125 0.0945103484375 0.669345771875 0.104710040625 0.652959784375 0.0936888625 0.49819211093750004 0.087803275 0.4636272578125 0.0711355203125 0.4898631640625 0.0642507421875 0.547289534375 0.0690558640625 0.63897673125
35 0.1429995609375 0.6875979171875 0.14341829687500002 0.5956369718750001 0.13571105781249998 0.5041020078125 0.1187139328125 0.4796302640625 0.11141440312499999 0.5402486468750001 0.1062809015625 0.3756616359375 0.099523828125 0.4068465 0.11422718437499998 0.682765146875 0.1322194796875 0.704014484375 0.1429995609375 0.6875979171875
20 0.29086978124999996 0.6739741546875 0.28264263437500003 0.6394737265625 0.258253865625 0.6640396156249999 0.2427240296875 0.4901955328125 0.23571400156250003 0.47891905 0.24270854062499997 0.6532104484375 0.2481933046875 0.6762107328125 0.250627534375 0.7226586171875 0.2719657734375 0.721540328125 0.28629398125 0.7091455546875001 0.29086978124999996 0.6739741546875
23 0.32228406718749997 0.497669834375 0.31253165781250003 0.47489320625 0.2997287140625 0.47556417968750003 0.295152915625 0.51073558125 0.30002137812499996 0.6036313515625 0.308248521875 0.638131778125 0.33111202500000003 0.6252896890625 0.3341625578125 0.6018420890625 0.3305112125 0.5321702593750001 0.32228406718749997 0.497669834375
27 0.37073796875 0.6465007109375 0.3683037375 0.600052825 0.35306656406250003 0.5542759125 0.350632334375 0.5078280281249999 0.35368286718749997 0.48438042656249997 0.34240519062499997 0.4733276015625 0.3378293921875 0.5084990015625 0.34026362187500003 0.5549468875 0.3567179109375 0.6239477421874999 0.350616846875 0.6708429421875 0.3676874375 0.6699483109375 0.37073796875 0.6465007109375
10 0.41889920781249995 0.6672644156249999 0.41159651718749996 0.5279207593749999 0.406111753125 0.504920475 0.4024604078125 0.435248646875 0.3869150828125 0.424419478125 0.3762382203125 0.5064860796875 0.3792732640625 0.6460533953125001 0.3820156453125 0.6575535359375 0.3868995953125 0.5874343921875 0.40275307031249996 0.5633158171875 0.409146796875 0.6444877890625 0.417373940625 0.678988215625 0.41889920781249995 0.6672644156249999
26 0.423415115625 0.6949278421875 0.43212153906250006 0.6944715578125 0.4302175640625 0.62482459375 0.45252086875 0.6616994218750001 0.4529376375 0.61412294375 0.44091531875 0.5957311484375001 0.44771678281250005 0.5478200609375 0.43644458750000004 0.4437905953125 0.414305946875 0.4322696625 0.4229945953125 0.6465343906250001 0.423415115625 0.6949278421875
28 0.4813886546875 0.675633346875 0.482913921875 0.663909546875 0.48695285781250003 0.66937719375 0.4786617609375 0.5011182890625 0.48597994218749996 0.47744703125 0.48812373750000004 0.447394228125 0.44699665 0.4400386671875 0.44848690625 0.49068547812499996 0.4701264671875 0.50156560625 0.46707593437500006 0.5250132062499999 0.4737778125 0.571237434375 0.47072727968750006 0.5946850343750001 0.47509525 0.676339290625 0.4813886546875 0.675633346875
10 0.5243732828125001 0.638449025 0.524185621875 0.613530603125 0.5196285796875 0.5376819890625 0.5122507046875 0.4968546765625 0.5003081500000001 0.4650522578125 0.492989971875 0.488723515625 0.4877978703125 0.5937904031250001 0.49023210156249997 0.6402382890625 0.4972421296875 0.651514771875 0.5021260796875 0.581395628125 0.510661375 0.5809483125 0.51858036875 0.6503964828125001 0.5243732828125001 0.638449025
22 0.575585053125 0.6357651296875 0.5694994765625 0.519645415625 0.5612723328125 0.48514498906250003 0.55547941875 0.497092446875 0.562181296875 0.543316675 0.5630902609375 0.601488359375 0.5466359734374999 0.5324875046875001 0.5381006765625 0.5329348203125 0.5335248781249999 0.5681062234375001 0.53991860625 0.6492781921875 0.5460196703125 0.602382990625 0.5655244921875 0.6479362453124999 0.575585053125 0.6357651296875
23 0.63503945625 0.5045667453125 0.627413125 0.5631857484375 0.6310644703125 0.6328575765625 0.639291615625 0.667358003125 0.6578874734375 0.654739571875 0.6609380046875 0.631291971875 0.6560695421875 0.5383962 0.6478423984375 0.503895771875 0.63503945625 0.5045667453125
27 0.67740778125 0.5372779109375 0.6804583140625 0.5138303093750001 0.6691806375 0.5027774828125 0.6688724875000001 0.5377252265625 0.6822762421874999 0.63017368125 0.670690415625 0.6540685984375 0.6877610062499999 0.653173965625 0.6908115390625 0.6297263656250001 0.6883773078125001 0.5832784796875 0.67740778125 0.5372779109375
10 0.7284130796875 0.6123384140625 0.7238550046875 0.558682128125 0.7149076453125 0.47709330312500003 0.7022998031250001 0.480553959375 0.70118025 0.58260750625 0.7017810625 0.675726934375 0.7087910921875 0.68700341875 0.7082647796875 0.5943724828125 0.7216979796875 0.584157559375 0.72874146875 0.685238365625 0.736536109375 0.6784892 0.7284130796875 0.6123384140625
26 0.746153334375 0.7065179609375 0.7520399734375001 0.7188908109375001 0.7524566890625 0.6713143125000001 0.7636505921875 0.6738979390625001 0.7779101859375 0.7238755140625 0.784710678125 0.6981567515625 0.7690410734375 0.6545935765625 0.7707863984375 0.5657335 0.7643223703124999 0.4868144359375 0.7469938640625 0.45601953125000005 0.7379539796875 0.4945370109375 0.746153334375 0.7065179609375
28 0.790597303125 0.7105294171875001 0.7994694234375 0.7132347234374999 0.7914358125 0.5044153171875 0.8047855937499999 0.503715684375 0.8044562796875001 0.45300805468750005 0.7685285609375 0.45733222187499994 0.7729444515624999 0.5180657640625 0.7845529515624999 0.5174573875 0.790597303125 0.7105294171875001
18 0.8095947546875 0.5066340609375 0.8011363984375001 0.522928790625 0.8083415484375 0.7159401703125 0.8187892578125 0.715392628125 0.8095947546875 0.5066340609375
20 0.8396513593750001 0.679420096875 0.8325683609375 0.5175024234375 0.82340633125 0.5249263578125001 0.825808425 0.5818660234374999 0.83094493125 0.6798763812499999 0.83674721875 0.72395668125 0.8578506078125001 0.7141231343750001 0.8609011390625 0.6906755328124999 0.8581587578125 0.679175390625 0.8396513593750001 0.679420096875
5 0.9401530265625 0.7330975750000001 0.9428954078125 0.7445977187499999 0.9529559687500001 0.7324266015625 0.9560065 0.7089790015624999 0.9523551546875 0.639307175 0.929869803125 0.601774784375 0.9307012765625 0.551006296875 0.9480317515625 0.537416875 0.9455454109374999 0.5121846531250001 0.922909634375 0.49117881093750004 0.9159425234375 0.5359281874999999 0.9224878921874999 0.6497162921874999 0.9450369750000001 0.66297843125 0.946254090625 0.6862023749999999 0.9401530265625 0.7330975750000001
0 0.996248746875 0.6602945359375 0.9925974015625 0.590622709375 0.97888549375 0.5331219968750001 0.9691330828125 0.5103453703125 0.9629582624999999 0.511272084375 0.9618149031250001 0.5340166281250001 0.9657743999999999 0.5687407140625 0.96272386875 0.592188315625 0.9675923296875 0.685084084375 0.9758194734375 0.7195845125 0.9901476812500001 0.7071897375 0.996248746875 0.6602945359375