15 0.0838054921875 0.10628241249999999 0.055288734375 0.10927964375000002 0.044507296875000005 0.1952933875 0.075222140625 0.453236109375 0.0933713265625 0.5777137999999999 0.1115423453125 0.593062740625 0.0849000390625 0.3738676265625 0.1213955546875 0.34391469375 0.11933035 0.316883121875 0.07454788125 0.3096629359375 0.059409671875 0.2038088203125 0.0664904625 0.147277940625 0.09183474999999999 0.1568606390625 0.09514503125 0.1629651671875 0.0963603 0.166063825 0.09103765625 0.14081298281250001 0.08818717968749999 0.1136746890625 0.0838054921875 0.10628241249999999
45 0.17791213125 0.573028446875 0.125643403125 0.21288273593749998 0.0972143 0.1309901859375 0.158223703125 0.5228635875000001 0.17791213125 0.573028446875
29 0.220266978125 0.44452055625 0.2539598140625 0.4736256703125 0.2342713859375 0.42346081093750004 0.2168776953125 0.275115646875 0.20643788281250003 0.2958007375 0.2186554953125 0.41204355625 0.20023692343750002 0.45968434843750006 0.17842906875 0.3379202296875 0.1565335578125 0.30104589375 0.1911546234375 0.49328530937500004 0.21033510937500002 0.5043279078125 0.220266978125 0.44452055625
36 0.3046260515625 0.527063903125 0.3378109453125 0.51704675625 0.27829819218749996 0.45826249375000006 0.25705125624999997 0.38306497031250003 0.2431347796875 0.2845130859375 0.2572949 0.2668933625 0.2831982171875 0.4287109734375 0.2934599765625 0.3824646359375 0.267683046875 0.23031256562500002 0.23996440156249998 0.2204549390625 0.2341050703125 0.3190098984375 0.25273932499999996 0.43513870781249997 0.2702141890625 0.4913750265625 0.3046260515625 0.527063903125
45 0.3865240734375 0.60333664375 0.3157581125 0.10149103125 0.29988825 0.0705126484375 0.34884635625 0.4505941421875 0.3865240734375 0.60333664375
48 0.35751371249999997 0.272491375 0.3605758421875 0.32701631249999996 0.38092770625 0.44722225625 0.39632725 0.5232878078125001 0.41758953906249996 0.5217202375000001 0.42862495 0.45526762343750005 0.41691527968750003 0.378147065625 0.3890223921875 0.30144241875 0.35751371249999997 0.272491375
57 0.4475514625 0.44674909375 0.49396985468750004 0.631219284375 0.44899663125 0.37477517968749996 0.45536390625 0.3153424796875 0.477259415625 0.35221681718750003 0.47429042031249996 0.3068239484375 0.44586131875 0.2249313984375 0.4361834203125 0.30429988125 0.40690475 0.24861372343750002 0.43473825312500003 0.3762737953125 0.40603719062500004 0.8232810671875 0.4475514625 0.44674909375
5 0.6253519125 0.5782348265625 0.6214484 0.6254514484375 0.6064084125 0.6431636484375 0.6117310578125 0.668414490625 0.623421665625 0.6865434234375 0.640118234375 0.6158584703125001 0.6185473078125 0.47089503125 0.5839808578125 0.45517044531249995 0.57769121875 0.37840084531249996 0.6157769625 0.3937555390625 0.612967984375 0.3575410953125 0.5584566234375 0.32234948281250003 0.5785042406249999 0.5439830671875 0.5885545484375 0.557930671875 0.592000703125 0.4838010625 0.61499975625 0.5140301375 0.6253519125 0.5782348265625
0 0.6873075328125 0.5847815765625 0.6814382921875 0.5191316890625 0.6557922765625 0.4443965296875 0.6438926687500001 0.43274216875000004 0.6565111046875 0.5443355421875 0.6755102078124999 0.5925508015625 0.6873075328125 0.5847815765625
0 0.6831563359375 0.3566932765625 0.68889061875 0.43769153281250006 0.7019075390625 0.5179543093750001 0.7157129546875 0.55747084375 0.73585434375 0.566620553125 0.7410583171875 0.5193179812500001 0.7370455421875 0.47508550937500005 0.7074891562500001 0.3776637484375 0.6831563359375 0.3566932765625
46 0.7603360718750001 0.41404504218750005 0.7692145484374999 0.3868238421875 0.7853068609375 0.414646725 0.786565728125 0.44355091875 0.7928118468750001 0.4945149609375 0.7962920546875 0.53609074375 0.80597024375 0.5350735249999999 0.79904890625 0.40997615937500004 0.8117847812500001 0.39573250625 0.8249040843750001 0.478236728125 0.8393213562499999 0.547699615625 0.8526016953125 0.5301723609375 0.847206346875 0.5287998890625001 0.812839253125 0.3561216015625 0.7797316203125 0.370064921875 0.7595344546875 0.33024602187499996 0.751912146875 0.3762150984375 0.7348553734375 0.307029778125 0.7263096609375 0.3272856359375 0.754682490625 0.45335459062499994 0.76528868125 0.5458019359375 0.7734534015625 0.530022359375 0.7603360718750001 0.41404504218750005
40 0.8925297796875 0.5292019828125001 0.9079707718750001 0.62688168125 0.8420571328124999 0.734536134375 0.8144903515624999 0.7600174171875 0.823602703125 0.8185688093750001 0.8303755703125001 0.8519099140625 0.8757526 0.8858559296875 0.9127494015625001 0.907777684375 0.946814984375 0.9525914078125 0.966860746875 0.9471558234374999 0.9285087703125001 0.65084015 0.9953078375000001 0.480587421875 0.9918308984375 0.39607229374999997 0.9587266218750001 0.51579195 0.9219751781250001 0.6058219359375 0.9155364453124999 0.6042145515625 0.8756338796875 0.3599851875 0.864950659375 0.3375859234375 0.8551885468749999 0.36858654375 0.8577498921875 0.452200596875 0.876191834375 0.5599556625 0.8925297796875 0.5292019828125001