21 0.0807086609375 0.5106382984375 0.061023621875 0.3829787234375 0.039370078125 0.670212765625 0.06496062968750001 0.4468085109375 0.07086614218750001 0.606382978125 0.08464566875 0.5531914890625 0.0944881890625 0.7127659578125 0.0944881890625 0.47872340468749996 0.0807086609375 0.5106382984375
14 0.145669290625 0.670212765625 0.1318897640625 0.702127659375 0.12992125937500001 0.627659575 0.1535433078125 0.5851063828124999 0.12992125937500001 0.5212765953125 0.151574803125 0.425531915625 0.12155665 0.4535647015625 0.125175559375 0.7814707453125 0.137795275 0.734042553125 0.145669290625 0.670212765625
20 0.19291338593750001 0.7127659578125 0.20472440937499997 0.627659575 0.1850393703125 0.6489361703125 0.183070865625 0.4468085109375 0.1771653546875 0.6914893609375 0.19291338593750001 0.7127659578125
23 0.21850393750000002 0.4893617015625 0.20472440937499997 0.670212765625 0.22834645625 0.6914893609375 0.24015747968749998 0.5425531921875 0.21850393750000002 0.4893617015625
22 0.257874015625 0.5106382984375 0.2440944875 0.5638297875 0.24212598437500002 0.6808510640625001 0.257874015625 0.5744680843750001 0.2834645671875 0.670212765625 0.27755905468750003 0.4893617015625 0.273622046875 0.5744680843750001 0.257874015625 0.5106382984375
18 0.3025049140625 0.6786941921875 0.314266578125 0.6786941921875 0.2997906890625 0.4535647015625 0.3025049140625 0.6786941921875
22 0.32480315000000004 0.65957446875 0.3366141734375 0.53191489375 0.362204725 0.6489361703125 0.3602362203125 0.425531915625 0.3562992125 0.5744680843750001 0.326771653125 0.5 0.32480315000000004 0.65957446875
3 0.421026015625 0.6297530640625 0.43097822812500003 0.6982708296875 0.4554062484375 0.6738001484375 0.46173938124999997 0.590600021875 0.460834696875 0.5025058296875 0.447263575 0.5171881921875 0.45992992499999996 0.394835234375 0.4335233703125 0.3399364046875 0.44093035468749997 0.419305915625 0.446358803125 0.4437763828125 0.43188291406249996 0.4927177453125 0.43278768124999994 0.5514471921874999 0.450882484375 0.566129553125 0.4499777984375 0.600388340625 0.4373113625 0.6199647453125 0.42554977968749996 0.580811915625 0.421026015625 0.6297530640625
15 0.5905511812500001 0.5851063828124999 0.5688976375 0.5744680843750001 0.566929134375 0.5 0.5885826765625 0.5106382984375 0.5885826765625 0.4468085109375 0.55905511875 0.47872340468749996 0.5586602359375 0.742300234375 0.566929134375 0.606382978125 0.5905511812500001 0.5851063828124999
18 0.6082677171875 0.5106382984375 0.6066115078125 0.693358871875 0.6141732281250001 0.670212765625 0.6082677171875 0.5106382984375
20 0.6247063078124999 0.6884648078125 0.6590865390625 0.673782446875 0.657277 0.6297353609375 0.6338582671874999 0.627659575 0.6318897640625 0.4893617015625 0.625611075 0.4682293609375 0.6247063078124999 0.6884648078125
15 0.6798955624999999 0.6297353609375 0.697990365625 0.5954765953125001 0.6753718859375 0.580794234375 0.6771653546875 0.5212765953125 0.6948818890624999 0.4893617015625 0.66535433125 0.5 0.669038665625 0.7569825953125 0.6789907953125 0.742300234375 0.6798955624999999 0.6297353609375
26 0.71567639375 0.499363340625 0.7035455203125001 0.570982084375 0.7050035125 0.7687889359375 0.713452846875 0.754355425 0.7121187359375 0.6797822124999999 0.74191388125 0.7254884046875001 0.74502681875 0.6990269359375 0.7205681187499999 0.6557264046875 0.73035160625 0.6196426171875 0.73213039375 0.54506953125 0.725015165625 0.49214657500000003 0.71567639375 0.499363340625
14 0.76548315 0.5522862765625 0.7743772437499999 0.5667197875000001 0.770819590625 0.5210135953125 0.742803275 0.53544710625 0.7441373859375 0.739921915625 0.77615603125 0.739921915625 0.7752666375 0.6894046171875 0.7530314796875001 0.6942157234375 0.7539208734375 0.638887340625 0.7788242515625 0.6485096390625 0.7757113546875 0.6220481703125 0.74991854375 0.60520910625 0.7508079375000001 0.561908575 0.76548315 0.5522862765625
27 0.811023621875 0.7127659578125 0.8188976374999999 0.670212765625 0.8188976374999999 0.6489361703125 0.8031496062500001 0.5638297875 0.8070866140625 0.5212765953125 0.79724409375 0.5106382984375 0.795275590625 0.5851063828124999 0.8070866140625 0.6489361703125 0.8070866140625 0.670212765625 0.795275590625 0.7127659578125 0.811023621875 0.7127659578125
17 0.827296940625 0.739921915625 0.83464566875 0.7127659578125 0.8366141734375001 0.65957446875 0.848425196875 0.65957446875 0.8503937015625 0.7553191484374999 0.8582677171875 0.7553191484374999 0.8548685390624999 0.64129289375 0.854330709375 0.5638297875 0.854330709375 0.5212765953125 0.8503937015625 0.5212765953125 0.8503937015625 0.606382978125 0.83263338125 0.612425871875 0.83464566875 0.5851063828124999 0.8326771656249999 0.5106382984375 0.8255181109375 0.501769 0.827296940625 0.739921915625
3 0.9212598421875 0.6489361703125 0.91535433125 0.6808510640625001 0.9074803156250001 0.6808510640625001 0.9035433078124999 0.65957446875 0.8976377953125001 0.6914893609375 0.9035433078124999 0.7234042546875 0.9212598421875 0.7127659578125 0.9291338578125 0.670212765625 0.9291338578125 0.606382978125 0.9212598421875 0.5638297875 0.9212598421875 0.47872340468749996 0.893113059375 0.46568521250000006 0.894891846875 0.5234192546875 0.9122352796875 0.5113912984375 0.905564728125 0.5979923609375 0.9212598421875 0.627659575 0.9212598421875 0.6489361703125