28 0.0667490390625 0.7186432640625 0.06737168437499999 0.46422926249999996 0.0931921671875 0.42092888124999994 0.03295475 0.4315121609375 0.062623984375 0.4643950546875 0.059035971875 0.701953125 0.0667490390625 0.7186432640625
34 0.0976090875 0.71756560625 0.1032557359375 0.6410507437499999 0.11363452031250001 0.7000465015625 0.104454334375 0.539251984375 0.0845645859375 0.616264228125 0.0851483203125 0.7010412625 0.0976090875 0.71756560625
35 0.12952933125 0.391095321875 0.126686803125 0.7335096734375 0.14626911874999998 0.749785328125 0.15762948125 0.6917978203125 0.1569709015625 0.5798167765625 0.1344232171875 0.5466851890625 0.1348027 0.390911171875 0.12952933125 0.391095321875
22 0.31189379375000004 0.3200144921875 0.2967361796875 0.5325373546875001 0.273021028125 0.32985169999999997 0.2569955953125 0.34737080468750003 0.24361253125000001 0.6107101515625 0.244196265625 0.6954871859375 0.251317815625 0.6952384953124999 0.2647086625 0.36406094218749996 0.30088458125 0.5832709406250001 0.31189379375000004 0.3200144921875
34 0.327288796875 0.62474759375 0.3353092953125 0.5481498359375 0.3474704125 0.59012386875 0.33650789375 0.4463510765625 0.3160266296875 0.5064244921875 0.313644996875 0.5743455953125001 0.327288796875 0.62474759375
35 0.374765796875 0.6230896609375 0.38605909375 0.4700599375 0.3756803109375 0.411064178125 0.36588526093749996 0.4368454546875 0.360261959375 0.3098456953125 0.35518348125 0.6068140078125001 0.374765796875 0.6230896609375
54 0.4106809765625 0.5285583140625 0.408614559375 0.4353533140625 0.399119159375 0.43568490000000004 0.4038512953125 0.5711955234375 0.4109728453125 0.5709468328125 0.4237410421875 0.49418327968750003 0.4341198265625 0.5531790375 0.4255311578125 0.4093233484375 0.4106809765625 0.5285583140625
46 0.46328204062499995 0.47371659531250004 0.468327990625 0.5678165640625 0.47733617500000003 0.5737869890625 0.479981071875 0.473133453125 0.488112328125 0.45399427187499997 0.486125153125 0.5734800718749999 0.497552809375 0.547940778125 0.49778221250000004 0.42851609062499996 0.492951409375 0.3909743046875 0.4718173421875 0.441625965625 0.4605473921875 0.3911410703125 0.4582360890625 0.379616628125 0.45186051875000005 0.4238347296875 0.443954525 0.37383008281249996 0.437361821875 0.38663055625 0.4448273125 0.4492205484375 0.43822639687500003 0.562582465625 0.44877107031249996 0.58735475625 0.4564721109375 0.455099171875 0.46328204062499995 0.47371659531250004
38 0.5311635890625 0.43955355 0.531171371875 0.37171534375 0.516928271875 0.3722127234375 0.50437500625 0.415715903125 0.5059033546875 0.5350789218750001 0.525013646875 0.6035475375 0.533368253125 0.54040480625 0.5237004375 0.5407424140625 0.5148385078125 0.48252234375 0.5311635890625 0.43955355
53 0.5891914890625001 0.375043565625 0.5608483890625 0.3367600328125 0.552296228125 0.1500691609375 0.5426284124999999 0.15040676718749998 0.5514030421875 0.326082453125 0.5439317875 0.3627899984375 0.550454040625 0.41344068749999996 0.543908440625 0.56630461875 0.551029990625 0.5660559296875001 0.557283721875 0.3708034796875 0.5891914890625001 0.375043565625
5 0.6842963671875 0.264611196875 0.71011685 0.2213108171875 0.6789571515625 0.2478381625 0.6786419359375 0.40896426718749995 0.7038709015625 0.348725059375 0.6982164703125 0.49307812812499996 0.7100857203125 0.4926636453125 0.710400934375 0.3315375421875 0.6810235687499999 0.3410431625 0.6842963671875 0.264611196875
0 0.7383033984375 0.245765746875 0.7243443843749999 0.3564898515625 0.72730196875 0.4411839890625 0.7421365843750001 0.45762543750000007 0.7504567343749999 0.35557798749999997 0.7383033984375 0.245765746875
0 0.7786588484375 0.24435650312499999 0.7623337671875 0.287325296875 0.7623182015625 0.4230017109375 0.777744334375 0.45638198750000003 0.785472965625 0.337395709375 0.7786588484375 0.24435650312499999
46 0.794280096875 0.3112591859375 0.7929546171874999 0.39929638125 0.7966852921875 0.4557318140625 0.8095111156250001 0.3111170546875 0.8204891984374999 0.3192134328125 0.823052221875 0.45481106093749996 0.8374057968749999 0.293183465625 0.8445117828125 0.42861118906250006 0.843044665625 0.284506809375 0.8375713203125 0.2406114609375 0.8224068546875 0.2851364765625 0.8112044703124999 0.2415322109375 0.7999959578125 0.27334912031249997 0.7940670140625 0.2295604125 0.794280096875 0.3112591859375
40 0.8766483468749999 0.654062046875 0.89534275625 0.43343138750000004 0.8967442640625001 0.35894925624999996 0.8777690296875 0.223936015625 0.8599612640625001 0.25847684375 0.8604143515624999 0.34037492187499996 0.8850193781250001 0.3897964265625 0.8451032984375001 0.44555001718750004 0.8335103515625001 0.6240294328125 0.841507503125 0.75094629375 0.8596071375 0.7587939828125 0.8766483468749999 0.654062046875