27 0.0920634921875 0.7125 0.0730158734375 0.4375 0.096825396875 0.175 0.06349206406249999 0.4375 0.0825396828125 0.7125 0.06825396875 0.8 0.038095237500000004 0.7375 0.0460317453125 0.85 0.06984127031250001 0.8625 0.0920634921875 0.7125
14 0.125396825 0.4 0.12222222187500001 0.475 0.1396825390625 0.4625 0.11134235625 0.664863525 0.10957933281250001 0.8038363000000001 0.15555555625 0.8125 0.15714285781249998 0.75 0.120157625 0.75519565 0.1263283234375 0.685709425 0.15894467968749998 0.664863525 0.1545370828125 0.5953773 0.1301587296875 0.6125 0.155418634375 0.47030192499999995 0.17216754843749998 0.463353075 0.17481212031249999 0.37302095 0.125396825 0.4
26 0.209191578125 0.7621445 0.221532978125 0.7621445 0.2127177046875 0.6370690999999999 0.2285851453125 0.56063405 0.2329927421875 0.42166127500000006 0.23034816875000003 0.366072425 0.21976987343749999 0.3174318 0.20566553281250002 0.331329175 0.184126984375 0.7375 0.19365079375 0.7625 0.20566553281250002 0.463353075 0.21888840312500002 0.41471274999999996 0.222414446875 0.463353075 0.2144807265625 0.56063405 0.20213940937500002 0.65096615 0.209191578125 0.7621445
23 0.2730158734375 0.7375 0.2873015875 0.35 0.265079365625 0.375 0.24444444375000002 0.6125 0.2460317453125 0.725 0.2730158734375 0.7375
20 0.32063492031249996 0.6375 0.3537616578125 0.352175075 0.3431833625 0.310483275 0.3047619046875 0.6375 0.3111111109375 0.7125 0.3528801078125 0.73434975 0.35905080625 0.6301202499999999 0.32063492031249996 0.6375
10 0.36345839999999996 0.6370690999999999 0.367865996875 0.73434975 0.39166715937499996 0.73434975 0.41811289531250007 0.7412986 0.45161088281249995 0.75519565 0.45249235312499997 0.644017625 0.43398033593749996 0.623171725 0.42428359374999997 0.5050448750000001 0.4419140578125 0.42166127500000006 0.43662491093750005 0.345226525 0.3925487109375 0.5814799500000001 0.40048243125000005 0.6370690999999999 0.41634987343749996 0.53978815 0.42780972031250003 0.67181205 0.36345839999999996 0.6370690999999999
31 0.49365079375 0.6 0.5150806515624999 0.748247125 0.523895840625 0.69265795 0.4984126984375 0.5625 0.5106729750000001 0.463353075 0.523895840625 0.42166127500000006 0.5159621203125 0.366072425 0.496825396875 0.475 0.4730158734375 0.4375 0.4857142859375 0.5375 0.46218917812500004 0.6370690999999999 0.46218917812500004 0.7204527 0.49365079375 0.6
5 0.5603174609375 0.35 0.5492063484374999 0.4125 0.552380953125 0.6625 0.5603174609375 0.35
5 0.6174603171874999 0.725 0.6015873015625 0.6 0.59365079375 0.6875 0.6015873015625 0.775 0.6380952375 0.7625 0.6507936515625 0.5625 0.615873015625 0.4625 0.6227167296875 0.359148725 0.635058046875 0.345251675 0.652380953125 0.425 0.6535700640625 0.2896625 0.6183091359375 0.282713975 0.603174603125 0.5125 0.6380952375 0.6625 0.6174603171874999 0.725
0 0.6666666671875 0.5125 0.671428571875 0.675 0.6920634921875 0.6875 0.7174603171875 0.4375 0.7126984125 0.35 0.684126984375 0.35 0.6666666671875 0.5125
46 0.7666666671875 0.35 0.7396825390624999 0.4875 0.7396825390624999 0.6125 0.7507936515625 0.625 0.7730158734375 0.4 0.765079365625 0.5625 0.78095238125 0.6125 0.7920634921875 0.4 0.809523809375 0.4375 0.7946140984375 0.657940125 0.80519239375 0.6509913 0.8157706859375 0.560659175 0.8157706859375 0.393892 0.8060738640625 0.324405775 0.784035803125 0.3730461 0.7813912281250001 0.324405775 0.7666666671875 0.35
40 0.8507936515625 0.5125 0.8603174609375 0.3625 0.8428571421875001 0.35 0.8380952374999999 0.5375 0.8603174609375 0.6375 0.81904761875 0.6875 0.8603174609375 0.7125 0.8698412703124999 0.6625 0.8507936515625 0.5125