18 0.0738162046875 0.738463296875 0.06368934062500001 0.75220150625 0.1008588640625 0.759292640625 0.0826842765625 0.737216971875 0.0530109671875 0.568977696875 0.039298684375 0.5893772875 0.0653300390625 0.678081096875 0.0738162046875 0.738463296875
47 0.10145742656250001 0.6659785515625 0.0982311359375 0.7139472703124999 0.11108091875 0.7019666 0.12057061250000001 0.7305054453125 0.12983382968749999 0.7964166609375 0.1334156171875 0.7959132734375001 0.135546234375 0.739602934375 0.13666819218749998 0.7021047125 0.158333909375 0.758804690625 0.16420061875 0.7355758234375 0.13049271406250001 0.6581638984375 0.1218263203125 0.70045643125 0.10145742656250001 0.6659785515625
43 0.1566058453125 0.739329525 0.170623184375 0.7682797375 0.19604558125 0.8841968171874999 0.1668354265625 0.8322911375000001 0.1753164734375 0.8796419234374999 0.20119180625 0.9208141046874999 0.2099919515625 0.8859707921875 0.17380353906249998 0.7454284 0.1719715125 0.693408984375 0.1605571890625 0.6576726203125001 0.1623892203125 0.709692034375 0.1566058453125 0.739329525
43 0.12225831250000001 0.546930646875 0.1067922625 0.46905695156249994 0.1087369828125 0.536515975 0.12225831250000001 0.546930646875
22 0.28249165781249996 0.8076556374999999 0.2614954671875 0.6689843015625 0.3217403203125 0.7651946875 0.285087125 0.579463915625 0.302497896875 0.7247966375 0.244770625 0.6036024859375 0.28249165781249996 0.8076556374999999
48 0.334137278125 0.6710901312499999 0.336082 0.7385491546875 0.351030609375 0.7914678453125 0.3711723796875 0.795192375 0.35420005 0.6744279765625001 0.334137278125 0.6710901312499999
55 0.4174009296875 0.7702229203125001 0.38778415312500003 0.6881804953125 0.3816811515625 0.7198256421875 0.42756584999999997 0.8292544109375 0.41986197656249996 0.6590423109375 0.4174009296875 0.7702229203125001
48 0.47802768906250004 0.80480478125 0.4799549296875 0.74721035 0.46866464218750004 0.6952859390625 0.44344733906249995 0.6888620765625 0.44928779687500003 0.7718989984375 0.464526375 0.8128577703125 0.47802768906250004 0.80480478125
46 0.5761493453125001 0.6986524046875 0.6021807 0.7873562140625 0.5723164374999999 0.649931203125 0.5588516421875 0.725713378125 0.5411647015625001 0.6564586125 0.5295443468750001 0.6842301109375 0.4971538328125 0.6551757703125001 0.4897952515625 0.716946165625 0.49551634531250005 0.74692954375 0.5229409109375001 0.7061303624999999 0.5394747984375 0.8023264390625 0.5433980984375 0.7308258140625 0.566079015625 0.798587459375 0.5761493453125001 0.6986524046875
42 0.6410474546875 0.8065237875 0.612441984375 0.6566068953124999 0.6123075640625 0.7736180046875 0.6230638234375 0.75363385625 0.6410474546875 0.8065237875
42 0.6130713796875 0.6503609546875 0.616847753125 0.612885309375 0.59968446875 0.522935171875 0.592322675 0.5670722015624999 0.6130713796875 0.6503609546875
57 0.7098563578125 0.759908415625 0.6825531218750001 0.6813964890624999 0.6812508875 0.6099915234375 0.6745184906249999 0.6478826125 0.6559054609375 0.60123861875 0.6481052265625 0.620807328125 0.6525675296875 0.6632825890625 0.669674278125 0.6670358765625 0.6760813031249999 0.7769701609374999 0.6830046546874999 0.7082648109374999 0.7098563578125 0.759908415625
3 0.7925119656249999 0.5758823421875 0.7662418578125 0.5426766578125 0.7463670140625001 0.4857249765625 0.740314834375 0.515485834375 0.7428889515625 0.5766989171875 0.7542201375 0.5481003703125 0.7648964453125 0.6474957890625 0.774146425 0.5846209359375 0.7870383578125 0.60128155 0.7811828453125 0.68830928125 0.7900509171875 0.6870629546875 0.7925119656249999 0.5758823421875
0 0.8381676515625 0.643355678125 0.8368523265625001 0.5696507109375 0.8244461843750001 0.534496571875 0.8074830390625 0.54299086875 0.8094277609375 0.6104498953124999 0.8230050703125 0.654189075 0.8381676515625 0.643355678125
7 0.896354715625 0.49971334375 0.923835815625 0.5451110078125 0.9252076765625 0.705012821875 0.9328383078125 0.426853571875 0.9020192765624999 0.443499875 0.9242177234375 0.4834824828125 0.9240267703124999 0.5142967453125 0.896354715625 0.49971334375
0 0.9564864999999999 0.42353003593749994 0.9542247406250001 0.437842121875 0.9591445078125 0.5118319484375 0.985912321875 0.5363867250000001 0.9812025296875 0.4385288796875 0.9564864999999999 0.42353003593749994