11 0.10934898281250001 0.4176109125 0.10754067187500001 0.33422732499999996 0.090362259375 0.29452073749999996 0.07589623125 0.3104034375 0.079138940625 0.3829365 0.0749920734375 0.520847625 0.063238428125 0.6598203375 0.0786086125 0.71938005 0.1030200625 0.7273214 0.11839020468749999 0.663790925 0.1292397375 0.5843781 0.12381497187499999 0.5049651 0.11025305625 0.4811412125 0.097595296875 0.4970237375 0.10934898281250001 0.4176109125
51 0.1590759546875 0.49305315 0.1545553421875 0.44540538749999997 0.1337604328125 0.4414348 0.1334056609375 0.5436507875000001 0.147322346875 0.5009945124999999 0.1563635703125 0.528788975 0.147322346875 0.6876148125 0.1617883359375 0.6955561625 0.170829640625 0.5526128625 0.17535025312500002 0.51290645 0.185295715625 0.520847625 0.189816325 0.477170625 0.173542025 0.44540538749999997 0.1590759546875 0.49305315
38 0.2250773078125 0.7034975125 0.2097071625 0.6796736375 0.205309065625 0.6388888875000001 0.2268855359375 0.600260625 0.23321445624999998 0.49305315 0.21694015625000002 0.4612879125 0.1961452484375 0.5089356875 0.195241090625 0.592319275 0.19704931875 0.6955561625 0.21603600312500001 0.743203925 0.2485846015625 0.7471745125 0.24948875468749998 0.6876148125 0.2250773078125 0.7034975125
59 0.2847497375 0.6042312125 0.2678062671875 0.71875 0.31054131093750004 0.73125 0.2792022796875 0.68125 0.2977207984375 0.6 0.324786325 0.60625 0.3019943015625 0.58125 0.321937321875 0.46875 0.272079771875 0.45 0.26923076875 0.575 0.27777777812500004 0.5 0.3076923078125 0.50625 0.2847497375 0.6042312125
48 0.34188034218749996 0.60625 0.345326325 0.6677616875 0.3679294609375 0.6598203375 0.3732193734375 0.54375 0.3518518515625 0.5 0.3435180109375 0.5327595625 0.34188034218749996 0.60625
39 0.415954415625 0.49375 0.38176638125 0.65625 0.4102564109375 0.58125 0.4045584046875 0.89375 0.415954415625 0.90625 0.43019942968749997 0.78125 0.43019942968749997 0.55625 0.4544159546875 0.5375 0.453821653125 0.5168770375 0.45472572343750006 0.49305315 0.427350428125 0.50625 0.45584045624999997 0.25625 0.45156695156250004 0.1625 0.43589743593749997 0.19375 0.415954415625 0.49375
42 0.46376702812500004 0.5248183875 0.4728083328125 0.4652586875 0.46307599218749995 0.4484126875 0.45743810781249994 0.4970237375 0.456534034375 0.6280551 0.4664794125 0.6439378125 0.46376702812500004 0.5248183875
42 0.4656510890625 0.2929069375 0.4664794125 0.3620218 0.4755207171875 0.3104034375 0.4719041796875 0.28260878749999996 0.4656510890625 0.2929069375
45 0.5014245015625 0.34375 0.4936032453125 0.6320258625 0.5014245015625 0.64375 0.5098775437499999 0.3461392625 0.5227920234375001 0.1875 0.508069315625 0.22304908750000002 0.5014245015625 0.34375
2 0.6391677828125 0.469229275 0.6156604906250001 0.477170625 0.609686609375 0.53125 0.6147563328125 0.5605542125 0.6301265609375 0.5367303375 0.6609686609375001 0.55625 0.68091168125 0.46875 0.659544159375 0.5375 0.641880165625 0.51290645 0.66719576875 0.40569897499999996 0.6638176640625 0.30625 0.6452991453125 0.275 0.6324786328124999 0.34375 0.653846153125 0.3125 0.6552706546875 0.40625 0.6391677828125 0.469229275
0 0.7042649796875 0.449375975 0.6925113765625001 0.3818750875 0.6787862078125 0.3472222125 0.6771411484375001 0.4612879125 0.683470071875 0.5367303375 0.6997443703124999 0.528788975 0.7042649796875 0.449375975
0 0.730484740625 0.5605542125 0.7476631109375 0.477170625 0.746759040625 0.3659923875 0.7268682015625 0.29452073749999996 0.718129578125 0.30555555 0.7151145125 0.4255520875 0.7169228234375 0.540700925 0.730484740625 0.5605542125
46 0.8778575078124999 0.4096695625 0.8778575078124999 0.3620218 0.8642955890625 0.377904325 0.848021290625 0.314374025 0.8425965234374999 0.22304908750000002 0.8127603078125001 0.3381979125 0.807335540625 0.26672626250000003 0.781115865625 0.3937870375 0.7829240937499999 0.30246208750000003 0.77478694375 0.2786382 0.7588296203125 0.3174603125 0.7612250281249999 0.385845675 0.7675539484375 0.35010985 0.7756911 0.3461392625 0.7793076375 0.469229275 0.8037190859375001 0.326285975 0.8127603078125001 0.4295228625 0.83898006875 0.2746676125 0.84711721875 0.3818750875 0.8778575078124999 0.4096695625
40 0.8968441875 0.4612879125 0.9321051703125001 0.40569897499999996 0.9266804046875 0.36996315 0.90317319375 0.4096695625 0.904077265625 0.3580512125 0.9131184875 0.27069685 0.8986524984375001 0.2190785 0.8805698890625001 0.262755675 0.881474128125 0.3302565625 0.8950360421875001 0.3421685 0.8878029656249999 0.43349345 0.8525419859375001 0.5605542125 0.8525419859375001 0.612172575 0.86339151875 0.7034975125 0.8859946546874999 0.7471745125 0.8968441875 0.6677616875 0.8968441875 0.4612879125