14 0.06703259843750001 0.37654690468749996 0.041525060937500004 0.5842891234375001 0.046407665625 0.620034321875 0.10567253125 0.615595903125 0.10687916875 0.5805983671875 0.0626269515625 0.5634496484375 0.075591171875 0.4830348390625 0.0938588921875 0.4852778328125 0.0971139609375 0.5091079671875 0.10766490625 0.4986882296875 0.10887154218749999 0.46369069375 0.08451458125 0.460700034375 0.0796319765625 0.4249548359375 0.11453988281250001 0.41752575781249995 0.12020822499999999 0.3713608203125 0.06703259843750001 0.37654690468749996
12 0.154386453125 0.6215772203125 0.15559309062499999 0.586579684375 0.143414609375 0.5850843546875 0.13853200625 0.5493391562500001 0.14703451875 0.48009175 0.160419634375 0.44658954375000004 0.1725981140625 0.4480848734375 0.179893990625 0.41383500156249997 0.153909496875 0.3989292765625 0.13769020781250002 0.4555139515625 0.1235193546875 0.5709262953125 0.1377462671875 0.6312492921875 0.154386453125 0.6215772203125
23 0.234697153125 0.42056398437500003 0.2298145484375 0.384818784375 0.211546828125 0.38257579062499997 0.180314890625 0.4607476046875 0.1666080890625 0.5266722328125 0.1662074828125 0.5809872671874999 0.17974126875000002 0.61662661875 0.1982672265625 0.6189013203125 0.219429446875 0.5705332140625 0.2314085046875 0.480264359375 0.234697153125 0.42056398437500003
27 0.2371664859375 0.5263042546875 0.22378136875000001 0.5598064609375 0.22582980312499998 0.6186341296875 0.2546484671875 0.6104573875 0.2635718796875 0.5881225828125001 0.26924022187499996 0.5419576453125 0.25947501093750003 0.4704672453125 0.26230918281250004 0.4473847765625 0.27894936875 0.43771270468749995 0.2862452453125 0.40346283281249995 0.26026075 0.38855710781249997 0.2468756328125 0.42205931406249997 0.2383731203125 0.4913067203125 0.2542275703125 0.563544784375 0.2436766234375 0.573964521875 0.2371664859375 0.5263042546875
24 0.3134924359375 0.5591063640625 0.326877553125 0.525604159375 0.335380065625 0.456356753125 0.3304974609375 0.420611553125 0.30614050000000004 0.41762089375 0.29275538437500004 0.45112310000000005 0.27008201718749997 0.63578285 0.27496462187500004 0.6715280484374999 0.279426328125 0.660360646875 0.2907630109375 0.5680307734375 0.3134924359375 0.5591063640625
26 0.35611711874999996 0.5643400171875 0.3658823265625 0.6358304171875 0.38252251249999997 0.6261583453124999 0.36950223437499996 0.5308378109375 0.38734905625 0.486168203125 0.394224034375 0.40500573125 0.35322688750000003 0.41168714375000004 0.32488517968749997 0.64251183125 0.337063659375 0.6440071609375 0.350027878125 0.5635923515625 0.35611711874999996 0.5643400171875
18 0.42183606406249996 0.43182652343749994 0.40845094687500005 0.465328728125 0.3886117515625 0.6269060093750001 0.396940265625 0.6636819125 0.41302936875 0.539940071875 0.42183606406249996 0.43182652343749994
22 0.43811141249999996 0.5509771890625 0.45022244375 0.6600308359375 0.4599264890625 0.6612223421875 0.46632185000000004 0.5872567859375 0.47868765937499996 0.49738317343749994 0.48272846718749995 0.4393031703125 0.46934335000000005 0.47280537499999997 0.45637913281250003 0.5532201828125001 0.451496528125 0.5174749828125 0.45433069843749996 0.49439251406249995 0.44944809531249996 0.45864731562500005 0.443358853125 0.45789965 0.419057953125 0.6306443328125 0.42514719375 0.6313919984374999 0.43811141249999996 0.5509771890625
8 0.5375876875000001 0.62176749375 0.5424702921875 0.65751269375 0.5712889578125 0.64933595 0.58021236875 0.627001146875 0.5853571078125 0.5950768937500001 0.579111215625 0.5365480515625001 0.5943832234374999 0.511588803125 0.6028857359375001 0.442341396875 0.5901978296875 0.3952031171875 0.5660881109375 0.409231540625 0.5552714265625001 0.431687890625 0.548103903125 0.4681831625 0.544525275 0.511914821875 0.557998921875 0.5407512296875 0.5375876875000001 0.62176749375
1 0.642197109375 0.44575874375 0.63278361875 0.4276140234375 0.6013071140624999 0.6547973921875 0.6147205234374999 0.6768309625 0.642197109375 0.44575874375
46 0.6796325859375 0.5220561078125 0.6950661359375 0.5473815703125 0.68939779375 0.5935465078125 0.6804743828125 0.6158813125 0.6853569875 0.6516265125 0.6898186921875 0.6404591109375 0.6997407124999999 0.5751437984375001 0.69722490625 0.6393924234374999 0.71057816875 0.654623165625 0.7180362687499999 0.6011745421875 0.7311591187500001 0.6401613 0.7407821718750001 0.5326142765624999 0.7219656515625 0.5472927875 0.7221359203125 0.5167338015625 0.7112589375 0.532387140625 0.7051961828125 0.4900492328125 0.6869284625 0.48780623749999996 0.6796325859375 0.5220561078125
40 0.7322072078125 1 0.7353896640625 0.9740809765625 0.7321345953125 0.9502508437499999 0.7519737906249999 0.7886735625 0.7608971999999999 0.7663387578124999 0.777902225 0.627843946875 0.7957490484374999 0.5831743390625 0.8014173890625 0.5370094015625 0.7965347859375 0.5012642031250001 0.772177825 0.49827354375 0.749869296875 0.554110553125 0.7442009546875 0.600275490625 0.756800334375 0.648683421875 0.7454636515625 0.7410132953125 0.70368076875 0.8296048468749999 0.692344084375 0.921934721875 0.7036429421875 0.9663660999999999 0.70863796875 1 0.7322072078125 1