22 0.16932103125 0.2841959875 0.158699803125 0.2540060234375 0.14777232499999998 0.4238411796875 0.1364530015625 0.43364512343749995 0.10173274218749999 0.2330086140625 0.077021203125 0.46261230781249996 0.08269156562499999 0.5027173781250001 0.1063559578125 0.3331045453125 0.14495854218749998 0.49380272812500003 0.16932103125 0.2841959875
48 0.2150703859375 0.354590065625 0.19807665937500002 0.365412771875 0.19413955624999998 0.504662709375 0.20971164999999997 0.5249375671875 0.2245428515625 0.40517816875 0.2150703859375 0.354590065625
39 0.2800709265625 0.326135228125 0.2998529953125 0.19646072187500002 0.2818161671875 0.22615045781249998 0.2638221328125 0.43586836093750003 0.242601078125 0.465502515625 0.26949249375 0.4759734296875 0.275184253125 0.6060925828125 0.26493347031250003 0.6459197484375 0.2879855796875 0.6144466093750001 0.2824421359375 0.42531807656250004 0.2800709265625 0.326135228125
42 0.35686285156249997 0.3974862984375 0.335292746875 0.44711740781250003 0.338149325 0.557184025 0.361507465625 0.5875963140625 0.34981769687500003 0.527383128125 0.35686285156249997 0.3974862984375
34 0.4317106203125 0.5891564859375 0.41666509375 0.43853624375000005 0.3975928328125 0.46624648750000003 0.38307974218749996 0.5883076296875 0.3939922359375 0.621856628125 0.4061548640625 0.5331129796875 0.4317106203125 0.5891564859375
53 0.45873184062499994 0.4311199015625 0.45234690625 0.21912556093750002 0.44238399843750004 0.252922371875 0.448908684375 0.4365081046875 0.44243930625 0.503112221875 0.4511842046875 0.5088247703125 0.46588890312500003 0.629424390625 0.45747063125 0.50337459375 0.4700324 0.442436746875 0.45873184062499994 0.4311199015625
2 0.5596063203125 0.4610343390625 0.5550259 0.5409665734375 0.575548859375 0.5513263265624999 0.5543492 0.6709745640625 0.566737065625 0.6911938421875 0.60883013125 0.6519224859375 0.578754484375 0.641395990625 0.5829644609375 0.49144662656250004 0.5596063203125 0.4610343390625
0 0.6042915515625 0.7060884671875 0.6222666015625 0.6897229625 0.62853095 0.584197078125 0.6150514890625 0.488117215625 0.600829678125 0.6003928109375 0.6042915515625 0.7060884671875
0 0.6368987828125 0.6621797734375 0.6583247078125 0.701471953125 0.671177446875 0.6238596640625 0.656318078125 0.5124053953125001 0.6425700390625 0.5399640171875 0.6368987828125 0.6621797734375
46 0.79953478125 0.6752542953125 0.7842903390625 0.5449684 0.763439728125 0.6446196828125 0.7273232765625 0.5239709890625 0.6760479734375 0.63309273125 0.7170724953125001 0.5637981546875 0.7273660734375 0.7039991546875 0.747867634375 0.624344825 0.766994403125 0.71469239375 0.7800589671875 0.6049036796875 0.79953478125 0.6752542953125
40 0.8146974578125 0.559647771875 0.803632765625 0.633097153125 0.7844737578125 0.7203531328125 0.7862643625 0.82045995 0.799818371875 0.804017275 0.8221811453125 0.6376150359375 0.8146974578125 0.559647771875