28 0.11310304687499999 0.3514887109375 0.05194300625 0.3514510890625 0.07545144375 0.3889864265625 0.0306664140625 0.622312403125 0.035364090625 0.640088340625 0.0801558046875 0.38964758125 0.11310304687499999 0.3514887109375
34 0.08476656875000001 0.629915684375 0.10364752656250001 0.46996987343749996 0.0706869125 0.542358309375 0.056540401562499995 0.6259487546875 0.0659424390625 0.644385846875 0.08478996875 0.570013946875 0.08476656875000001 0.629915684375
35 0.10826831875000001 0.6845658046875001 0.1295255171875 0.6294319640625 0.148322246875 0.5190378015625 0.1318703515625 0.48249419531250004 0.15929394375 0.3291526296875 0.15406871093750002 0.328418271875 0.091809740625 0.6651369796875 0.10826831875000001 0.6845658046875001
22 0.306015290625 0.29302215 0.287191159375 0.3074923140625 0.22828301718750002 0.5645069984375 0.21413650624999997 0.64809744375 0.22119304843749998 0.6490891750000001 0.2918888359375 0.32526825000000004 0.28944974375 0.5474298375 0.34600570468749997 0.29008457499999996 0.2941741625 0.496746646875 0.306015290625 0.29302215
34 0.334137834375 0.5622682 0.34830774375 0.4187760171875 0.317705996875 0.47438024843750004 0.3035661703125 0.5408559125 0.3082504765625 0.5928614125 0.3294501859375 0.518820090625 0.334137834375 0.5622682
35 0.3930125484375 0.390827425 0.3788894375 0.4145161328125 0.3954048421875 0.2884693109375 0.3388355109375 0.5800441375000001 0.355294090625 0.5994729609375 0.39298915 0.45072916249999995 0.3930125484375 0.390827425
54 0.411819965625 0.4191442171875 0.3929490375 0.5534178546875 0.40000557812500004 0.5544095875 0.42590965000000003 0.48102941875000005 0.42588625156250004 0.54093115625 0.4424083421875 0.3977695515625 0.40707883437500003 0.5126143640625 0.4212286890625 0.42046652656249994 0.411819965625 0.4191442171875
46 0.46486751406250004 0.5687304671875 0.48495053125 0.470065365625 0.4962817390625 0.4526289296875 0.47357626249999996 0.5699544015625 0.4892651578125 0.5467875 0.51022895625 0.42921697812500004 0.51199060625 0.391406675 0.48238204375000004 0.43761893125 0.4800499203125 0.3859440078125 0.47977492968749996 0.3741932953125 0.46581782499999996 0.41663251875 0.4667151578125 0.3660146921875 0.45799983437499997 0.3774758875 0.45448326874999995 0.440411365625 0.4282975453125 0.550904825 0.43438035937499997 0.57713183125 0.46493034531250005 0.448222778125 0.46840393437500005 0.46773989374999997 0.4570329359375 0.5612864921875 0.46486751406250004 0.5687304671875
38 0.538861121875 0.3770936625 0.5189443203125 0.41775607968750006 0.499722278125 0.5355711000000001 0.506652790625 0.6063179921875 0.52584509375 0.545585303125 0.516265528125 0.5442389828125 0.5176480406249999 0.4853645484375 0.5411865609375 0.44588336718750005 0.55297420625 0.379077128125 0.538861121875 0.3770936625
53 0.612266584375 0.164466540625 0.60268701875 0.1631202203125 0.5808225796875 0.33765069531249997 0.5670906328124999 0.3725032015625 0.564718396875 0.4235169703125 0.531727696875 0.5729219234375 0.5387842390625 0.57391365625 0.5788481937500001 0.38271347968749997 0.609534928125 0.3924298734375 0.5882702875 0.34980622499999997 0.612266584375 0.164466540625
5 0.7200258328125 0.2827446515625 0.691736153125 0.4413681515625 0.7270422625 0.386425075 0.6964070875 0.527603215625 0.708167990625 0.529256103125 0.7364576703125 0.37063260468750003 0.7058759796875 0.37489248750000004 0.722371328125 0.30019001093750003 0.7553185703125 0.262031140625 0.7200258328125 0.2827446515625
0 0.7340620343750001 0.481548109375 0.7458162515625 0.5003157781249999 0.7717303531249999 0.40126343750000004 0.77883035 0.29100908593749997 0.7458563640625 0.3976270859375 0.7340620343750001 0.481548109375
0 0.7717036109375 0.469722565625 0.7810989625 0.505274440625 0.8093719296874999 0.38943789375 0.818817421875 0.296628903125 0.7952789015625 0.336110084375 0.7717036109375 0.469722565625
46 0.7998650656249999 0.5079232078125 0.837608125 0.3677326515625 0.8470135046875 0.377612353125 0.8259913093750001 0.5115950125000001 0.8681931593750001 0.354915375 0.8516744109375001 0.4895195890625 0.8752530453125 0.3473497171875 0.8774852015624999 0.3031708 0.854819428125 0.34438610000000003 0.8513590359375 0.29949900625 0.8347958562500001 0.3288862078125 0.836560815625 0.2847331984375 0.8225838203125001 0.3652277859375 0.8059909781249999 0.45169732968750004 0.7998650656249999 0.5079232078125
40 0.91521003125 0.42998605312500005 0.9199678765625 0.2937289515625 0.8964327000000001 0.324652740625 0.8826574515625 0.40538528124999995 0.89830671875 0.45832857968749996 0.8493155453125001 0.50630379375 0.8069060953125 0.6800586109375 0.7927428703125 0.8064360109375001 0.80920479375 0.8173074453125 0.84417361875 0.717125796875 0.9008961296875 0.5030932640625 0.91521003125 0.42998605312500005