28 0 0.30526166250000003 0.0007985187499999999 0.31040138281249996 0.033186709375 0.3163075078125 0.064954596875 0.592276425 0.03984585 0.28767681875 0.08202363124999999 0.25531296875 0 0.25542660625 0 0.30526166250000003
34 0.120395146875 0.5678288640625 0.08151435781250001 0.3950204234375 0.06776037968750001 0.454816453125 0.0751078828125 0.566426378125 0.0922763078125 0.6296849921875001 0.0985496265625 0.5225584765625 0.120395146875 0.5678288640625
35 0.12745253437499998 0.5298460546875 0.1460652828125 0.5826277281250001 0.164194134375 0.521573975 0.1409080328125 0.35840568125 0.1313794734375 0.50150253125 0.107769734375 0.2849958 0.0995724125 0.3154316625 0.12745253437499998 0.5298460546875
24 0.2818171828125 0.2901753921875 0.2662759703125 0.20801648281250001 0.2595057984375 0.3670025078125 0.2874022625 0.6061372781250001 0.27544525625 0.43980929843750005 0.2818171828125 0.2901753921875
51 0.3115012453125 0.6303030765625001 0.3030656296875 0.48331845625 0.31039597343750003 0.45297396093750003 0.325657475 0.58149636875 0.33737840625 0.58226405 0.32557811875 0.5223563734375001 0.3176230375 0.40744544843749997 0.2898697984375 0.40781251875 0.3115012453125 0.6303030765625001
48 0.35536460625 0.543132578125 0.3484182484375 0.4507600515625 0.331284053125 0.40600961875 0.33783216562499996 0.5077342640625 0.35536460625 0.543132578125
40 0.38433440625 0.622648003125 0.3973885734375 0.7218280859374999 0.408549846875 0.7029104687500001 0.3817783375 0.39815254218749996 0.3624819375 0.3646916328125 0.3593452390625 0.4182548953125 0.386382915625 0.533710053125 0.38433440625 0.622648003125
54 0.4572526078125 0.51380319375 0.4339919359375 0.46955754687500006 0.4167788375 0.37840323124999997 0.4186035203125 0.5271756390625 0.39412472187500003 0.3994047984375 0.408072953125 0.518972184375 0.422011846875 0.5891136375 0.4307136 0.54679523125 0.4510187265625 0.556490584375 0.4572526078125 0.51380319375
53 0.46203155156250003 0.4015777640625 0.4780820390625 0.34402921875 0.4566226609375 0.336974428125 0.44732630156250003 0.1960733859375 0.43294035312499995 0.19049935 0.42702114687500003 0.18637775625 0.44802780625 0.34718804531249997 0.4288517921875 0.38729016875 0.4557706546875 0.4208563359375 0.473192065625 0.5866099828125 0.481388675 0.5857484859375 0.46203155156250003 0.4015777640625
46 0.5857771781250001 0.3699510515625 0.5472391203125 0.25296816093749996 0.53819050625 0.3377115640625 0.5548154249999999 0.522169453125 0.5630120359374999 0.5213079546875 0.5530462578125 0.3082193765625 0.5879445921875 0.57454900625 0.5771823234375 0.38016466875 0.6051343015625 0.554121771875 0.5857771781250001 0.3699510515625
54 0.6199852359375 0.5209869671875 0.603856646875 0.3925557109375 0.590961196875 0.4116555984375 0.6169590875 0.59228313125 0.6350567453125 0.5726364687500001 0.6394232984375 0.5307737109375 0.6519244843750001 0.605065496875 0.6208975718749999 0.37557001093750003 0.6145446828125001 0.344113525 0.6199852359375 0.5209869671875
49 0.6941904015625 0.604712759375 0.69811475 0.491918375 0.680110321875 0.387343553125 0.656589190625 0.372071203125 0.6459851109375 0.410469796875 0.6669658640625 0.7377006125000001 0.6803345515625 0.7481252734375 0.6685412421875 0.6192383625 0.6941904015625 0.604712759375
2 0.7842094484375 0.628402834375 0.8053816109374999 0.5144544093750001 0.786256190625 0.5164645718750001 0.77310445 0.378192946875 0.7593879203125 0.4448064453125 0.7761238703125 0.49890899843750003 0.7842094484375 0.628402834375
0 0.835778575 0.5671211296875 0.8194963859375 0.438488790625 0.80236219375 0.393738359375 0.8139209515625 0.5694184578125 0.835778575 0.5671211296875
46 0.8607907796875001 0.421586853125 0.8494395671875001 0.3636312984375 0.842834596875 0.4175590921875 0.8259091625 0.382692109375 0.8454840562499999 0.5178330328125 0.8534775203124999 0.5938857625 0.853760846875 0.546537415625 0.8449313828125 0.429168496875 0.8486518671875001 0.42286270468750004 0.8620688015625 0.5338344453125 0.8699828249999999 0.5507471703125 0.8732611078125 0.4735097515625 0.8774859984375001 0.4553211765625 0.8850062218750001 0.5018493187499999 0.8759246484375 0.3904219125 0.8607907796875001 0.421586853125
40 0.8805603921875 0.484572071875 0.886156559375 0.45440986250000004 0.8871824421875001 0.572598690625 0.9008825453125 0.636222121875 0.9072664125 0.54682850625 0.894243409375 0.40624105312500003 0.8844563671874999 0.37653854999999997 0.8723458281250001 0.373053540625 0.8742699109375 0.44974416718750004 0.8805603921875 0.484572071875