24 0.02523820625 0.289595803125 0.014524746875 0.370300484375 0.054136028125 0.636197428125 0.038711675 0.4818635890625 0.060899742187499994 0.4863450046875 0.07308013125 0.4377509078125 0.0751023015625 0.34273494375 0.052537365625 0.29073723125 0.02523820625 0.289595803125
51 0.1102174875 0.529059184375 0.11618117187500002 0.539200234375 0.131940640625 0.6498792828125 0.1265309296875 0.54778035625 0.1425956453125 0.46936734218750004 0.12158309375000001 0.5040718984375 0.10531568437500001 0.4700791890625 0.0877397140625 0.507501809375 0.1102174875 0.529059184375
38 0.177790428125 0.60914653125 0.19495300937499999 0.625669771875 0.2180081671875 0.6135054171875 0.20360227812499998 0.5834021500000001 0.1943835859375 0.56297810625 0.1954378765625 0.49671685312499997 0.1704267328125 0.5454798750000001 0.177790428125 0.60914653125
45 0.2509300203125 0.61178005625 0.2721684421875 0.667082340625 0.214962896875 0.3104325421875 0.2509300203125 0.61178005625
42 0.31089053906249997 0.5310665609375 0.30183505781250003 0.5747695078125 0.33435416562500003 0.663823325 0.320811128125 0.6086202468749999 0.31089053906249997 0.5310665609375
42 0.291822025 0.41218329374999996 0.3115861953125 0.43935516874999997 0.28959682343750004 0.334728815625 0.291822025 0.41218329374999996
36 0.39064287656249996 0.548042671875 0.377443725 0.4711633125 0.36503699218749996 0.5493846203125 0.37238060625 0.6195189359375 0.42654088124999995 0.6730958593749999 0.3782223203125 0.5910051125 0.39064287656249996 0.548042671875
34 0.478489778125 0.6844771703125 0.462342121875 0.5513369921875 0.4285805921875 0.5228280734374999 0.4202878890625 0.5546234296875 0.41761772031250005 0.641876696875 0.4323964203125 0.6798409015625 0.4573447953125 0.6397946890624999 0.478489778125 0.6844771703125
7 0.602833575 0.6074414078125 0.623334871875 0.6486784890624999 0.6271034765625 0.7840911703125 0.64273223125 0.5985921734375 0.6488472796875 0.5425191218750001 0.5980802703125 0.48942730156250003 0.63354405 0.5635204328125 0.62697903125 0.613227915625 0.602833575 0.6074414078125
5 0.706021890625 0.6866565515625 0.6957988890625 0.7365557421875 0.70823326875 0.7288521671875 0.7155215890625 0.657951021875 0.6840463421874999 0.6172890640625 0.7176776734375 0.5591111765625 0.6781631578125 0.540026290625 0.6738095171875 0.6319293874999999 0.706021890625 0.6866565515625
46 0.8728148859375 0.6497076296875 0.8435095468749999 0.5454646890625 0.823317678125 0.60655063125 0.8090304765624999 0.558516084375 0.79623101875 0.6079701828124999 0.7801380671875 0.5600302703125 0.7403903484375001 0.6425438703124999 0.7850094546874999 0.619049728125 0.7967481796875 0.7030575421874999 0.8113524671875 0.631772984375 0.827472478125 0.6943954328124999 0.8420629421875001 0.5878520093749999 0.8728148859375 0.6497076296875
40 0.8805806046875 0.5870522234375 0.8666871609375001 0.673968353125 0.8921501031249999 0.676118378125 0.8817180796875 0.770747384375 0.891301009375 0.7981214390625 0.9091228171875001 0.6717443953125 0.900070909375 0.619950859375 0.8805806046875 0.5870522234375