13 0.141945659375 0.6208521359375 0.1764313578125 0.5093788953125 0.193568421875 0.405174628125 0.19194341718750002 0.340885621875 0.1809678171875 0.310373390625 0.1565066984375 0.3264950875 0.1343061875 0.3931765375 0.1149692140625 0.474459675 0.0817666515625 0.6411677625000001 0.0905635625 0.6766918234375 0.1148182359375 0.66885134375 0.141945659375 0.6208521359375
34 0.23697700312499997 0.454432915625 0.23021969531250003 0.40772132031249997 0.20547389374999997 0.446578309375 0.1821371796875 0.510649425 0.1715479125 0.59411373125 0.18883709531249998 0.6067571 0.21121125625 0.509565715625 0.203452775 0.585403134375 0.209179809375 0.61460663125 0.2141238515625 0.5575105109375 0.23697700312499997 0.454432915625
47 0.2935487734375 0.45510059218750004 0.27843836093749996 0.43744541562499994 0.260231509375 0.475239853125 0.251526225 0.44305150781249997 0.2191003203125 0.6200770375 0.228408521875 0.6082906734375 0.2555695234375 0.4956274203125 0.273271528125 0.491708334375 0.253753740625 0.6287171046875 0.272599696875 0.5933921 0.2935487734375 0.45510059218750004
55 0.3021228609375 0.487791575 0.31462528125 0.5159068421875 0.3181898109375 0.561236528125 0.3054709453125 0.6830556578125 0.3463727890625 0.5488204375 0.37076844375 0.4882414671875 0.3993478890625 0.4481485296875 0.4177018765625 0.441614478125 0.42783181406250004 0.40696176875 0.39624527187499997 0.41959937187499996 0.3689698203125 0.454462275 0.345448971875 0.515259359375 0.33064313749999996 0.5560088000000001 0.3336149046875 0.4956434234375 0.318009784375 0.4389789875 0.3021228609375 0.487791575
38 0.3889878203125 0.6872133828125 0.3950621296875 0.6553971328125 0.381940440625 0.652125528125 0.36377653125 0.639264065625 0.36086390625 0.5913193921875 0.38293985468749997 0.5884908640625001 0.40325373437499995 0.5659320640625001 0.4129936296875 0.49331581093750004 0.38859269687500003 0.497237934375 0.361863346875 0.5276846140625 0.344895171875 0.5845602953125 0.34453136875 0.6344657078125 0.3555234234375 0.6760922468749999 0.3889878203125 0.6872133828125
51 0.467266021875 0.5484092859375 0.46232198281250003 0.605505396875 0.43927938749999995 0.694197440625 0.454596246875 0.7035714 0.476986753125 0.6174944250000001 0.4794801546875 0.5292342 0.46024829062499995 0.505097721875 0.4335545109375 0.5584779609375 0.42290124531249995 0.540812865625 0.4144482734375 0.6074569999999999 0.3985939890625 0.6784982640624999 0.41564400937499996 0.67719414375 0.43755622968749996 0.563222340625 0.45652947812500005 0.531844634375 0.467266021875 0.5484092859375
4 0.579782953125 0.689993403125 0.6112301546875 0.657810240625 0.597370671875 0.5993219171875 0.5714784468749999 0.6629079625000001 0.5513742500000001 0.6428864875 0.61421274375 0.5384823921875 0.6082569921875 0.5019766046874999 0.5364242499999999 0.649164990625 0.567983265625 0.6970573671875 0.5382509890625 0.829727684375 0.5446075171875 0.8713363749999999 0.579782953125 0.689993403125
0 0.6311399109375 0.8100754140624999 0.6382300062499999 0.7257387859375 0.6427285125 0.6629764140625001 0.6365723640625001 0.6392211031249999 0.6131006078125 0.733361171875 0.6088248453125 0.7989565953125 0.6311399109375 0.8100754140624999
0 0.66704861875 0.699593328125 0.650765146875 0.7760827421875 0.6658919046875 0.80485233125 0.6909886625 0.7750012546875 0.70969134375 0.6923653296875 0.7095918125 0.6407615234375 0.6934831046875 0.643297353125 0.66704861875 0.699593328125
46 0.7139885109375 0.8057338265625 0.731815040625 0.7379619515625 0.7478958515625 0.7068937609375 0.7434100203125 0.7436304171875 0.7336301203125 0.7828554515625 0.7303081328125 0.7975652484375 0.737607546875 0.8116227140625 0.7551949890625 0.72990336875 0.772864271875 0.7037555921875 0.7529242968750001 0.820996775 0.765394 0.8268833453125 0.79250588125 0.680877209375 0.7819758140624999 0.656031228125 0.7651976281249999 0.6935113937499999 0.7577211421875 0.6638717187500001 0.7385249890625001 0.692416325 0.744550284375 0.627257109375 0.7047950484375 0.7978866 0.7139885109375 0.8057338265625
40 0.785398771875 1 0.8459562625 0.736345946875 0.8462802453125 0.677619290625 0.8352470921874999 0.678643084375 0.80632864375 0.7148768421875 0.7878499390625 0.785263765625 0.7870137265625 0.811703540625 0.817314503125 0.8042494359375001 0.8114705656250001 0.8478191875000001 0.68803051875 0.9671314921875 0.70377766875 1 0.7137888171875 1 0.7037820734375 0.9710587953125 0.7993260078125 0.88981801875 0.774845915625 1 0.785398771875 1