15 0.0902255640625 0.6693548390624999 0.0582706765625 0.645161290625 0.056390978125000005 0.5564516125 0.09210526249999999 0.548387096875 0.0958646609375 0.4677419359375 0.0488721796875 0.508064515625 0.0526315796875 0.8145161296874999 0.062030075 0.6774193546875 0.0902255640625 0.6693548390624999
38 0.14125082656250001 0.7958724671875 0.14572478125 0.7574467265625 0.1170917515625 0.7497617265625001 0.1127819546875 0.6854838703125 0.1367769515625 0.6498550484375001 0.13909774375 0.5887096781250001 0.1146616546875 0.548387096875 0.102775315625 0.5845314359375 0.09561701875 0.7036509843750001 0.103670040625 0.776659596875 0.117986559375 0.7997149671875 0.14125082656250001 0.7958724671875
57 0.14393516875 0.5960591296875 0.1609360265625 0.6652252421875 0.1428571421875 0.8145161296874999 0.15037594062499998 0.8629032265625 0.1672932328125 0.70967741875 0.1940429328125 0.8112426453125 0.191358590625 0.7151786609374999 0.175252540625 0.6690679187499999 0.1931481234375 0.5653187578125001 0.1815159515625 0.53457819375 0.16809424374999998 0.6075868062499999 0.147514315625 0.53073569375 0.146616540625 0.5725806453125 0.14393516875 0.5960591296875
48 0.195832465625 0.6613827421875 0.1992481203125 0.7822580640625 0.22180451093750003 0.798387096875 0.230728909375 0.7459190328124999 0.22932330781250002 0.6693548390624999 0.20864661718750002 0.59677419375 0.195832465625 0.6613827421875
39 0.2781522515625 0.450041903125 0.27819548906249997 0.6693548390624999 0.2432558078125 0.67675291875 0.2441506171875 0.7343913546875 0.27819548906249997 0.7177419359375 0.27636271875 0.8189278390625001 0.26691729375 0.8790322578125 0.27819548906249997 0.895161290625 0.29067923281249997 0.849668209375 0.2932330828125 0.701612903125 0.29067923281249997 0.46925458124999997 0.30052179375 0.300181984375 0.315733034375 0.3232373546875 0.3219965265625 0.29249680625 0.3166278421875 0.2579137421875 0.29873225937500003 0.2425435640625 0.2871000828125 0.311709678125 0.2781522515625 0.450041903125
34 0.328260015625 0.7228636609375 0.3497347484375 0.8074001453124999 0.35420862343750004 0.7612894031249999 0.336313040625 0.6959657906250001 0.32894736875 0.645161290625 0.31304869218750003 0.6344848703125 0.30231132656250004 0.6421698703125001 0.30231132656250004 0.7536042265625 0.315733034375 0.7920297734374999 0.328260015625 0.7228636609375
52 0.34883994375 0.626799678125 0.328260015625 0.772817096875 0.35902255625 0.6612903218749999 0.3571428578125 0.7661290328125 0.368421053125 0.7661290328125 0.37593985 0.701612903125 0.3703146765625 0.6344848703125 0.34883994375 0.626799678125
53 0.398496240625 0.6370967734375 0.3944737515625 0.8611958874999999 0.40225563906249995 0.8629032265625 0.40977443593749996 0.6370967734375 0.43742321874999995 0.622957178125 0.4410023640625 0.5730037578125 0.40977443593749996 0.5725806453125 0.4150536765625 0.28481161250000003 0.40163196562500003 0.315552178125 0.3989476234375 0.5730037578125 0.38015723281249997 0.5883741296875 0.376578165625 0.6460125484375 0.398496240625 0.6370967734375
13 0.57894736875 0.7661290328125 0.6071428578125 0.70967741875 0.6165413531249999 0.604838709375 0.562030075 0.40322580625000004 0.5563909781249999 0.7661290328125 0.57894736875 0.7661290328125
42 0.618421053125 0.2741935484375 0.6165413531249999 0.34677419375 0.6353383453125 0.3790322578125 0.618421053125 0.2741935484375
42 0.6334586468750001 0.5161290328125 0.631578946875 0.701612903125 0.6428571421875 0.701612903125 0.6334586468750001 0.5161290328125
47 0.6903000671874999 0.7190489515625 0.7010374328125 0.7228914671875 0.70300751875 0.7338709671875 0.6973684203125 0.5322580640625 0.67240448125 0.5807167265625 0.658982775 0.52307830625 0.6541353390625 0.5564516125 0.664351459375 0.6076146125 0.6652462671875 0.7036787734375001 0.67598363125 0.7036787734375001 0.67598363125 0.630669984375 0.6898496234375 0.5806451609375001 0.6903000671874999 0.7190489515625
34 0.742481203125 0.5322580640625 0.7198278234375 0.5691890484375 0.71714348125 0.6652530328124999 0.726091315625 0.7075212734375 0.74130255625 0.672938209375 0.742481203125 0.5806451609375001 0.7556390984375 0.6370967734375 0.742481203125 0.5322580640625
39 0.7976737328125 0.14650719375000001 0.79699248125 0.508064515625 0.76691729375 0.5241935484375 0.7717251234375 0.5576613546875 0.79699248125 0.5564516125 0.7958841999999999 0.6191422906249999 0.7931998578125 0.7036787734375001 0.789473684375 0.75 0.8007518796875001 0.7661290328125 0.8066215640625 0.5615038703125 0.820043275 0.5615038703125 0.8209380828124999 0.5077081125 0.80572675625 0.51923580625 0.80930590625 0.138822178125 0.8182537406250001 0.1810902421875 0.8245171499999999 0.1349795 0.828096296875 0.131137 0.8101503765625001 0.048387096875 0.7976737328125 0.14650719375000001
38 0.8549397140625 0.672938209375 0.8388336656250001 0.611457290625 0.8343597890625001 0.549976178125 0.8567292484375001 0.534605984375 0.8571428578125 0.45967741875 0.836466165625 0.4193548390625 0.8245171499999999 0.47696756406249996 0.82988583125 0.6383551609375 0.8397284734375001 0.672938209375 0.8495710296875 0.69215108125 0.8549397140625 0.672938209375
57 0.8746249140625 0.549976178125 0.85762405625 0.7421043218750001 0.8684210531250001 0.75 0.8853383453125 0.59677419375 0.9022556390625001 0.7177419359375 0.907731740625 0.699836096875 0.8835726656249999 0.5422911781249999 0.9041353390625 0.40322580625000004 0.8925205796875 0.37706090312499996 0.8853383453125 0.4838709671875 0.862992740625 0.38474608125 0.8549397140625 0.4231716453125 0.8746249140625 0.549976178125