28 0.1373926578125 0.419835775 0.14496794375 0.3929260109375 0.1547797234375 0.4318099796875 0.169465296875 0.6418234640625 0.179277078125 0.68070743125 0.180711975 0.6674170687500001 0.18358176875 0.64083634375 0.17520488437499998 0.5886620109375 0.16419070468750002 0.4311519 0.16849539687499998 0.3912808109375 0.175036584375 0.41720345625000005 0.1985640390625 0.41555825625000004 0.1981632390625 0.3760162078125 0.1525432265625 0.36601624374999997 0.1460020390625 0.34009359843750003 0.1196047921875 0.36831952343749996 0.1232761859375 0.42082289531250006 0.1373926578125 0.419835775
34 0.1856499640625 0.535171521875 0.18932135781249998 0.5876748921875 0.19784725625 0.64428698125 0.21303613437500002 0.6683639515625 0.22588674375 0.6197238953124999 0.2411610703125 0.6714250109375001 0.222712365625 0.56210349375 0.21348211093749997 0.4936552328125 0.18995465625000002 0.4953004328125 0.1856499640625 0.535171521875
35 0.2701163015625 0.6611653093750001 0.2729860953125 0.634584584375 0.2674790046875 0.5558295265625001 0.2591021203125 0.5036551953124999 0.2492903390625 0.4647712265625 0.23987935781249997 0.46542930625 0.2300675765625 0.4265453390625 0.22119275 0.2957361921875 0.21452848750000003 0.3163133234375 0.22937660312500002 0.5415261265625 0.2353421671875 0.637216903125 0.249859440625 0.6757718328125 0.2701163015625 0.6611653093750001
26 0.3438009546875 0.497732475 0.3429993546875 0.41864837968749996 0.333187575 0.37976441250000004 0.3049546296875 0.3817386515625 0.3218767 0.65754586875 0.334558275 0.6698491125 0.3337566765625 0.590765015625 0.3533802390625 0.6685329531249999 0.359520625 0.6549135500000001 0.3380613671875 0.550893928125 0.3438009546875 0.497732475
10 0.40187004374999996 0.6519521890625 0.3824789796875 0.4422677453125 0.3741020953125 0.3900934140625 0.3661260109375 0.37746113281250004 0.36066577031249997 0.4619564234375 0.3568833296875 0.5495777671875001 0.354815134375 0.6552425890625 0.36279121875000003 0.6678748734375 0.3623904203125 0.628332825 0.3695649046875 0.5618810109375 0.383681378125 0.560893890625 0.3924590625 0.6526102703125 0.40187004374999996 0.6519521890625
21 0.409677825 0.493125915625 0.40760963281249996 0.5987907375 0.41455161875 0.6642554328125 0.421325303125 0.5582615718749999 0.428267290625 0.623726265625 0.438079071875 0.6626102328125001 0.44772255312500003 0.5300356453124999 0.4565002359375 0.6217520249999999 0.4663120171875 0.6606359937499999 0.47245240624999996 0.647016590625 0.46878101250000004 0.59451321875 0.462239825 0.5685905734375 0.44795505156250004 0.3981191375 0.43854406875 0.39877721718750003 0.434239378125 0.43864830625 0.43791077187500005 0.4911516765625 0.4336060796875 0.5310227640625 0.42379429843749994 0.49213879687500006 0.4150166140625 0.40042241718750005 0.4103111234375 0.4007514578125 0.4060064328125 0.4406225453125 0.409677825 0.493125915625
23 0.4837632796875 0.3692351328125 0.4696468078125 0.370222253125 0.46534211562500005 0.410093340625 0.47268490312500006 0.5151000828125001 0.47165080625 0.56793249375 0.48983947031249997 0.6589907937499999 0.51009633125 0.6443842703125 0.5129661265625 0.6178035453125 0.498280553125 0.4077900609375 0.4837632796875 0.3692351328125
26 0.534257084375 0.5503646125 0.5669630203125 0.6799778390625 0.5778089 0.6660293953124999 0.575973203125 0.6397777109375 0.5451029625 0.53641616875 0.543267265625 0.510164484375 0.5500409515625 0.40417062187499997 0.5402291703125 0.36528665312499997 0.5308181875 0.3659447328125 0.5240562015625 0.36505834375 0.5119962265625 0.3672608921875 0.5076915343749999 0.40713198124999994 0.5260485015625 0.6696488359375 0.5401649734375 0.668661715625 0.534257084375 0.5503646125
18 0.5641574234375 0.4031835015625 0.5678288171875 0.45568687187499995 0.5743700046875 0.4816095171875 0.585384184375 0.63911963125 0.5995006578125001 0.6381325109375 0.5911237734375 0.5859581796875 0.5764382 0.37594469531249997 0.568462115625 0.36331241406250003 0.5641574234375 0.4031835015625
20 0.64471986875 0.6085904265625001 0.6193567171875001 0.5839839390625 0.6156853234375 0.5314805687499999 0.6091441359374999 0.5055579234375001 0.599965653125 0.3742994953125 0.5919895687500001 0.3616672140625 0.6089116375 0.63747443125 0.6187234187499999 0.6763584 0.6201583171875 0.6630680359375 0.64512066875 0.6481324749999999 0.64471986875 0.6085904265625001
2 0.6917747765625 0.6053000265625 0.7294187015625 0.60266770625 0.7116308375 0.5511514546875 0.7136990328125 0.4454866328125 0.7081919421875 0.3667315765625 0.6983801609375 0.3278476078125 0.6955103671875 0.354428334375 0.676688403125 0.35574449375 0.680359796875 0.4082478640625 0.6991817609375001 0.40693170468749995 0.7042880515625 0.44614471250000004 0.699983359375 0.4860158015625 0.68913748125 0.49996424375000004 0.6917747765625 0.6053000265625
5 0.7572508484375 0.56115141875 0.7576516468750001 0.6006934671875 0.7703332234375 0.6129967093750001 0.7768744109375 0.63891935625 0.7830147984375 0.6252999515625 0.7905900828125 0.5983901875 0.7879527875 0.4930544046875 0.77814100625 0.4541704359375 0.760753940625 0.4421962328125 0.76505863125 0.40232514531249997 0.7979970671875 0.40002186562500003 0.7943256734374999 0.3475184953125 0.74583586875 0.36409925625 0.7550143515625 0.49535768437499994 0.77240141875 0.5073318875 0.777507709375 0.5465448953125 0.7572508484375 0.56115141875
46 0.8190555265624999 0.4644994390625 0.8270316109375001 0.477131721875 0.82990140625 0.450550996875 0.8405147859375001 0.5685190609374999 0.849925765625 0.5678609812500001 0.8495249671874999 0.528318934375 0.8560661546875 0.5542415796875 0.8654771359375 0.5535834984375 0.8650763359375 0.51404145 0.871216725 0.500422046875 0.8795936093750001 0.5525963796875 0.8838983 0.5127252906249999 0.865709634375 0.421666990625 0.8374766906250001 0.42364122968749995 0.830935503125 0.397718584375 0.8168190296875 0.3987057046875 0.8190555265624999 0.4644994390625
40 0.8975497765625 0.7755711875 0.9335263078124999 0.9181457359375 0.9443721859374999 0.90419729375 0.9410153515624999 0.8612660343749999 0.9336681359375 0.7561959468749999 0.9202194984375 0.5509966421875 0.9159527031250001 0.42559981718750006 0.9090931484375 0.3658732203125 0.8902711875 0.3671893796875 0.8806173906250001 0.44818206250000003 0.8849694859374999 0.5232947625000001 0.9059908578125 0.5243704546875 0.9129328453125 0.5898351484375 0.8957140796875 0.7493195 0.8975497765625 0.7755711875