12 0.17893258750000002 0.7466494609375001 0.16160211093750002 0.7472546546875 0.1503707328125 0.6740726328125 0.1510152796875 0.5269016609375 0.1642399328125 0.40872107656249995 0.163213478125 0.3793272296875 0.1540350109375 0.36493290156249997 0.13946162812500001 0.5273051234375 0.1398435375 0.7038699421875 0.157878196875 0.80624408125 0.183360684375 0.7906393671874999 0.17893258750000002 0.7466494609375001
10 0.2454377640625 0.3323113546875 0.2338841140625 0.33271481718749996 0.20878353593750001 0.52488435 0.20916544531249998 0.7014491671875 0.220719096875 0.7010457046874999 0.2257917390625 0.597864640625 0.2628278765625 0.581856465625 0.2566691421875 0.4054933765625 0.2454377640625 0.3323113546875
26 0.273355071875 0.552059153125 0.2795138078125 0.7284222421875 0.2910674578125 0.7280187796875001 0.2937649171875 0.639635503125 0.300890471875 0.5952421343750001 0.307693753125 0.624434253125 0.338953065625 0.60862780625 0.3148193078125 0.580040884375 0.32907041718749996 0.4912541453125 0.32701750625 0.43246645 0.3168125828125 0.388678275 0.2879284546875 0.38968693125 0.27605253125 0.4636758796875 0.2781054421875 0.522463575 0.273355071875 0.552059153125
28 0.3919113171875 0.38605576875000003 0.3898584046875 0.327268075 0.36675110312500003 0.328075 0.3620007328125 0.35767057812499997 0.348071896875 0.37287183125 0.36745528437499997 0.43105433125000003 0.362704915625 0.4606499109375 0.36989010625 0.666406846875 0.3814437578125 0.666003384375 0.37798248125 0.40125702187499995 0.3919113171875 0.38605576875000003
18 0.406866609375 0.400248365625 0.41610471093749996 0.6647929968749999 0.4218815359375 0.664591265625 0.4266319046875 0.6349956859375 0.4194467140625 0.4292387515625 0.424197084375 0.399643171875 0.41399216250000004 0.355854996875 0.406866609375 0.400248365625
12 0.47554396875 0.5449985625 0.49351899218749995 0.39722239843749996 0.47856370000000004 0.3830298015625 0.46771423125 0.486412596875 0.46604322812500004 0.6041897203125 0.47284650937499995 0.6333818359375 0.475925878125 0.72156338125 0.48613080000000003 0.76535155625 0.5000596359375 0.7501503031250001 0.4786233359375 0.6331801046875001 0.47554396875 0.5449985625
10 0.5326676781249999 0.6901522203125 0.5414642359374999 0.527981728125 0.5703483640625 0.5269730734375 0.5744541859375001 0.6445484640625 0.5815797421875 0.600155096875 0.5853036546875 0.5411656687499999 0.57914491875 0.3648025828125 0.5689399984375 0.3210144078125 0.5505830656249999 0.292225753125 0.532930315625 0.3664164328125 0.518034659375 0.6023741390625 0.5211140265624999 0.6905556828125 0.5326676781249999 0.6901522203125
26 0.6182936046874999 0.6577324046874999 0.6243927046875 0.5839451875 0.6359463562500001 0.583541725 0.6427496374999999 0.61273384375 0.6740089499999999 0.596927396875 0.6532768328125 0.5829365328125 0.637295084375 0.5393500890625 0.63793963125 0.39217911875 0.6277347093750001 0.34839094375 0.6161810578125 0.34879440625 0.6043051328125 0.422783353125 0.6125167796875 0.6579341359375 0.6182936046874999 0.6577324046874999
14 0.7225060937500001 0.5999739328125 0.6893582578124999 0.5235179953125 0.72341938125 0.47210825625 0.7208681015625 0.44814257812499997 0.6782148359375 0.40976983906250003 0.7225391046875 0.3303654546875 0.7181110078125 0.2863755484375 0.7007805312500001 0.2869807421875 0.6717672828125 0.327816078125 0.6726005859375 0.39096873125 0.6797857765625 0.596725665625 0.6979148921875 0.6145291671875001 0.7225060937500001 0.5999739328125
28 0.84423435 0.50269391875 0.8394839812500001 0.532289496875 0.844616259375 0.6792587359375 0.8503930859375 0.6790570046875 0.8551434546875001 0.6494614265624999 0.8489847203125 0.4730983390625 0.852708634375 0.41410891093749996 0.8598341890625001 0.36971554218749997 0.8771646656250001 0.3691103484375 0.8761382109375001 0.3397165015625 0.8462276265625001 0.3113313109375 0.8170212250000001 0.3859254515625 0.8214493218750001 0.4299153578125 0.826199690625 0.40031977812499997 0.8411549828125 0.41451237343749997 0.84423435 0.50269391875
27 0.8935283234375 0.5892616125 0.894554778125 0.618655459375 0.9047597015625 0.662443634375 0.9244653609375 0.6470406515625 0.9203595375000001 0.529465259375 0.9135562578125 0.50027314375 0.9115033468749999 0.4414854484375 0.9199776296875 0.3529004421875 0.9155495328125 0.3089105359375 0.9097727078125001 0.3091122671875 0.903673609375 0.38289948281249997 0.90983234375 0.559262571875 0.916635625 0.5884546875 0.9095100703125001 0.6328480562500001 0.8959035078124999 0.574463821875 0.8935283234375 0.5892616125