26 0.048470896875 0.76994811875 0.085593134375 0.8037066046874999 0.08824472343749999 0.7766997234375 0.0482758625 0.7302631578125001 0.0793103453125 0.5592105265625 0.0672413796875 0.5131578953125 0.034482759375 0.5723684203125 0.034329065625 0.8205859203125 0.044051528125 0.8239617234375001 0.048470896875 0.76994811875
48 0.12271537187499999 0.6146587375 0.1017241375 0.631578946875 0.089655171875 0.70394736875 0.089655171875 0.7828947375 0.11379310312499999 0.8092105265624999 0.134482759375 0.743421053125 0.133321728125 0.64841736875 0.12271537187499999 0.6146587375
45 0.1368571234375 0.759820553125 0.133321728125 0.7969548421875 0.1448118890625 0.8104583546875 0.1589537203125 0.8104583546875 0.1686761859375 0.8442168546875 0.1969598484375 0.8340892890625 0.2034482765625 0.79605263125 0.1748632515625 0.8138341578125001 0.165517240625 0.7828947375 0.189655171875 0.6513157890625 0.189655171875 0.49342105312499995 0.1706896546875 0.43421052656250003 0.154534434375 0.52013486875 0.1448118890625 0.6619207375 0.15011506562500002 0.7564445921875 0.1368571234375 0.759820553125
34 0.2327586203125 0.6447368421874999 0.21551724062500002 0.6447368421874999 0.2034482765625 0.7171052625 0.2034482765625 0.79605263125 0.2206896546875 0.79605263125 0.2293103453125 0.75 0.24827586250000003 0.7828947375 0.2327586203125 0.6447368421874999
36 0.24822383750000002 0.7834514734375 0.25706249375 0.8037066046874999 0.2747397203125 0.8172099609375 0.313793103125 0.743421053125 0.31539743750000004 0.719310303125 0.2756236109375 0.76994811875 0.2586206890625 0.756578946875 0.2672413796875 0.6842105265625 0.286206896875 0.70394736875 0.284482759375 0.618421053125 0.2614817796875 0.64166561875 0.2464561375 0.7058067890624999 0.24822383750000002 0.7834514734375
21 0.4965517234375 0.7302631578125001 0.4806798109375 0.45599369687499997 0.4568155140625 0.5572693156249999 0.4249964515625 0.47624882968750004 0.4170416859375 0.7564445921875 0.42676415156249997 0.7496929875 0.43206732812500004 0.5538933546875 0.46034482812500005 0.618421053125 0.47413793125000003 0.539473684375 0.48275862031249994 0.70394736875 0.4965517234375 0.7302631578125001
13 0.572601596875 0.6450414203125 0.5584596828125 0.52688663125 0.5434341203125 0.47962463125 0.5292922109375 0.45261775000000004 0.515150459375 0.45599369687499997 0.5172413796875001 0.743421053125 0.5310344828125 0.756578946875 0.5568965515625 0.7236842109375 0.572601596875 0.6450414203125
28 0.6 0.49342105312499995 0.6141430375 0.7361894734375001 0.62413793125 0.7302631578125001 0.6068965515625 0.46710526249999995 0.6371235234375 0.44924194687499996 0.6556846453125 0.45261775000000004 0.6530330546875 0.408731696875 0.617678596875 0.408731696875 0.5982335062499999 0.41885925 0.5787885796875 0.43573857968749996 0.5805563593749999 0.49987975 0.589394934375 0.47287286875 0.6 0.49342105312499995
1 0.7551724140625 0.756578946875 0.7481390718750001 0.6804604078125001 0.7465517234375 0.42105263125 0.7375327203125 0.444150696875 0.7419520859375 0.7479775390625 0.7551724140625 0.756578946875
0 0.7620689656249999 0.5723684203125 0.7689655171875 0.6513157890625 0.7931034484375 0.70394736875 0.8172413796875 0.5986842109375 0.8051724140625 0.48684210468750005 0.7672413796875001 0.5131578953125 0.7620689656249999 0.5723684203125
46 0.8771830968750001 0.6196950390625 0.8718799203125001 0.575809 0.8648089625000001 0.51504361875 0.8515510203125001 0.5589296703125 0.84094466875 0.52179538125 0.8312222859375 0.5724331968749999 0.8206159312500001 0.53529875 0.8170803718749999 0.56230563125 0.8153127546875 0.585936553125 0.821499740625 0.6061916843749999 0.8223835484375 0.6703328546875 0.833873871875 0.66358125 0.833873871875 0.60281588125 0.8418286374999999 0.5690572375 0.845364034375 0.6365743687500001 0.8542026109374999 0.623071 0.8612735656250001 0.565681434375 0.8648089625000001 0.623071 0.8771830968750001 0.6196950390625
40 0.88602166875 0.7446017375 0.9010473937500001 0.7614809078125 0.910344828125 0.743421053125 0.9196085109375 0.6973397375 0.9204923203125001 0.6365743687500001 0.9051724140624999 0.48684210468750005 0.8895572312500001 0.50829186875 0.87806690625 0.56230563125 0.8771830968750001 0.6399501703125 0.8904410374999999 0.6500777234374999 0.90635056875 0.59606411875 0.8798346859375 0.6872121703125 0.88602166875 0.7446017375