28 0.1068111171875 0.3833212390625 0.052373471875 0.378098609375 0.08035953125 0.43316100625000004 0.1045077328125 0.6418606234374999 0.08562934531250001 0.4328848265625 0.1068111171875 0.3833212390625
34 0.1596049125 0.5703792578125 0.1306830875 0.40489901250000004 0.12258100624999999 0.502289075 0.13116083437499998 0.5988048781249999 0.1427415328125 0.5173934124999999 0.1596049125 0.5703792578125
35 0.1858779578125 0.6013241578125 0.18470661875 0.50844824375 0.1694963390625 0.4567345125 0.1662110125 0.53364430625 0.1489183609375 0.405341240625 0.1648061109375 0.6024284859375 0.1858779578125 0.6013241578125
12 0.2738627765625 0.36507346875 0.2709169234375 0.439325484375 0.278167365625 0.5480047578125 0.2985093796875 0.6169694421874999 0.3233074875 0.5819403125 0.2998023125 0.557644925 0.28219815625 0.503338928125 0.2867845234375 0.34284848125 0.2738627765625 0.36507346875
48 0.3499128546875 0.4594122328125 0.33141725 0.484608296875 0.34085644375 0.58909619375 0.36104030625 0.5961139875 0.3620894765625 0.5153031671875 0.3499128546875 0.4594122328125
55 0.41110352656250004 0.5934902859375 0.410515703125 0.456236171875 0.40504084687499997 0.5534300984375 0.3823246 0.49809152343749996 0.41110352656250004 0.5934902859375
38 0.464979890625 0.6351797640625 0.44410817968750005 0.5393081671875 0.44810187343749996 0.44752055625000003 0.44392535781250003 0.43833407968750004 0.42987886093750005 0.486184278125 0.4387068453125 0.6042348640624999 0.464979890625 0.6351797640625
51 0.483451140625 0.6180508203125 0.4939870671875 0.61749865625 0.4874448328125 0.5262632093749999 0.5056678328124999 0.487599228125 0.49291293593749996 0.42901120156249994 0.48108398125 0.48888761406250003 0.4659766453125 0.43580975625 0.4636911203125 0.5045947171875 0.473396909375 0.5269994296875 0.483451140625 0.6180508203125
52 0.535890778125 0.554648128125 0.5287276671875001 0.6196281984375 0.5366323859375 0.6192139296875 0.547274534375 0.5702026984375 0.5359933015625 0.5061892546875 0.538781990625 0.43336285312499995 0.51849560625 0.47480393593750003 0.535890778125 0.554648128125
58 0.5772564140625 0.5121023296875 0.5598099796875 0.45648757343749996 0.5745702484375 0.53646985625 0.5716277765625 0.681984565625 0.5795324953125001 0.681570296875 0.5868395703125 0.5749237671875 0.59828440625 0.53522705 0.5931683750000001 0.46281491875 0.5772564140625 0.5121023296875
45 0.642872771875 0.6297972734374999 0.6145039296875 0.34056301875 0.6040155640625 0.3168859390625 0.6306448890625 0.5981357765624999 0.642872771875 0.6297972734374999
49 0.740886478125 0.41330727968750003 0.71780184375 0.496661071875 0.7295539375 0.5162535109374999 0.74552064375 0.72012164375 0.751645540625 0.6887014015624999 0.742257609375 0.5599840671874999 0.76343938125 0.510420478125 0.7548443171875 0.4220395078125 0.740886478125 0.41330727968750003
45 0.8062369703125001 0.62123571875 0.780503034375 0.3318633734375 0.770858796875 0.3242932234375 0.793164959375 0.57346729375 0.8062369703125001 0.62123571875
54 0.8625166546875 0.5859838921875 0.836526415625 0.4177587296875 0.8261666 0.49502935 0.8069508640624999 0.4475536875 0.8300023875000001 0.5957634765625001 0.837268021875 0.48232453125 0.8625166546875 0.5859838921875
52 0.8907590187500001 0.5198991046875 0.8747445359375 0.6176453890625 0.88264925625 0.6172311203125 0.9054009859375001 0.52858580625 0.884529275 0.432714209375 0.897231784375 0.3661237953125 0.8649652140624999 0.41219147031250003 0.8907590187500001 0.5198991046875