18 0.10023207812499998 0.24140021875 0.078358209375 0.2636363640625 0.0858208953125 0.5909090906250001 0.070924675 0.6394006546875 0.097014925 0.6454545453125 0.08955223906250001 0.3 0.10822500312500001 0.30629158125 0.10023207812499998 0.24140021875
47 0.1322037875 0.4879874 0.1366443578125 0.539900490625 0.1322037875 0.6696832359375 0.14374915625 0.6740094546875001 0.14730159375000001 0.5096179265624999 0.1526302125 0.470683109375 0.16239932031249998 0.48366138125 0.17305655625 0.63074841875 0.1854899734375 0.6913137453125 0.20149253749999999 0.6818181812499999 0.202363959375 0.648052909375 0.189930540625 0.6350746359375 0.174832734375 0.44905258124999997 0.1641755 0.41444398125 0.149965903125 0.40146570937500003 0.1446372828125 0.42742225468750006 0.135756228125 0.42742225468750006 0.11710606406249999 0.3928134734375 0.11940298437500001 0.4454545453125 0.1322037875 0.4879874
37 0.2325594921875 0.2673567640625 0.2325594921875 0.49231363593750005 0.2174616828125 0.466357090625 0.2103568875 0.5312484546875 0.2059164 0.6567049640625 0.2201259921875 0.682661509375 0.23167136250000003 0.648052909375 0.2406716421875 0.5454545453125 0.257426325 0.6350746359375 0.276119403125 0.6272727265625 0.27696461875 0.5874875640624999 0.2636430703125 0.5874875640624999 0.24626865625 0.5 0.2406716421875 0.27272727343750003 0.2325594921875 0.2673567640625
48 0.3134328359375 0.4454545453125 0.3044958390625 0.327922109375 0.28917910468749997 0.309090909375 0.27696461875 0.38416121875 0.276119403125 0.5727272734375 0.2814051078125 0.6350746359375 0.30597015 0.609090909375 0.31248876875 0.52692221875 0.3134328359375 0.4454545453125
47 0.3577820265625 0.3928134734375 0.3462366609375 0.4620308546875 0.3311389328125 0.3755091640625 0.3169292578125 0.3798352 0.3160411265625 0.42742225468750006 0.3329151125 0.4533788 0.3391318625 0.505291909375 0.34534852968749996 0.5701832734375001 0.35245340625 0.574509290625 0.3568938953125 0.5442267265625 0.3568938953125 0.48366138125 0.3675373140625 0.43636363593749994 0.3861940296875 0.5272727265625 0.40111940312499994 0.509090909375 0.3897537390625 0.4793353640625 0.370215440625 0.38416121875 0.3577820265625 0.3928134734375
54 0.4439279703125 0.34955261875 0.435046996875 0.3711829453125 0.43771130156250004 0.44905258124999997 0.43771130156250004 0.505291909375 0.42527780625 0.51827018125 0.40840390312499997 0.4793353640625 0.40485146250000004 0.40146570937500003 0.40218715312500003 0.30196556406249997 0.3922352234375 0.3463203453125 0.395970403125 0.5225962 0.41373251875 0.5874875640624999 0.43682317499999995 0.6047918734375 0.44570423124999997 0.539900490625 0.4670187046875 0.59613981875 0.4785639921875 0.6004658359375 0.47145919375 0.5355744734375001 0.4608019546875 0.51827018125 0.4528090296875 0.4404005265625 0.4439279703125 0.34955261875
53 0.48566886875000004 0.4404005265625 0.4838926078125 0.51827018125 0.4670187046875 0.609118090625 0.47678781406250004 0.6220963640625 0.49454984687500003 0.51827018125 0.4963261078125 0.5788353093749999 0.495437978125 0.6740094546875001 0.5078713921875 0.66103118125 0.508759521875 0.5312484546875 0.49987846718749995 0.40146570937500003 0.53273830625 0.3798352 0.5282978171875 0.33657434531249997 0.5282978171875 0.327922109375 0.498134328125 0.3454545453125 0.4832089546875 0.18181818125 0.47412350312499996 0.1808350734375 0.48211643281249994 0.3106178 0.48566886875000004 0.4404005265625
1 0.6156716421875 0.6636363640625 0.5988805968750001 0.27272727343750003 0.570895521875 0.51818181875 0.595149253125 0.43636363593749994 0.6044776125 0.6636363640625 0.5597014921875 0.71818181875 0.608227096875 0.7086180546875 0.6455223875 0.6818181812499999 0.6156716421875 0.6636363640625
0 0.64019880625 0.44905258124999997 0.6419750671875 0.59181358125 0.657960921875 0.66103118125 0.6766110890625 0.6177701453125 0.6828358203125 0.4454545453125 0.6511194031249999 0.290909090625 0.64019880625 0.44905258124999997
0 0.7325615828125 0.4793353640625 0.716575728125 0.3711829453125 0.70414223125 0.362530890625 0.6934849921875 0.470683109375 0.6988136125 0.6567049640625 0.7130232046875 0.7432268359374999 0.7313432828125 0.71818181875 0.7396662984375 0.6350746359375 0.7325615828125 0.4793353640625
40 0.8134328359375 0.609090909375 0.8134328359375 0.790909090625 0.7649253734375 0.9 0.7873134328125 0.9181818187499999 0.820895521875 0.8272727265625001 0.820895521875 0.5727272734375 0.804104478125 0.43636363593749994 0.7817164171875 0.41818181875000004 0.7667910453125 0.509090909375 0.7645332953125 0.5658570359375 0.7725262203125001 0.6047918734375 0.7796309359375 0.52692221875 0.7929104484375 0.4727272734375 0.8134328359375 0.609090909375