28 0.0185955046875 0.39636097656249997 0.044750628125000004 0.38053125625 0.0406820640625 0.6116466046875 0.0546314609375 0.605314628125 0.055793923437500004 0.3741992796875 0.077880453125 0.3488715109375 0.077880453125 0.3108799296875 0.023838576562499998 0.34804618593750003 0.0185955046875 0.39636097656249997
34 0.07225378593750001 0.4674320234375 0.062372978125 0.524419371875 0.062372978125 0.6162323953125 0.07515989375 0.64472609375 0.08678442812500001 0.590904628125 0.08620318437499999 0.6478919999999999 0.097246475 0.6320622796875 0.094340315625 0.47692990625 0.09027177812500001 0.4421043953125 0.07225378593750001 0.4674320234375
35 0.10519068437500001 0.662324884375 0.1220462171875 0.68448674375 0.1336707015625 0.6686568609375 0.1389017265625 0.5768438609375 0.1359956203125 0.4850309765625 0.1203025421875 0.45970320937500003 0.1098404953125 0.5198564890624999 0.113327846875 0.355226371875 0.10494794375000001 0.3860148609375 0.10519068437500001 0.662324884375
20 0.2606837609375 0.709302325 0.275641025 0.6976744187499999 0.2820512828125 0.6627906984374999 0.275641025 0.6279069765624999 0.25 0.651162790625 0.24358974375 0.4767441859375 0.2371794875 0.4651162796875 0.23504273437499998 0.639534884375 0.23931623906250002 0.6627906984374999 0.23931623906250002 0.709302325 0.2606837609375 0.709302325
23 0.32905982968749997 0.59302325625 0.32905982968749997 0.5232558140625 0.322649571875 0.48837209374999996 0.31410256406250003 0.4651162796875 0.3012820515625 0.4651162796875 0.2948717953125 0.5 0.2948717953125 0.59302325625 0.3012820515625 0.6279069765624999 0.324786325 0.6162790703125001 0.32905982968749997 0.59302325625
27 0.34188034218749996 0.6627906984374999 0.358974359375 0.6627906984374999 0.3632478625 0.639534884375 0.3632478625 0.59302325625 0.35042735 0.546511628125 0.35042735 0.5 0.3547008546875 0.4767441859375 0.34401709375 0.4651162796875 0.3376068375 0.5 0.3376068375 0.546511628125 0.35042735 0.6162790703125001 0.34188034218749996 0.6627906984374999
10 0.4017094015625 0.639534884375 0.4081196578125 0.6744186046875 0.4102564109375 0.6627906984374999 0.4102564109375 0.5232558140625 0.40598290625000005 0.5 0.40598290625000005 0.4302325578125 0.391025640625 0.4186046515625 0.37606837656250003 0.5 0.37179487187500004 0.639534884375 0.37393162343749997 0.651162790625 0.3824786328125 0.5813953484375001 0.39957265 0.558139534375 0.4017094015625 0.639534884375
26 0.41796812031249997 0.42787760468749997 0.41543111093749996 0.64230341875 0.41331833749999997 0.6906525578125 0.42203670937500004 0.6906525578125 0.423780384375 0.6210013953125 0.44412324375 0.6589929531250001 0.4470294015625 0.6115034890625 0.4359861109375 0.5925076984375 0.4452857265625 0.5450182328125 0.4394734609375 0.4405413953125 0.41796812031249997 0.42787760468749997
28 0.46581196562500005 0.59302325625 0.4659004953125 0.674794209375 0.47222222187499996 0.6744186046875 0.474358975 0.6627906984374999 0.47810622187499996 0.6684622328125001 0.47863247812500004 0.5 0.4871794875 0.4767441859375 0.49089318750000005 0.44684476718750005 0.4502074234375 0.4373468609375 0.44904498750000005 0.48800225625 0.4700854703125 0.5 0.46581196562500005 0.5232558140625 0.4700854703125 0.5697674421875 0.46581196562500005 0.59302325625
10 0.5064102562499999 0.5813953484375001 0.5106837609375 0.651162790625 0.5170940171875 0.639534884375 0.51821074375 0.614640790625 0.51762955625 0.538657628125 0.5123985296875 0.49750013906249996 0.5021367515625 0.4651162796875 0.49358974375000003 0.48837209374999996 0.48290598281249997 0.59302325625 0.48290598281249997 0.639534884375 0.4893162390625 0.651162790625 0.49786324843749996 0.5813953484375001 0.5064102562499999 0.5813953484375001
22 0.540598290625 0.6046511625 0.5576923078125 0.651162790625 0.56837606875 0.639534884375 0.56837606875 0.5232558140625 0.5619658125 0.48837209374999996 0.5555555562500001 0.5 0.5598290593749999 0.546511628125 0.5576923078125 0.6046511625 0.5448717953125 0.5348837203125 0.5363247859375 0.5348837203125 0.5299145296875001 0.5697674421875 0.5320512828124999 0.651162790625 0.540598290625 0.6046511625
23 0.653846153125 0.546511628125 0.647435896875 0.51162790625 0.634615384375 0.51162790625 0.6239316234375 0.5697674421875 0.6239316234375 0.639534884375 0.6303418796875 0.6744186046875 0.64957265 0.6627906984374999 0.653846153125 0.639534884375 0.653846153125 0.546511628125
27 0.6837606843749999 0.639534884375 0.6837606843749999 0.59302325625 0.675213675 0.546511628125 0.6794871796875 0.5232558140625 0.6688034187499999 0.51162790625 0.6666666671875 0.546511628125 0.675213675 0.639534884375 0.6623931625 0.6627906984374999 0.6794871796875 0.6627906984374999 0.6837606843749999 0.639534884375
10 0.718733359375 0.69695590625 0.7268705421874999 0.6906239296875001 0.7222207093749999 0.624138675 0.720477034375 0.570317371875 0.715811965625 0.48837209374999996 0.7030402859375 0.4911681625 0.696581196875 0.59302325625 0.6923076921875 0.6860465109375 0.6987179484375 0.6976744187499999 0.7030402859375 0.605142884375 0.716989684375 0.595645 0.718733359375 0.69695590625
26 0.748957128125 0.469006465625 0.7379137828125 0.5069980468749999 0.7350076750000001 0.7191176046875001 0.7402387015625 0.73178158125 0.7431448078125 0.68429209375 0.754188153125 0.6874580234375001 0.76581258125 0.7381133953125001 0.77394976875 0.712785790625 0.760581559375 0.6684622328125001 0.76697506875 0.5798152796875 0.7646502046875 0.5006660703125 0.748957128125 0.469006465625
28 0.7716249015625001 0.5323258140625 0.7832493328125001 0.5323258140625 0.779180790625 0.72544958125 0.7878991671875 0.7286155109375 0.7908053296875 0.5196618375 0.80417343125 0.5196618375 0.8064984015625001 0.469006465625 0.7703936109375 0.47144439531250004 0.7716249015625001 0.5323258140625
18 0.7966175421874999 0.73178158125 0.8070795890625 0.73178158125 0.808823265625 0.5228279062500001 0.7995237015625001 0.538657628125 0.7966175421874999 0.73178158125
20 0.85042735 0.709302325 0.8482905984375 0.6976744187499999 0.82979575625 0.6969501859375 0.8311965812500001 0.5348837203125 0.82165856875 0.5418179765625 0.8210773796874999 0.598805325 0.8210773796874999 0.6969501859375 0.82456473125 0.74127374375 0.846153846875 0.7325581390625 0.85042735 0.709302325
5 0.9358974359375001 0.6860465109375 0.9358974359375001 0.709302325 0.927350428125 0.755813953125 0.9294871796875 0.7674418609375 0.940170940625 0.755813953125 0.9444444437499999 0.7325581390625 0.9444444437499999 0.6627906984374999 0.9239542015625 0.624132953125 0.9274415515625 0.5734775578125 0.9454594921874999 0.5608137671875 0.9442971109375 0.535486 0.9227917171875 0.5133242796874999 0.9134921531250001 0.5576476984375 0.9140733421875 0.67162241875 0.9358974359375001 0.6860465109375
0 0.9636752140624999 0.744186046875 0.978632478125 0.7325581390625 0.9871794875000001 0.6860465109375 0.9871794875000001 0.6162790703125001 0.9764957265625 0.558139534375 0.9679487171875 0.5348837203125 0.961733859375 0.535486 0.959401709375 0.558139534375 0.9615384609375001 0.59302325625 0.9572649578125001 0.6162790703125001 0.9572649578125001 0.709302325 0.9636752140624999 0.744186046875