11 0.07401235625 0.3310049296875 0.0609856453125 0.3480879890625 0.0705376875 0.42006242031249996 0.078426346875 0.557810175 0.0788296984375 0.6972784515625 0.099332365625 0.755271921875 0.12434305625 0.7610554546875 0.134117665625 0.6964271359375 0.138004628125 0.6163709015625 0.12567920625 0.5377328921875 0.110092509375 0.5151816609375001 0.0988671703125 0.53210694375 0.1036548453125 0.4519719078125 0.0945860578125 0.369063225 0.07401235625 0.3310049296875
51 0.13004979218749999 0.4735775390625 0.1386050796875 0.575435484375 0.14875106875 0.5317286109375 0.1601803359375 0.5586293125 0.1650161 0.7176387640625 0.1801191765625 0.7242891015625 0.176667746875 0.5811017421875 0.1777105140625 0.5411524265625001 0.18831024999999998 0.5481965796875 0.18900695625 0.5042917859375 0.17002606250000002 0.47406582343750003 0.159767815625 0.5227930734374999 0.1511116296875 0.475720621875 0.13004979218749999 0.4735775390625
38 0.21853541718749997 0.66404438125 0.23666310781250002 0.6236825968749999 0.23362419843749999 0.5163314765625 0.214643303125 0.4861055140625 0.1980803046875 0.5353843703125001 0.20444694531250002 0.6185294609375 0.2152459796875 0.721215903125 0.238313190625 0.7670275531249999 0.271083990625 0.768146234375 0.266793734375 0.7087343749999999 0.2438594484375 0.726684234375 0.226471403125 0.7042906125 0.21853541718749997 0.66404438125
59 0.3314170234375 0.7468824359374999 0.295839459375 0.699804078125 0.30720610625 0.6172492640625 0.3347133640625 0.6211165640625 0.3098291765625 0.598198153125 0.3198912875 0.4843881 0.268589290625 0.470054821875 0.2766455953125 0.594827465625 0.27862339999999997 0.5193679421875 0.3089688203125 0.5229869359375 0.294653178125 0.6225948781249999 0.287755153125 0.7381546078125 0.3314170234375 0.7468824359374999
48 0.3823612890625 0.6707228781250001 0.377514875 0.554633178125 0.3524156 0.5129119625 0.34696865625 0.54627320625 0.3517423328125 0.6196267234375 0.36053630000000003 0.680604003125 0.3823612890625 0.6707228781250001
39 0.41767931718750007 0.5887624890625001 0.4392391625 0.9005699453125 0.45168125468750003 0.9120291515625001 0.4549775953125 0.7862632796875 0.43536755312500003 0.562119471875 0.45785775624999997 0.5413302125 0.45546830624999995 0.5208375234375 0.4542925484375 0.4970254984375 0.42817160468750004 0.51255804375 0.43476428437500003 0.26102630000000004 0.422336190625 0.1680055078125 0.40944991875000003 0.2005022796875 0.4157295109375 0.5010988390625 0.39583438125 0.6659601609375 0.41767931718750007 0.5887624890625001
42 0.45872036875 0.45182713281250003 0.45734067031250003 0.5007445765625 0.4678601734375 0.6313561203125 0.479151975 0.6463115968750001 0.4660679703125 0.5278818578125 0.4698839 0.4677607984375 0.45872036875 0.45182713281250003
42 0.45908943906250005 0.3132584203125 0.45306420000000003 0.2858847390625 0.447732446875 0.29668869375 0.4545813765625 0.3654683609375 0.45908943906250005 0.3132584203125
45 0.51394771875 0.643078834375 0.496430109375 0.34586386406249997 0.4954691234375 0.1867027015625 0.483900746875 0.2233996828125 0.487800996875 0.344220425 0.5051343984375001 0.6320809781250001 0.51394771875 0.643078834375
2 0.6119928359375 0.521571265625 0.6195972984375 0.5503221125 0.63283265 0.5252492906249999 0.6652586375 0.5420066078125 0.677499640625 0.45310142343750004 0.6622053859375 0.5234521109375 0.6424651406249999 0.500491665625 0.6583406625 0.39148574687500004 0.6463078624999999 0.2927096265625 0.6251361953125001 0.2631925375 0.6183564265625 0.3327983046875 0.6369190203125 0.29980491875 0.6465089515625 0.3930740171875 0.6359563625 0.4572170953125 0.6132306562500001 0.467177021875 0.6119928359375 0.521571265625
0 0.6647904109375 0.3322213328125 0.6730930921875 0.4459963546875 0.6859731734375 0.520600096875 0.7014934078125 0.5112705546874999 0.6990755156249999 0.43176574843750004 0.6814835484375 0.36554611718749996 0.6647904109375 0.3322213328125
0 0.7341405156249999 0.344995859375 0.7080962015625001 0.27552978125 0.700352578125 0.287284225 0.7078073734375 0.40708691874999997 0.7196446859375001 0.5216399765624999 0.7348853234375 0.5402357171875 0.7447309671875 0.45567223593749995 0.7341405156249999 0.344995859375
46 0.8522679953125 0.34661848281249996 0.8305185953124999 0.284748334375 0.817154978125 0.194243715625 0.7974681796875001 0.3115547609375 0.785834890625 0.24082788281249998 0.770789065625 0.3696903484375 0.76463091875 0.27855531875 0.75444834375 0.2555312890625 0.7419353140625 0.29559644375 0.7502817828125 0.36351280468749997 0.7534720375 0.3273613640625 0.761232165625 0.3226966859375 0.7755629421875 0.4450031015625 0.78742316875 0.300476146875 0.8054276734375 0.4025321921875 0.8180511359375 0.24598101093750002 0.83550106875 0.3520713296875 0.8685468296875 0.37708084531249997 0.864394053125 0.329614396875 0.8522679953125 0.34661848281249996
40 0.9137232984375 0.33327033125 0.89376618125 0.3748744375 0.8901679781249999 0.323373715625 0.8915613609375 0.23556376874999999 0.8726515828125001 0.1854026359375 0.8584445 0.23048960937500002 0.8652283890625 0.2976548265625 0.8797768890625 0.30833943750000004 0.88053083125 0.399947271875 0.8564781046875 0.5295977265625 0.8609769406250001 0.581019665625 0.87974468125 0.6710514859375001 0.9060685062499999 0.7125922874999999 0.9099554703124999 0.632536053125 0.8919600953125 0.42684797343750003 0.9222420031249999 0.368397371875 0.9137232984375 0.33327033125