24 0.0839152265625 0.3207130421875 0.0641025640625 0.267605634375 0.03690055625 0.2650370421875 0.021978021875 0.345070421875 0.047619046875 0.61267605625 0.040293040625 0.45774647812499997 0.0622161609375 0.4633829859375 0.0769230765625 0.41549295781250006 0.0839152265625 0.3207130421875
51 0.10742252031249999 0.44946401406250003 0.0879120875 0.48591549218749996 0.10923083125 0.50861971875 0.1146556 0.5190589859375 0.124600978125 0.6304111406249999 0.12454212499999999 0.5281690140624999 0.1446886453125 0.45070422499999996 0.12188859375000001 0.4842615078125 0.10742252031249999 0.44946401406250003
38 0.1960270953125 0.480781803125 0.16849816875 0.5281690140624999 0.1725197171875 0.5921338031250001 0.18879401875 0.6095326203125 0.21245421250000002 0.59859155 0.19964355 0.5677755921875 0.191506403125 0.5468970703125 0.1960270953125 0.480781803125
45 0.2637362640625 0.654929578125 0.225274725 0.2957746484375 0.24542124531249998 0.59859155 0.2637362640625 0.654929578125
42 0.3260073265625 0.654929578125 0.31537195625000003 0.599093365625 0.309523809375 0.5211267609375 0.2981935015625 0.5642958874999999 0.3260073265625 0.654929578125
42 0.315018315625 0.42957746406249997 0.2985347984375 0.3239436625 0.29670329687499997 0.40140845 0.315018315625 0.42957746406249997
36 0.4175824171875 0.669014084375 0.3736263734375 0.5845070421874999 0.3882783875 0.542253521875 0.37912087968749997 0.4647887328125 0.3626373625 0.542253521875 0.366300365625 0.61267605625 0.4175824171875 0.669014084375
34 0.4230769234375 0.6760563375 0.4500869640625 0.6373707046875 0.46886446875 0.6830985921875 0.45970695937499995 0.549295775 0.42748374062499994 0.5190589859375 0.41753836250000004 0.5503767609375 0.41030537031250003 0.6373707046875 0.4230769234375 0.6760563375
7 0.6300366296875 0.5704225359375 0.6208791203125 0.6197183093749999 0.597069596875 0.61267605625 0.615384615625 0.654929578125 0.6120611031250001 0.790353915625 0.63737670625 0.605927084375 0.6464180109375001 0.5502509156250001 0.5984991875000001 0.494574915625 0.6300366296875 0.5704225359375
5 0.6758241765624999 0.549295775 0.6666666671875 0.6408450703125 0.6959706953125 0.6971830984375 0.6831501828125 0.7464788734375001 0.6959706953125 0.7394366203125 0.7069597062499999 0.669014084375 0.677655678125 0.6267605640625 0.7142857140625 0.5704225359375 0.6758241765624999 0.549295775
46 0.8168498171874999 0.7112676062500001 0.8369963374999999 0.605633803125 0.8644688640625 0.669014084375 0.840659340625 0.56338028125 0.8172981531250001 0.623325746875 0.8055444656249999 0.5746092953125 0.790174321875 0.623325746875 0.77661240625 0.5746092953125 0.7326007328124999 0.654929578125 0.778388278125 0.6338028171875 0.7857142859375 0.7183098593749999 0.8040293046875 0.6478873234375 0.8168498171874999 0.7112676062500001
40 0.899573721875 0.692920859375 0.8932448828125 0.6407245640625 0.8755030703125 0.6068509718749999 0.8570798281249999 0.692920859375 0.8823953515625 0.6964005640625001 0.867025125 0.790353915625 0.8751622749999999 0.8181919859375 0.899573721875 0.692920859375