22 0.0769230765625 0.4852941171875 0.0769230765625 0.367647059375 0.084615384375 0.3529411765625 0.11538461562499999 0.5294117640625 0.12564102500000002 0.5588235296875 0.13333333281249998 0.544117646875 0.13333333281249998 0.16176470625 0.12564102500000002 0.117647059375 0.12564102500000002 0.4705882359375 0.12051282031249999 0.4705882359375 0.08974358906249999 0.294117646875 0.084615384375 0.294117646875 0.07435897500000001 0.20588235312499997 0.0666666671875 0.2205882359375 0.06923076875 0.5 0.0769230765625 0.4852941171875
48 0.1897435890625 0.33823529375 0.1820512828125 0.2647058828125 0.1615384609375 0.2647058828125 0.153846153125 0.30882352968750004 0.15897435937499999 0.4852941171875 0.1666666671875 0.5588235296875 0.1794871796875 0.544117646875 0.1897435890625 0.4264705875 0.1897435890625 0.33823529375
35 0.21538461562500003 0.33823529375 0.2230769234375 0.382352940625 0.228205128125 0.3529411765625 0.24358974375 0.3529411765625 0.2487179484375 0.3235294125 0.253846153125 0.3235294125 0.2615384609375 0.367647059375 0.24358974375 0.5 0.2179487171875 0.5 0.202564103125 0.41176470624999995 0.2 0.4852941171875 0.2179487171875 0.5588235296875 0.2512820515625 0.544117646875 0.2666666671875 0.455882353125 0.2666666671875 0.2794117640625 0.24358974375 0.2647058828125 0.2384615390625 0.294117646875 0.228205128125 0.294117646875 0.22051282031250002 0.25 0.22051282031250002 0.10294117656249999 0.2128205125 0.08823529375 0.21025641093749997 0.2794117640625 0.21538461562500003 0.33823529375
38 0.2688620671875 0.437269059375 0.2820512828125 0.4852941171875 0.2868495078125 0.4630845 0.29584314375 0.47857370625 0.2948717953125 0.5 0.3102564109375 0.5 0.3128205125 0.455882353125 0.297435896875 0.4264705875 0.30256410312500004 0.367647059375 0.30256410312500004 0.2794117640625 0.2948717953125 0.23529411718749998 0.284615384375 0.23529411718749998 0.2634658515625 0.3340078234375 0.2688620671875 0.437269059375
52 0.3614971171875 0.4630845 0.35430219531249996 0.359823 0.34261036875 0.3185185875 0.3391812609375 0.2347781171875 0.32911983125 0.3030293828125 0.33451604687500003 0.359823 0.34440907656249997 0.421779853125 0.346207871875 0.488899940625 0.33271733281250004 0.45275829375 0.32642172343750003 0.40629064687499994 0.3192267953125 0.44759529374999996 0.3273211171875 0.545693559375 0.3498052921875 0.566346 0.3614971171875 0.4630845
42 0.391176303125 0.48373670625000004 0.37498765624999997 0.2927031765625 0.368692046875 0.3494970296875 0.382182584375 0.5147151171875 0.391176303125 0.48373670625000004
42 0.370490840625 0.1997678828125 0.392075696875 0.1584632640625 0.369591440625 0.1119956171875 0.370490840625 0.1997678828125
53 0.43076923125000005 0.10294117656249999 0.43076923125000005 0.3970588234375 0.4384615390625 0.44117647031249996 0.446153846875 0.4264705875 0.446153846875 0.367647059375 0.45384615312500004 0.3235294125 0.528205128125 0.2794117640625 0.4487179484375 0.2647058828125 0.44102564062500005 0.2205882359375 0.44102564062500005 0.0735294125 0.43589743593749997 0.014705882812500001 0.428205128125 0 0.425641025 0.0735294125 0.43076923125000005 0.10294117656249999
31 0.6512820515625 0.33823529375 0.6230769234375 0.4705882359375 0.6179487171875 0.4705882359375 0.6179487171875 0.5 0.6384615390625 0.4705882359375 0.653846153125 0.382352940625 0.6589743593749999 0.382352940625 0.6794871796875 0.5 0.6871794875 0.4852941171875 0.6871794875 0.455882353125 0.6666666671875 0.33823529375 0.6769230765625001 0.2794117640625 0.674358975 0.20588235312499997 0.6641025640625 0.2647058828125 0.653846153125 0.2647058828125 0.6384615390625 0.1764705875 0.6333333328124999 0.1764705875 0.625641025 0.2205882359375 0.6512820515625 0.33823529375
26 0.7230769234375 0.3970588234375 0.7230769234375 0.30882352968750004 0.728205128125 0.25 0.746153846875 0.23529411718749998 0.7487179484375 0.30882352968750004 0.7384615390625 0.367647059375 0.728205128125 0.4852941171875 0.7358974359375 0.5294117640625 0.784615384375 0.5147058828125 0.7820512828124999 0.4705882359375 0.7435897437500001 0.455882353125 0.7435897437500001 0.4264705875 0.758974359375 0.30882352968750004 0.7564102562499999 0.1764705875 0.7205128203125 0.1764705875 0.715384615625 0.1470588234375 0.7128205125 0.16176470625 0.715384615625 0.44117647031249996 0.7230769234375 0.3970588234375
0 0.9384615390625 0.455882353125 0.9564102562500001 0.44117647031249996 0.9641025640625 0.3970588234375 0.9641025640625 0.2794117640625 0.9461538468749999 0.20588235312499997 0.925641025 0.20588235312499997 0.9205128203124999 0.23529411718749998 0.9102564109375001 0.23529411718749998 0.9076923078125001 0.4264705875 0.9205128203124999 0.4705882359375 0.9384615390625 0.455882353125
0 0.8525527687500001 0.4579215 0.8641025640625 0.4705882359375 0.8820512828125 0.455882353125 0.8871794875000001 0.3970588234375 0.882231953125 0.2513985296875 0.8769230765625 0.2205882359375 0.8714395234375001 0.2513985296875 0.8651438312499999 0.25656176406250003 0.8552508765625 0.2307463234375 0.8561501890625 0.2617247359375 0.8462570765624999 0.2617247359375 0.8462570765624999 0.33917079375000003 0.8525527687500001 0.4579215
1 0.7948717953125 0.2205882359375 0.8102564109375001 0.33823529375 0.815384615625 0.4264705875 0.8230769234374999 0.4705882359375 0.825641025 0.455882353125 0.8205128203125 0.2794117640625 0.7974358968749999 0.20588235312499997 0.7948717953125 0.2205882359375