26 0.15136054375000002 0.2380952375 0.124038775 0.20611938125 0.103741496875 0.2380952375 0.087770390625 0.24423758750000002 0.0841435203125 0.33318009531250004 0.08843537343749999 0.515873015625 0.06419585 0.561889365625 0.069636115625 0.6042430796875 0.097744184375 0.6169491421875 0.1031844484375 0.739774365625 0.1122448984375 0.7380952375 0.11394557812499999 0.603174603125 0.158493846875 0.6042430796875 0.1720945109375 0.6000075875 0.169374378125 0.5661248578125 0.1088435375 0.547619046875 0.1031844484375 0.5110650953125 0.1258522515625 0.47718236562499994 0.1430797046875 0.43059336562499995 0.1639341125 0.2908265875 0.15136054375000002 0.2380952375
42 0.1887755109375 0.44444444375 0.1870748296875 0.6111111109375 0.2040816328125 0.6269841265625 0.1887755109375 0.44444444375
42 0.178571428125 0.2539682546875 0.180272109375 0.3571428578125 0.1938775515625 0.3571428578125 0.178571428125 0.2539682546875
55 0.25 0.5238095234375 0.22789115624999998 0.46825396875 0.255102040625 0.6428571421875 0.287414965625 0.3174603171875 0.25 0.5238095234375
48 0.285433353125 0.413652 0.282312925 0.5793650796875001 0.3129251703125 0.6111111109375 0.319727890625 0.46825396875 0.285433353125 0.413652
53 0.3443695375 0.4560055078125 0.34255614218749997 0.4475347296875 0.345276275 0.44329944374999997 0.3461830140625 0.5068297937499999 0.34708967031250004 0.544948015625 0.353741496875 0.6428571421875 0.361597075 0.7736572859375 0.3707483 0.7539682546875001 0.35706354687499997 0.47294687343749997 0.3779178703125 0.4475347296875 0.3543434109375 0.392475159375 0.33843537343749996 0.1428571421875 0.3316756125 0.13411844374999998 0.338929271875 0.3416508734375 0.34255614218749997 0.39671044375000003 0.3235152140625 0.4221225875 0.3280487421875 0.47718236562499994 0.3443695375 0.4560055078125
51 0.44437827187499995 0.597480778125 0.44864140781249995 0.5576540796875 0.44682793125 0.57459544375 0.44387755156250003 0.5555555562500001 0.42517006874999996 0.484126984375 0.42687074843749995 0.38095238125 0.38265306093749996 0.38095238125 0.38435374218749996 0.5952380953125 0.397959184375 0.658730159375 0.3996598640625 0.44444444375 0.44437827187499995 0.597480778125
42 0.453169884375 0.5865122859375 0.45384299375000003 0.58908479375 0.463148728125 0.5957722859375 0.46598639531249997 0.6111111109375 0.46428571406249997 0.44444444375 0.452268196875 0.44329944374999997 0.453169884375 0.5865122859375
42 0.430272109375 0.1269841265625 0.43504074531250003 0.25270838125 0.44557823125 0.2460317453125 0.430272109375 0.1269841265625
45 0.47789115625 0.1111111109375 0.48979591874999995 0.70634920625 0.5 0.70634920625 0.48979591874999995 0.1825396828125 0.47789115625 0.1111111109375
0 0.572990653125 0.3501982375 0.5561224484375 0.3015873015625 0.5448826703125 0.3713748890625 0.54397593125 0.4476113171875 0.5510204078125 0.515873015625 0.562110121875 0.5958488734375 0.5874980578125 0.553495365625 0.5850340140625 0.4365079359375 0.572990653125 0.3501982375
5 0.6700680265625001 0.674603175 0.6768707484375 0.484126984375 0.6394557828125 0.4047619046875 0.647959184375 0.3174603171875 0.68367346875 0.27777777812500004 0.6343537421875001 0.2539682546875 0.6292517 0.4365079359375 0.6666666671875 0.5 0.6615646265625 0.603174603125 0.6428571421875 0.5793650796875001 0.6700680265625001 0.674603175
46 0.7363945578125 0.3333333328125 0.7534013609375 0.5079365078125 0.76339995625 0.3417274609375 0.789115646875 0.46825396875 0.7738095234375 0.3015873015625 0.76339995625 0.252784953125 0.75161276875 0.3247860953125 0.7307583609375 0.2400788890625 0.7180644359375 0.3332566828125 0.703557034375 0.22737280937499998 0.691769846875 0.2485496671875 0.7193877546875 0.4920634921875 0.7363945578125 0.3333333328125
40 0.8520408156249999 0.5555555562500001 0.717687075 0.8015873015625001 0.8843537421875001 0.9920634921874999 0.863945578125 0.5793650796875001 0.9778911562499999 0.28571428593750003 1 0.1507936515625 0.9982993203125 0 0.9608843531250001 0.28571428593750003 0.86904761875 0.5238095234375 0.8452380953124999 0.2380952375 0.81632653125 0.5 0.8486394562499999 0.4761904765625 0.8520408156249999 0.5555555562500001