12 0.13907971875 0.6492596953125 0.1499888234375 0.5024921875 0.1714251234375 0.3855219890625 0.1724515796875 0.3561281421875 0.16429956875 0.3411286203125 0.138435171875 0.502088725 0.1264996125 0.6782500796875001 0.13734908125 0.781632875 0.163858025 0.7678437421875 0.1625092953125 0.7236521046875 0.14517881875 0.7230469109375 0.13907971875 0.6492596953125
10 0.20775707968749998 0.5045094984375 0.1958215203125 0.6806708546875 0.20737517187500001 0.6810743171875 0.2196330046875 0.5784984453125 0.2576955984375 0.565112775 0.2638543328125 0.3887496875 0.2577552328125 0.31496247187500004 0.246201584375 0.31455900937500003 0.20775707968749998 0.5045094984375
26 0.275670621875 0.7128889390625 0.2845268140625 0.6249091265625 0.2947317359375 0.5811209515625 0.29948210625 0.61071653125 0.331767875 0.597129128125 0.30968702812500004 0.56692835625 0.3300968734375 0.4793520046875 0.332149784375 0.420564309375 0.3250242296875 0.376170940625 0.2961401015625 0.375162284375 0.2791318984375 0.44814257812499997 0.2770789859375 0.5069302734375001 0.2702757046875 0.5361223890625 0.26411697031250003 0.7124854765624999 0.275670621875 0.7128889390625
28 0.379068571875 0.3191988265625 0.372265290625 0.34839094375 0.3573099984375 0.36258353906249996 0.3725875640625 0.42197642812499997 0.36578428281250003 0.45116854531249995 0.3585990921875 0.6569254812499999 0.37015274374999996 0.6573289421874999 0.385167671875 0.3929860421875 0.40012296249999996 0.378793446875 0.402175875 0.3200057515625 0.379068571875 0.3191988265625
18 0.4105905234375 0.6587410609375 0.41739380312499996 0.6295489437499999 0.42457899374999997 0.4237920078125 0.431382275 0.39459989218749997 0.42425672031249995 0.3502065234375 0.4140518 0.3939946984375 0.40481369687499996 0.6585393296875 0.4105905234375 0.6587410609375
12 0.486775346875 0.38181941406250003 0.4687406875 0.48419355468749997 0.45885803750000004 0.6015672140625 0.4636084078125 0.63116279375 0.460529040625 0.7193443375 0.46765459531250003 0.7637377062499999 0.48260988749999995 0.749545109375 0.4693852328125 0.6313645250000001 0.4724646015625 0.54318298125 0.5007041828125 0.3970206671875 0.486775346875 0.38181941406250003
10 0.5682954515625 0.531814621875 0.5641896281250001 0.6493900140625 0.5743945515625 0.6056018390625 0.5822242859375 0.5470158734375 0.588383021875 0.37065278749999997 0.58125746875 0.32625941875 0.5649534468749999 0.2962603765625 0.5421684171875001 0.3690389375 0.51084946875 0.6033827953124999 0.5077701015625 0.6915643390625 0.519323753125 0.6919678015625 0.5394113234375 0.530805965625 0.5682954515625 0.531814621875
26 0.6297876203125 0.5928213609374999 0.6345379906249999 0.622416940625 0.6668237593749999 0.6088295375 0.6471180984375 0.5934265546875 0.6342157171875 0.5488314546875 0.645124821875 0.40206394687499997 0.6379992671875 0.35767057812499997 0.626445615625 0.357267115625 0.6094374124999999 0.43024740625 0.601225765625 0.665398190625 0.6070025921875 0.665599921875 0.6182339703124999 0.5924178984374999 0.6297876203125 0.5928213609374999
14 0.7248207718749999 0.48776114687499994 0.7239474687499999 0.4636758796875 0.6840748515625 0.42242127343749997 0.73383011875 0.34630221875 0.7324813890625 0.30211058125 0.7151509125 0.3015053875 0.6833598109375 0.3402173890625 0.6797857765625 0.403274334375 0.6726005859375 0.60903126875 0.6894436296875 0.628056025 0.7149902515625 0.6152516421875001 0.6872564578125 0.5366696703125 0.7248207718749999 0.48776114687499994
28 0.8312723343749999 0.7028612859375001 0.837049159375 0.7030630171875 0.8438524421875 0.6738709015625 0.8500111765625 0.4975078125 0.8578409140625001 0.43892184843750004 0.8680458359375001 0.3951336734375 0.8853763125 0.3957388671875 0.88640276875 0.3663450203125 0.8585450953124999 0.3359425171875 0.8242064156250001 0.40831761406249995 0.8255551437499999 0.45250925156250005 0.8323584265624999 0.42331713437499996 0.8462872625 0.43851838593750003 0.8432078953125 0.52669993125 0.8364046140625 0.555892046875 0.8312723343749999 0.7028612859375001
27 0.8924422312500001 0.6902825390625 0.9131743484375001 0.676291675 0.9172801703125 0.5587162828125 0.9125298031250001 0.5291207046874999 0.9145827140625 0.470333009375 0.92921573125 0.38255492812499997 0.9278670015625 0.338363290625 0.9220901781249999 0.338161559375 0.9108588 0.41134358125 0.904700065625 0.5877066703125 0.9094504359375 0.6173022484375 0.8992455125 0.6610904234375 0.8897447734374999 0.6018992640625 0.8863431328125 0.6164953234375 0.8853166765625 0.6458891703125 0.8924422312500001 0.6902825390625