21 0.01101135625 0.545193109375 0.09355120781250001 0.3360244921875 0.0579545828125 0.49169005 0.0850315546875 0.443877421875 0.0532377875 0.6005619546875 0.1138124578125 0.3744942078125 0.092242271875 0.4017552234375 0.1062687140625 0.2733506796875 0.01101135625 0.545193109375
14 0.1094906578125 0.5275262546875 0.14332138125 0.4925368625 0.13702459843749998 0.4247681859375 0.1827208625 0.3378902765625 0.146470134375 0.3571986 0.065097403125 0.6748681578125 0.08956243124999999 0.6323222656249999 0.11368851093750001 0.5727053703125 0.09211832812500001 0.5999663859375 0.1094906578125 0.5275262546875
20 0.1572238765625 0.562343484375 0.20763693437500003 0.3665936703125 0.138604584375 0.6014087640625 0.1483092265625 0.62603626875 0.18174495156249998 0.546886734375 0.1572238765625 0.562343484375
23 0.1880417328125 0.6146554078124999 0.237997821875 0.473851034375 0.23084907812500002 0.41686765000000003 0.170731375 0.587989959375 0.1880417328125 0.6146554078124999
22 0.204105128125 0.60794600625 0.2468505 0.5092638296875001 0.24678852812500002 0.6083694125 0.287891940625 0.4321522390625 0.26206192968750003 0.5133397203125 0.2633708640625 0.44760899062500004 0.23629389218750002 0.49542162031250003 0.204105128125 0.60794600625
18 0.3186309953125 0.4033289640625 0.2629849359375 0.6214898453125001 0.27434583125 0.6245339890625 0.3186309953125 0.4033289640625
22 0.3283524671875 0.6081972515625 0.3842723140625 0.3918958265625 0.3419219390625 0.5347381453125 0.332674265625 0.4551652046875 0.2894719265625 0.60879281875 0.333921228125 0.48854005625 0.3283524671875 0.6081972515625
3 0.4119429546875 0.6563363390625 0.43959406875000007 0.5776103234375001 0.461520665625 0.49228371875 0.44461189375 0.502953328125 0.4885139234375 0.3880477390625 0.4772160140625 0.328185021875 0.4638282703125 0.40676715 0.462738325 0.43180879218749996 0.436088734375 0.4753358828125 0.421762371875 0.53229834375 0.4354405359375 0.5511636953125 0.4256998484375 0.5840209921875 0.408398265625 0.5996520328125 0.407170946875 0.55878918125 0.390134425 0.6048918640625 0.382013821875 0.6736507656249999 0.4119429546875 0.6563363390625
15 0.5646485796875 0.5173225343750001 0.5828109015625 0.533202690625 0.5993312656249999 0.47154785 0.5625496531249999 0.4947329765625 0.493949521875 0.749226440625 0.5371146390625 0.6200806 0.565438571875 0.6056428234375 0.5472762484375 0.5897626671875 0.5646485796875 0.5173225343750001
18 0.5662285640625 0.6939631125 0.601825190625 0.5382975546875 0.55293385 0.7143634171875 0.5662285640625 0.6939631125
20 0.618339934375 0.66602101875 0.596256428125 0.65795475 0.6301491234375 0.523859775 0.6295538281249999 0.5018224578125 0.5716787625 0.7143193921875 0.6086875890625 0.7090355796875001 0.618339934375 0.66602101875
15 0.6484851468749999 0.623430821875 0.665621803125 0.56640538125 0.69099484375 0.5401633375 0.6597200187500001 0.54279685 0.5967668234375 0.7919765515625 0.6101799171875 0.78037028125 0.6401877875 0.6718751328125 0.666532846875 0.6434669859375 0.6484851468749999 0.623430821875
26 0.6284504921875 0.8126889890625 0.6403475890625 0.8009341359375 0.6583599046875 0.7285566515624999 0.675310171875 0.7804169937500001 0.6851657703125 0.7556628640625 0.6727474828125 0.7075073859375001 0.6915367781249999 0.6751852765625 0.7125558890625 0.603613590625 0.719380575 0.550652384375 0.708492178125 0.5552061921875 0.678238359375 0.6212448859374999 0.6284504921875 0.8126889890625
14 0.75615291875 0.5903908421875 0.7253555671874999 0.5970813875000001 0.6737222453125 0.7949341796875 0.70464988125 0.803221215625 0.7168656328125 0.754195059375 0.6941429125 0.7530873484375 0.709322040625 0.6998744265625 0.730886421875 0.715614321875 0.7347283265625 0.6892488296875 0.7141726546875 0.666307871875 0.7262387453125 0.6247129625000001 0.742904346875 0.6192167609375 0.7477597140625 0.635460421875 0.75615291875 0.5903908421875
27 0.769483946875 0.726398075 0.77629966875 0.64011573125 0.791116103125 0.6000314765625 0.7843623531249999 0.5872082390625 0.763187165625 0.6586293999999999 0.7580753734375001 0.7233411578125 0.7525685859375 0.7438927703125 0.7301464375 0.7819390796875 0.7453578671875001 0.7860149703125 0.7639771578125 0.7469496890625 0.769483946875 0.726398075
17 0.7838434125 0.741259259375 0.795251984375 0.7443161765624999 0.7723728671875 0.8373079234375 0.7799785828125 0.8393458671875 0.8062073953125 0.7283251921875 0.8257368187499999 0.6533623765625001 0.8367503953125001 0.6122591484375 0.8329475375 0.6112401765625 0.810920384375 0.6934466296874999 0.7922012171875 0.6946869078125 0.8012157406249999 0.668819125 0.8185880718749999 0.5963789937499999 0.8139685 0.585959009375 0.75404820625 0.81645745625 0.7681750125 0.79212880625 0.7838434125 0.741259259375
3 0.8467880609374999 0.7801523796875001 0.8484919921875 0.75858179375 0.834527521875 0.7878807531249999 0.8319716265625001 0.8202366328125 0.8518378796875 0.814546203125 0.8704571703124999 0.7754809218750001 0.8869775359375 0.71382608125 0.890385396875 0.6706849109374999 0.91241255 0.5884784578125 0.8885993765625001 0.5685996078125 0.875374884375 0.6248267937499999 0.89524041875 0.617697490625 0.8663831562500001 0.699621228125 0.87386503125 0.73233975 0.86835824375 0.7528913640625 0.8543937765624999 0.782190325 0.8467880609374999 0.7801523796875001