20 0.1489361703125 0.63095238125 0.15232974999999999 0.7193297859375 0.15321590937500001 0.846390571875 0.18955071875 0.7788895 0.2101063828125 0.7857142859375 0.22074468125000002 0.7619047625 0.2234042546875 0.7261904765625 0.1648936171875 0.7261904765625 0.15957446875 0.4166666671875 0.15425531875 0.36904761875 0.14627659531249998 0.3571428578125 0.143617021875 0.48809523749999995 0.1489361703125 0.5119047625 0.1489361703125 0.63095238125
23 0.28723404218750004 0.5119047625 0.2739361703125 0.428571428125 0.25265957499999997 0.428571428125 0.23404255312500002 0.559523809375 0.23404255312500002 0.75 0.24734042500000003 0.809523809375 0.2765957453125 0.797619046875 0.29255319218750003 0.702380953125 0.28723404218750004 0.5119047625
24 0.3191489359375 0.559523809375 0.3191489359375 0.797619046875 0.327127659375 0.8333333328125001 0.329787234375 0.8214285718750001 0.3351063828125 0.797619046875 0.3351063828125 0.6547619046875 0.3643617015625 0.61904761875 0.37234042500000003 0.559523809375 0.3670212765625 0.5357142859375 0.3670212765625 0.48809523749999995 0.3484042546875 0.4047619046875 0.3138297875 0.4166666671875 0.3138297875 0.5357142859375 0.3191489359375 0.559523809375
18 0.38031914843750003 0.4047619046875 0.37234042500000003 0.440476190625 0.37234042500000003 0.5833333328125 0.37765957499999997 0.6071428578125 0.37765957499999997 0.7261904765625 0.3856382984375 0.7619047625 0.388297871875 0.75 0.388297871875 0.440476190625 0.38031914843750003 0.4047619046875
26 0.47074468124999996 0.690476190625 0.46542553125 0.6666666671875 0.4441489359375 0.6666666671875 0.4361702125 0.63095238125 0.4441489359375 0.61904761875 0.46276595781249996 0.5119047625 0.46276595781249996 0.4166666671875 0.4441489359375 0.3571428578125 0.422872340625 0.38095238125 0.41489361718750006 0.4166666671875 0.41489361718750006 0.46428571406249997 0.40425531875000004 0.5119047625 0.40957446875 0.75 0.4175531921875 0.7857142859375 0.425531915625 0.7738095234375 0.425531915625 0.75 0.4335106390625 0.7142857140625 0.449468084375 0.7142857140625 0.454787234375 0.7380952375 0.47074468124999996 0.7380952375 0.47606382968750005 0.7619047625 0.4946808515625 0.75 0.4946808515625 0.7261904765625 0.48138297812499997 0.690476190625 0.47074468124999996 0.690476190625
14 0.5718085109375 0.5952380953125 0.5664893609375 0.5714285718750001 0.5505319156249999 0.5714285718750001 0.545212765625 0.5952380953125 0.518617021875 0.5952380953125 0.515957446875 0.46428571406249997 0.5505319156249999 0.45238095312500004 0.5558510640625001 0.4761904765625 0.5664893609375 0.4761904765625 0.5691489359374999 0.4166666671875 0.518617021875 0.4047619046875 0.5079787234375 0.38095238125 0.5 0.4166666671875 0.5053191484374999 0.7738095234375 0.513297871875 0.809523809375 0.5531914890625 0.797619046875 0.5691489359374999 0.75 0.5505319156249999 0.7380952375 0.545212765625 0.7619047625 0.52925531875 0.7619047625 0.515957446875 0.7261904765625 0.515957446875 0.6785714281249999 0.5239361703125 0.6428571421875 0.577127659375 0.6428571421875 0.5851063828124999 0.6071428578125 0.5718085109375 0.5952380953125
20 0.6356382984375 0.7142857140625 0.643617021875 0.6785714281249999 0.643617021875 0.6547619046875 0.611702128125 0.6547619046875 0.611702128125 0.4166666671875 0.597208878125 0.389766 0.599867515625 0.5724159046875 0.59574468125 0.7261904765625 0.6170212765625 0.7261904765625 0.6356382984375 0.7142857140625
24 0.69823721875 0.4731495953125 0.700009696875 0.6002103812499999 0.702127659375 0.7738095234375 0.7101063828124999 0.809523809375 0.7127659578125 0.797619046875 0.71808510625 0.7738095234375 0.71808510625 0.6071428578125 0.7260638296875 0.5714285718750001 0.736702128125 0.5714285718750001 0.75 0.5119047625 0.75 0.3928571421875 0.731382978125 0.3333333328125 0.7101063828124999 0.3333333328125 0.6968085109375 0.36904761875 0.69823721875 0.4731495953125
20 0.8164893609374999 0.6428571421875 0.8191489359374999 0.6071428578125 0.78191489375 0.6071428578125 0.78191489375 0.36904761875 0.7739361703125 0.3571428578125 0.7712765953125 0.5833333328125 0.765957446875 0.6071428578125 0.7739361703125 0.6666666671875 0.8031914890625 0.6547619046875 0.8164893609374999 0.6428571421875
29 0.8297872343750001 0.36904761875 0.8297872343750001 0.5357142859375 0.8351063828124999 0.559523809375 0.8351063828124999 0.6071428578125 0.8484042546874999 0.6666666671875 0.8670212765624999 0.6547619046875 0.877659575 0.6071428578125 0.877659575 0.36904761875 0.8670212765624999 0.36904761875 0.8670212765624999 0.5833333328125 0.859042553125 0.61904761875 0.8537234046875 0.61904761875 0.84574468125 0.5833333328125 0.84574468125 0.36904761875 0.8377659578125 0.3333333328125 0.8297872343750001 0.36904761875
27 0.9202127656249999 0.32142857187499996 0.9148936171875001 0.36904761875 0.9148936171875001 0.46428571406249997 0.9281914890625 0.5 0.9388297874999999 0.5 0.9521276593750001 0.559523809375 0.9335106390625001 0.6428571421875 0.9228723406249999 0.6428571421875 0.9148936171875001 0.6785714281249999 0.9175531921875001 0.7142857140625 0.9255319156249999 0.702380953125 0.9494680843750001 0.6666666671875 0.9627659578125 0.6071428578125 0.9627659578125 0.5119047625 0.9494680843750001 0.45238095312500004 0.9335106390625001 0.45238095312500004 0.9255319156249999 0.4166666671875 0.9414893609374999 0.3452380953125 0.9388297874999999 0.28571428593750003 0.9281914890625 0.28571428593750003 0.9202127656249999 0.32142857187499996