15 0.0428571421875 0.40789473750000005 0.0428571421875 0.6447368421874999 0.053571428125 0.6842105265625 0.0571428578125 0.67105263125 0.0571428578125 0.5657894734375 0.0678571421875 0.5263157890625 0.09285714218749999 0.5131578953125 0.0607142859375 0.5 0.0571428578125 0.381578946875 0.0892857140625 0.368421053125 0.1047657578125 0.3369598421875 0.0392857140625 0.3421052625 0.028571428125 0.381578946875 0.0428571421875 0.40789473750000005
20 0.12768545 0.5417616578125 0.12768545 0.3824712625 0.11785714218750001 0.368421053125 0.11428571406250002 0.618421053125 0.125 0.6578947375 0.1603018078125 0.6587912375 0.16559095 0.6262829203125 0.12768545 0.6165304734375 0.12768545 0.5417616578125
10 0.225 0.5526315796875 0.22857142812500003 0.618421053125 0.2392857140625 0.6578947375 0.2428571421875 0.6447368421874999 0.23571428593750002 0.48684210468750005 0.22142857187499998 0.381578946875 0.203571428125 0.3421052625 0.1928571421875 0.381578946875 0.18762909218749999 0.44748776250000005 0.178571428125 0.539473684375 0.17528777812500002 0.6490387890625 0.18762909218749999 0.6587912375 0.1893921140625 0.548263184375 0.225 0.5526315796875
21 0.2678571421875 0.6842105265625 0.278571428125 0.6447368421874999 0.27142857187499997 0.5921052625 0.27142857187499997 0.5131578953125 0.2821428578125 0.5 0.28571428593750003 0.5657894734375 0.296428571875 0.6052631578125001 0.325 0.4736842109375 0.328571428125 0.6447368421874999 0.33928571406249997 0.6842105265625 0.3428571421875 0.67105263125 0.3428571421875 0.5131578953125 0.325 0.368421053125 0.32142857187499996 0.40789473750000005 0.296428571875 0.5 0.2678571421875 0.3947368421875 0.25 0.40789473750000005 0.2571428578125 0.460526315625 0.2571428578125 0.5657894734375 0.2642857140625 0.5921052625 0.2678571421875 0.6842105265625
32 0.40714285781250004 0.5131578953125 0.428571428125 0.40789473750000005 0.425 0.3421052625 0.39642857187499997 0.5 0.3678571421875 0.3947368421875 0.3642857140625 0.40789473750000005 0.3928571421875 0.5921052625 0.4 0.7236842109375 0.40714285781250004 0.7236842109375 0.40714285781250004 0.5131578953125
13 0.5 0.618421053125 0.5 0.48684210468750005 0.46785714218749996 0.3947368421875 0.446428571875 0.3947368421875 0.44285714218749994 0.48684210468750005 0.45 0.5131578953125 0.45 0.67105263125 0.4607142859375 0.710526315625 0.47142857187500004 0.6973684203125 0.5 0.618421053125
5 0.5928571421875 0.43421052656250003 0.6 0.48684210468750005 0.6 0.618421053125 0.6107142859375 0.631578946875 0.625 0.57894736875 0.628571428125 0.5921052625 0.628571428125 0.67105263125 0.6142857140625 0.6973684203125 0.6142857140625 0.7236842109375 0.621428571875 0.7236842109375 0.6428571421875 0.67105263125 0.6428571421875 0.5657894734375 0.6321428578125 0.5263157890625 0.6178571421875 0.5263157890625 0.6142857140625 0.48684210468750005 0.625 0.4473684203125 0.646428571875 0.4473684203125 0.653571428125 0.4736842109375 0.653571428125 0.42105263125 0.5928571421875 0.43421052656250003
0 0.6642857140625 0.6973684203125 0.6826863859375 0.7384216046875001 0.6928571421874999 0.7236842109375 0.7071428578125001 0.6973684203125 0.7135398000000001 0.653900315625 0.7142857140625 0.539473684375 0.7071428578125001 0.48684210468750005 0.6888570859375001 0.43284436875 0.66858205 0.45885097343750003 0.6615298000000001 0.5173657890625 0.6571222 0.5921346046875 0.65800375 0.64739863125 0.6642857140625 0.6973684203125
0 0.7642857140625 0.7236842109375 0.778571428125 0.6447368421874999 0.778571428125 0.5921052625 0.7770095640625 0.5628772109375 0.771428571875 0.5131578953125 0.753571428125 0.4473684203125 0.7392857140625 0.4473684203125 0.728571428125 0.48684210468750005 0.720591971875 0.5433722624999999 0.7188289421875 0.6051379734375 0.7269681859375 0.6821907890625 0.7392857140625 0.7368421046875 0.7642857140625 0.7236842109375
46 0.8142857140625 0.6447368421874999 0.8178571421875 0.710526315625 0.828571428125 0.6973684203125 0.8321428578125 0.57894736875 0.85 0.5921052625 0.853571428125 0.710526315625 0.8642857140625001 0.6973684203125 0.8642857140625001 0.5921052625 0.875 0.57894736875 0.878571428125 0.7236842109375 0.8857142859374999 0.7236842109375 0.8928571421875 0.5921052625 0.8821428578124999 0.5263157890625 0.846428571875 0.5263157890625 0.8392857140625001 0.5 0.825 0.5526315796875 0.8107142859375 0.5526315796875 0.8035714281249999 0.5263157890625 0.8 0.539473684375 0.8 0.5921052625 0.8142857140625 0.6447368421874999
40 0.8854370859375 0.9074644468749999 0.894252278125 0.9627283421874999 0.921428571875 0.9868421046875 0.921428571875 0.5657894734375 0.9107142859374999 0.5526315796875 0.896015378125 0.5661281312499999 0.890726228125 0.6148904468749999 0.8863185578125 0.6734052625 0.8916077 0.7156658953124999 0.9127642921874999 0.7189166578124999 0.894252278125 0.774180684375 0.8857142859374999 0.82894736875 0.8854370859375 0.9074644468749999