28 0.11801242187500001 0.3857142859375 0.139751553125 0.3428571421875 0.139751553125 0.3142857140625 0.1149068328125 0.3142857140625 0.0807453421875 0.3857142859375 0.08385093125000001 0.428571428125 0.0962732921875 0.4 0.1055900625 0.4142857140625 0.1055900625 0.5571428578125001 0.11180124218750001 0.6142857140625 0.11801242187500001 0.6142857140625 0.11801242187500001 0.3857142859375
34 0.1428571421875 0.5857142859375 0.1521739125 0.628571428125 0.1746986703125 0.5521465421875 0.17701863281250002 0.6571428578125 0.18633540312500002 0.6428571421875 0.18633540312500002 0.44285714218749994 0.15838509375 0.428571428125 0.1428571421875 0.528571428125 0.1428571421875 0.5857142859375
35 0.23913043437499998 0.4857142859375 0.2142857140625 0.5142857140625 0.20807453437499998 0.3428571421875 0.1987577640625 0.4142857140625 0.1987577640625 0.6428571421875 0.20807453437499998 0.6857142859375001 0.2298136640625 0.671428571875 0.24223602500000002 0.6428571421875 0.2484472046875 0.528571428125 0.23913043437499998 0.4857142859375
12 0.3226577953125 0.6129734859375 0.357005446875 0.7062415140625 0.3649318328125 0.6454145718750001 0.34203342187499997 0.6008080859375 0.3349877765625 0.503485 0.3455562859375 0.389941428125 0.357005446875 0.3777760578125 0.35084054062500003 0.3169491140625 0.3305841796875 0.4345477421875 0.3226577953125 0.6129734859375
23 0.42236024843750003 0.4142857140625 0.4068322984375 0.371428571875 0.3881987578125 0.371428571875 0.36645962656250003 0.47142857187500004 0.36645962656250003 0.5857142859375 0.375776396875 0.628571428125 0.397515528125 0.6142857140625 0.413043478125 0.6 0.42236024843750003 0.5571428578125001 0.42236024843750003 0.4142857140625
26 0.465838509375 0.6428571421875 0.46894410000000003 0.5428571421874999 0.49378882031250004 0.628571428125 0.5031055906249999 0.6142857140625 0.5031055906249999 0.5857142859375 0.48447205000000004 0.528571428125 0.4906832296875 0.44285714218749994 0.48136645937500006 0.371428571875 0.46273291875 0.371428571875 0.44720496875000004 0.47142857187500004 0.4534161484375 0.528571428125 0.4534161484375 0.6428571421875 0.465838509375 0.6428571421875
14 0.549107490625 0.361874228125 0.5077141796875 0.361874228125 0.507105440625 0.6729861140625 0.5472813171875 0.6729861140625 0.5418027828125 0.5973102578125 0.5211061609375001 0.6029158 0.520497415625 0.5468596859375 0.5509336640625 0.5356483421875 0.5430202734375 0.479592228125 0.51927998125 0.490803428125 0.5186712421874999 0.4291416578125 0.550324975 0.415127571875 0.549107490625 0.361874228125
27 0.565217390625 0.671428571875 0.5765001296875 0.6673804578125 0.57893505 0.6870000859375 0.5783263109375001 0.6729861140625 0.5776397515625 0.671428571875 0.5941532046875 0.653366371875 0.5990229874999999 0.5973102578125 0.58385093125 0.528571428125 0.58385093125 0.47142857187500004 0.6008491671875 0.41232480000000005 0.5929357203125 0.3786910859375 0.5850223234375 0.3786910859375 0.5710216031249999 0.3899022859375 0.565217390625 0.47142857187500004 0.5776397515625 0.5857142859375 0.5776397515625 0.6142857140625 0.565217390625 0.671428571875
28 0.6294592421874999 0.6729861140625 0.6404162984374999 0.6757888859375 0.6416337890625 0.44595851406250003 0.6684176828124999 0.3899022859375 0.6659827640625 0.33664894218749997 0.6148498328125 0.3983107140625 0.6081538703125 0.4571697140625 0.6325029062499999 0.4291416578125 0.6294592421874999 0.6729861140625
18 0.684244528125 0.3870995140625 0.670852603125 0.3927050578125 0.66963511875 0.6785916578125 0.6832298140625 0.671428571875 0.68302709375 0.6561692578125 0.684244528125 0.3870995140625
22 0.7360248453125 0.4571428578125 0.7158982671875 0.44595851406250003 0.7142857140625 0.528571428125 0.7142857140625 0.6428571421875 0.72049689375 0.6428571421875 0.726708075 0.6142857140625 0.7298136640624999 0.5142857140625 0.7484472046875 0.6 0.763987590625 0.6281410859375 0.7737271609375 0.5917046 0.776397515625 0.44285714218749994 0.7670807453124999 0.371428571875 0.757763975 0.4142857140625 0.7639751546875 0.44285714218749994 0.760869565625 0.5428571421874999 0.754658384375 0.5428571421874999 0.7360248453125 0.4571428578125
5 0.8788819875 0.428571428125 0.8695652171875 0.47142857187500004 0.8695652171875 0.5571428578125001 0.8881987578125001 0.5857142859375 0.8885254781249999 0.6337416578124999 0.8666113671875 0.647755771875 0.8720898937499999 0.6982063421875 0.8903516578125 0.6841922578124999 0.8940040625 0.6982063421875 0.8952214406250001 0.6926006859375 0.90062111875 0.671428571875 0.9068322984374999 0.6428571421875 0.9068322984374999 0.5857142859375 0.8913043484375001 0.5142857140625 0.881987578125 0.5 0.9099378874999999 0.4857142859375 0.91614906875 0.4571428578125 0.9409937890625001 0.4571428578125 0.950310559375 0.4142857140625 0.94720496875 0.4 0.9285714281249999 0.4 0.9223602484375 0.428571428125 0.8788819875 0.428571428125