26 0.071147759375 0.2957926015625 0.0561869328125 0.3040979234375 0.0649737640625 0.39267961093750003 0.0946497890625 0.572997265625 0.07705040156250001 0.6219392781249999 0.0883322203125 0.6631236703125001 0.117935084375 0.671794190625 0.140416371875 0.7926669484375 0.14915495625 0.789743190625 0.13206176249999999 0.65589890625 0.17632519375 0.6507570640625 0.18920403125000002 0.6446699437500001 0.1817948046875 0.6114955281250001 0.11927753593749998 0.6015940796875 0.10858619375 0.5661834609375 0.12631783125 0.529475728125 0.1368936921875 0.48094253125 0.1380933703125 0.33963357968749996 0.11830338124999999 0.2891653109375 0.0867973265625 0.261303096875 0.071147759375 0.2957926015625
42 0.2246342640625 0.666932203125 0.1840724875 0.48829918437500003 0.2055838734375 0.6535805515625001 0.2246342640625 0.666932203125
42 0.17697484218749998 0.40113714375000004 0.1474585484375 0.30109682968749996 0.1635018078125 0.40303065625 0.17697484218749998 0.40113714375000004
55 0.27736724218750003 0.6755500750000001 0.264079215625 0.3488229 0.255746628125 0.5583710859375 0.2261211078125 0.50643315 0.27736724218750003 0.6755500750000001
48 0.330209446875 0.6360655687500001 0.3170640921875 0.493651946875 0.2755041828125 0.4443542390625 0.295476925 0.6088888890625 0.330209446875 0.6360655687500001
53 0.33889084375 0.4653846296875 0.3486304734375 0.5281705140625 0.3548333375 0.5657915890625 0.37504674531250004 0.6618221156249999 0.4010297359375 0.7902560359375 0.40735171875000004 0.7694850125 0.35468952656249997 0.4931030625 0.3718042109375 0.4650358671875 0.34079636562500004 0.41379306250000003 0.2903030296875 0.16881828125 0.2823928625 0.1611054046875 0.3184588625 0.36560862968749996 0.32971324687500003 0.4196276 0.3143943109375 0.44744242031250003 0.326546559375 0.5013354156250001 0.339761271875 0.4780932328125 0.3367866203125 0.46995726875 0.33889084375 0.4653846296875
51 0.457727078125 0.5812696078124999 0.45215557031250003 0.5628256281249999 0.4236892109375 0.49469577343750004 0.4110142109375 0.39228856875 0.367226846875 0.39844248125 0.398733784375 0.61040609375 0.4210432078125 0.6713867453125 0.392904528125 0.4589497546875 0.45848628125 0.60427315 0.45716512343750004 0.5642407281249999 0.457727078125 0.5812696078124999
42 0.4768362875 0.5999689421875 0.481781090625 0.6147635640625 0.45690144374999997 0.449955575 0.4448415265625 0.4504942328125 0.465665815625 0.592187846875 0.46669039687499997 0.594641640625 0.4768362875 0.5999689421875
42 0.4107623109375 0.25607739375 0.3790369203125 0.1403185375 0.4012565828125 0.2641555875 0.4107623109375 0.25607739375
45 0.5287182593749999 0.7043410296875 0.4457132875 0.18704931875 0.4239834453125 0.1179727078125 0.5186134828125 0.7057611640625 0.5287182593749999 0.7043410296875
0 0.5265447203125 0.3663802 0.536256865625 0.44200089374999996 0.552732978125 0.5086178718750001 0.5748452546875 0.5862720203125 0.5940916484375001 0.5407973765625 0.57537008125 0.42529138906249997 0.5514319375000001 0.3414977625 0.5279625578125 0.2957075046875 0.5265447203125 0.3663802
5 0.624844028125 0.3862802609375 0.6211146421875 0.2986448421875 0.650958615625 0.2543780234375 0.5988052203125 0.2376641921875 0.61915744375 0.41913747656250006 0.665044678125 0.47680448281250004 0.6743514203125 0.579685065625 0.6525123500000001 0.5587108328125 0.6927130015625 0.6492350546875 0.6729403578125 0.459665809375 0.624844028125 0.3862802609375
46 0.7388092859375 0.30660957031249997 0.7818838 0.4283257984375 0.7435311171875 0.26541132031250003 0.72643088125 0.21853264375 0.7247790281250001 0.2914735359375 0.6923386093749999 0.2104930671875 0.6927360640625 0.3045307140625 0.6636336593750001 0.201696334375 0.6549084328125 0.22430756093749998 0.7161481390625 0.46160785625 0.7108984656249999 0.30205555781250004 0.752039825 0.4725926171875 0.7388092859375 0.30660957031249997
40 0.92447048125 0 0.9265762515624999 0.2236569953125 0.8687697171875 0.472216309375 0.8054281640625 0.1925962203125 0.8132480624999999 0.45597585625 0.8419328765625 0.4279009546875 0.8563466171874999 0.50602028125 0.7575414 0.7683560890625001 0.9490952406250001 0.9337830625000001 0.8714491687500001 0.52794126875 0.9434175453125 0.22129010624999998 0.9465339046875 0.084605553125 0.9336687796875 0 0.92447048125 0