28 0.0233516484375 0.259259259375 0.054945054687499995 0.26851851875 0.057692307812499996 0.546296296875 0.0645604390625 0.240740740625 0.10989010937499999 0.21296296250000002 0.020604395312500003 0.20370370312500002 0.0233516484375 0.259259259375
34 0.08095408750000001 0.5863558328125 0.09839081093749999 0.48047190781250004 0.11538461562499999 0.527777778125 0.0947802203125 0.3518518515625 0.07485119999999999 0.4098826296875 0.0704920390625 0.5216491671875 0.08095408750000001 0.5863558328125
35 0.132392471875 0.2451743890625 0.121058640625 0.2745866671875 0.1263736265625 0.490740740625 0.139367225 0.5451788328125 0.16377862031249998 0.48635451874999996 0.1576758125 0.32164601875 0.1332417578125 0.46296296249999996 0.132392471875 0.2451743890625
24 0.277472528125 0.5833333328125 0.2829670328125 0.4166666671875 0.3049450546875 0.26851851875 0.2980769234375 0.1851851859375 0.274725275 0.3425925921875 0.277472528125 0.5833333328125
51 0.32829670312500003 0.3888888890625 0.30065712968749997 0.38635294375 0.29891348125 0.609885778125 0.305888153125 0.4628245921875 0.316350203125 0.43341255624999997 0.3180938515625 0.5628261671875 0.3296703296875 0.5648148140625 0.3241967421875 0.5040018515625 0.32829670312500003 0.3888888890625
48 0.3420329671875 0.3888888890625 0.3379120875 0.490740740625 0.3516483515625 0.527777778125 0.3543956046875 0.43518518593750005 0.3420329671875 0.3888888890625
40 0.36866045000000003 0.404000278125 0.38348166250000004 0.5216491671875 0.3721478265625 0.609885778125 0.374763340625 0.7098870734375 0.3878409015625 0.692239759375 0.3930719265625 0.38635294375 0.3773788515625 0.3510583140625 0.36866045000000003 0.404000278125
54 0.42620172500000003 0.53929648125 0.4453821765625 0.5510611859375001 0.45604395625 0.509259259375 0.4375356375 0.4628245921875 0.4299450546875 0.3703703703125 0.416208790625 0.51851851875 0.4052197796875 0.3888888890625 0.40659340625 0.509259259375 0.41312416250000006 0.58047348125 0.42620172500000003 0.53929648125
53 0.46428571406249997 0.5833333328125 0.472527471875 0.5833333328125 0.472527471875 0.3981481484375 0.49450549375 0.3425925921875 0.47390109843749995 0.3333333328125 0.4793838359375 0.1922324265625 0.465659340625 0.1851851859375 0.460203384375 0.18046744374999998 0.46428571406249997 0.3425925921875 0.441022934375 0.3804705921875 0.46428571406249997 0.4166666671875 0.46428571406249997 0.5833333328125
46 0.5892857140625 0.3888888890625 0.5989010984375 0.5648148140625 0.5989010984375 0.3796296296875 0.5728021984375 0.259259259375 0.5549450546875 0.3425925921875 0.5521978015625 0.527777778125 0.5604395609374999 0.527777778125 0.5728021984375 0.3148148140625 0.5796703296875 0.5833333328125 0.5892857140625 0.3888888890625
54 0.6332417578125 0.3888888890625 0.63021176875 0.3569406671875 0.617134209375 0.5334138703125 0.6145186953125 0.404000278125 0.59969740625 0.42164759218750003 0.606672159375 0.6040031484374999 0.6267243125 0.5863558328125 0.63544279375 0.5451788328125 0.640109890625 0.6203703703125 0.6332417578125 0.3888888890625
49 0.65341050625 0.7656161109374999 0.655154153125 0.63620251875 0.6821811421875 0.62443755625 0.6978742171875 0.512671278125 0.6908994640625 0.4067873515625 0.6691035796875 0.3891400375 0.65454384375 0.42621985156250003 0.641204728125 0.7538511484375 0.65341050625 0.7656161109374999
2 0.7637362640625 0.47222222187499996 0.774725275 0.527777778125 0.76923076875 0.6574074078125001 0.8021978015625001 0.546296296875 0.7829670328125 0.546296296875 0.784340659375 0.4074074078125 0.7637362640625 0.47222222187499996
0 0.8118131875 0.42592592656250006 0.8049450546875001 0.6018518515625 0.8269230765625 0.6018518515625 0.8241758234375001 0.47222222187499996 0.8118131875 0.42592592656250006
46 0.8827038109374999 0.542083296875 0.8853193234375001 0.43031701875 0.8670107359375001 0.4597293140625 0.8617797109374999 0.40090472187500004 0.849573934375 0.4538466859375 0.8363858109375 0.41740151875000003 0.8417273984375001 0.553848259375 0.8417273984375001 0.6303199078125 0.8469584234375 0.5832605562500001 0.8504457203125 0.4656116671875 0.8548049593749999 0.4597293140625 0.8565486874999999 0.5714955921875 0.862651496875 0.5891429078125 0.8739853296875 0.512671278125 0.8800883 0.4950239625 0.8827038109374999 0.542083296875
40 0.883575596875 0.412669703125 0.8774727859375 0.4891413328125 0.8800883 0.52443598125 0.8888066203125 0.4950239625 0.8774727859375 0.6126725734375 0.8844473796875001 0.67737951875 0.9001404531249999 0.5891429078125 0.90188418125 0.44796433281250003 0.8952555109375 0.41740151875000003 0.883575596875 0.412669703125