12 0.09307359375 0.4 0.0800865796875 0.425 0.05627705625 0.5625 0.05627705625 0.6125 0.0519480515625 0.6375 0.0519480515625 0.7125 0.0584415578125 0.75 0.0670995671875 0.775 0.0865800859375 0.7625 0.090909090625 0.7375 0.0887445890625 0.725 0.071428571875 0.725 0.0606060609375 0.6625 0.064935065625 0.6375 0.064935065625 0.5875 0.0800865796875 0.5 0.0887445890625 0.475 0.10822510781250001 0.4625 0.09307359375 0.4
45 0.125541125 0.4875 0.121212121875 0.5125 0.121212121875 0.6125 0.1125541125 0.6875 0.1125541125 0.7875 0.121212121875 0.7875 0.121212121875 0.7375 0.125541125 0.7125 0.125541125 0.6125 0.1298701296875 0.5875 0.1298701296875 0.5125 0.134199134375 0.4875 0.1320346328125 0.35 0.1298701296875 0.4125 0.125541125 0.4375 0.125541125 0.4875
34 0.147186146875 0.6875 0.1515151515625 0.6625 0.1515151515625 0.6125 0.16233766249999998 0.55 0.18696566718750002 0.5403772250000001 0.17614695625000001 0.477839525 0.155411121875 0.49347395 0.1428571421875 0.6125 0.1428571421875 0.7625 0.14935065 0.8 0.1645021640625 0.7875 0.17795012968749999 0.743624725 0.19147351562499998 0.8165851999999999 0.1968828703125 0.76447055 0.185162575 0.722778675 0.19057193125 0.6341837499999999 0.19057193125 0.5403772250000001 0.182457896875 0.5560116500000001 0.1666666671875 0.725 0.1580086578125 0.75 0.147186146875 0.6875
55 0.2272727265625 0.625 0.2207792203125 0.5625 0.2207792203125 0.5125 0.2142857140625 0.475 0.2077922078125 0.5125 0.2121212125 0.6125 0.21645021718750002 0.6375 0.21645021718750002 0.7125 0.22294372343750002 0.75 0.22943722968750002 0.7375 0.233766234375 0.7125 0.2380952375 0.6125 0.246753246875 0.5625 0.246753246875 0.5125 0.2554112546875 0.4625 0.253246753125 0.4 0.24891774843749997 0.4 0.24242424218749997 0.4375 0.24242424218749997 0.4875 0.2272727265625 0.625
54 0.29870129843750004 0.5875 0.2878787875 0.65 0.27922077968750003 0.65 0.27272727343750003 0.6125 0.2705627703125 0.425 0.26406926406250003 0.4625 0.26406926406250003 0.5625 0.259740259375 0.5875 0.26406926406250003 0.6125 0.26406926406250003 0.6625 0.2705627703125 0.7 0.27922077968750003 0.725 0.28571428593750003 0.7125 0.29220779218750004 0.7 0.3008658015625 0.625 0.322510821875 0.625 0.31818181874999996 0.6 0.3116883109375 0.5625 0.316017315625 0.4375 0.309523809375 0.425 0.303030303125 0.4625 0.303030303125 0.5375 0.29870129843750004 0.5875
52 0.34415584374999997 0.525 0.346320346875 0.6375 0.33766233749999996 0.6875 0.33766233749999996 0.7125 0.346320346875 0.7125 0.35930735937499997 0.6375 0.3549783546875 0.6125 0.3549783546875 0.4375 0.3484848484375 0.4 0.34415584374999997 0.4 0.33766233749999996 0.4875 0.322510821875 0.575 0.3138528140625 0.575 0.3221995453125 0.64460655 0.34415584374999997 0.525
38 0.38744588750000003 0.7 0.3982683984375 0.6875 0.3896103890625 0.6375 0.396103896875 0.6 0.40043290000000004 0.6 0.415584415625 0.4875 0.409090909375 0.4 0.40043290000000004 0.4 0.3852813859375 0.4875 0.38095238125 0.5875 0.37809626875 0.6498181749999999 0.38744588750000003 0.7
39 0.48484848437499994 0.1875 0.49134199062499995 0.15 0.5 0.175 0.5021645015625 0.1625 0.5 0.05 0.49134199062499995 0.05 0.4761904765625 0.1625 0.4761904765625 0.2125 0.46753246718749997 0.2875 0.46753246718749997 0.3875 0.4632034625 0.4125 0.4632034625 0.4625 0.44155844218749996 0.4875 0.44805194843749996 0.525 0.45670995625 0.5 0.4632034625 0.5375 0.45887445937500004 0.5625 0.45887445937500004 0.6375 0.45454545468749996 0.6875 0.44805194843749996 0.7 0.4393939390625 0.65 0.428571428125 0.6625 0.4393939390625 0.75 0.44805194843749996 0.775 0.45887445937500004 0.7625 0.46753246718749997 0.6875 0.46753246718749997 0.6125 0.47186147187499994 0.5875 0.47186147187499994 0.5125 0.4761904765625 0.4875 0.4761904765625 0.3875 0.48051948125 0.3625 0.48051948125 0.2625 0.48484848437499994 0.2375 0.48484848437499994 0.1875
2 0.6450216453125 0.4625 0.6515151515625 0.475 0.6601731609375 0.425 0.6645021640625 0.425 0.6666666671875 0.4875 0.6428571421875 0.625 0.6385281390624999 0.625 0.6233766234375 0.7125 0.6233766234375 0.7375 0.6428571421875 0.75 0.647186146875 0.775 0.6666666671875 0.7625 0.6645021640625 0.725 0.6515151515625 0.725 0.640692640625 0.6875 0.6515151515625 0.625 0.6558441562499999 0.625 0.6753246749999999 0.4875 0.6753246749999999 0.3875 0.6558441562499999 0.375 0.6450216453125 0.4375 0.6450216453125 0.4625
5 0.746753246875 0.275 0.7380952375 0.3 0.7207792203125 0.3 0.70562770625 0.4125 0.7012987015625 0.5125 0.7121212124999999 0.525 0.7207792203125 0.475 0.7272727265625 0.5625 0.7207792203125 0.625 0.703463203125 0.625 0.7012987015625 0.6625 0.7077922078125 0.7 0.7186147187499999 0.6875 0.7272727265625 0.6625 0.7359307359375 0.5625 0.7359307359375 0.4875 0.7294372296875 0.425 0.7186147187499999 0.4125 0.7186147187499999 0.3625 0.7294372296875 0.35 0.733766234375 0.325 0.746753246875 0.325 0.746753246875 0.275
0 0.7575757578125 0.6625 0.7748917750000001 0.5375 0.7748917750000001 0.4375 0.7792207796875 0.3875 0.7748917750000001 0.3625 0.7727272734375 0.3 0.7575757578125 0.3125 0.740259740625 0.5125 0.740259740625 0.6375 0.746753246875 0.675 0.7575757578125 0.6625
46 0.8419913421875 0.525 0.8484848484375 0.4625 0.8484848484375 0.3125 0.8419913421875 0.3 0.8376623375 0.325 0.8333333328125001 0.3 0.824675325 0.3 0.816017315625 0.325 0.8100305062500001 0.339768275 0.7956055328125 0.29286500000000004 0.796536796875 0.5125 0.7922077921875 0.5375 0.7987012984375 0.575 0.8008658015625001 0.5625 0.8051948046874999 0.5375 0.805522740625 0.391883175 0.816017315625 0.4 0.816017315625 0.55 0.8268398265625001 0.5375 0.8376623375 0.4 0.8398268390625001 0.4375 0.8354978359375 0.4625 0.8354978359375 0.5125 0.8419913421875 0.525
40 0.88095238125 0.25 0.865800865625 0.3625 0.865800865625 0.3875 0.874458875 0.4375 0.874458875 0.5125 0.8636363640625 0.525 0.846320346875 0.6 0.8419913421875 0.6 0.81818181875 0.7375 0.8138528140625001 0.7875 0.8138528140625001 0.9125 0.8203463203125001 0.95 0.8290043296875 0.975 0.8484848484375 0.9625 0.8571428578125 0.9375 0.865800865625 0.8375 0.8701298703125 0.7125 0.878787878125 0.6375 0.878787878125 0.5625 0.8831168828125 0.5375 0.8874458875 0.4125 0.8961038968749999 0.3375 0.89393939375 0.25 0.88095238125 0.25