28 0.0873015875 0.40322580625000004 0.015873015625 0.4274193546875 0.047619046875 0.47580645156249995 0.0430839 0.7338709671875 0.049886621874999995 0.75 0.05442176875 0.47580645156249995 0.0850340140625 0.451612903125 0.0873015875 0.40322580625000004
34 0.07709750625 0.701612903125 0.0997732421875 0.6693548390624999 0.0895691609375 0.5645161296875 0.07596371874999999 0.548387096875 0.0657596375 0.65322580625 0.07709750625 0.701612903125
35 0.1292517 0.6854838703125 0.14058956875 0.5725806453125 0.1167800453125 0.645161290625 0.1122448984375 0.4677419359375 0.1088435375 0.6854838703125 0.1292517 0.6854838703125
54 0.255102040625 0.6129032265625 0.2789115640625 0.604838709375 0.2596371875 0.5806451609375001 0.255102040625 0.4354838703125 0.24943310625 0.5887096781250001 0.232426303125 0.6612903218749999 0.2210884359375 0.4354838703125 0.222222221875 0.6693548390624999 0.2426303859375 0.6854838703125 0.255102040625 0.6129032265625
53 0.2845804984375 0.3709677421875 0.27210884375 0.491935484375 0.2789115640625 0.5564516125 0.27210884375 0.6209677421875 0.28344671250000003 0.6693548390624999 0.28344671250000003 0.54032258125 0.29478458125 0.491935484375 0.2845804984375 0.3709677421875
51 0.325396825 0.4838709671875 0.3049886625 0.4838709671875 0.29251700625 0.604838709375 0.298185940625 0.6612903218749999 0.31405895625 0.5161290328125 0.3129251703125 0.6209677421875 0.3265306125 0.65322580625 0.319727890625 0.6209677421875 0.325396825 0.4838709671875
34 0.33786848125 0.508064515625 0.33900226718750004 0.6612903218749999 0.36734693906250004 0.65322580625 0.352607709375 0.4677419359375 0.33786848125 0.508064515625
46 0.3707483 0.645161290625 0.38435374218749996 0.548387096875 0.386621315625 0.6612903218749999 0.4002267578125 0.5322580640625 0.4058956921875 0.65322580625 0.4047619046875 0.5 0.36734693906250004 0.491935484375 0.3707483 0.645161290625
34 0.450113378125 0.59677419375 0.429705215625 0.4838709671875 0.4159734828125 0.5234182578125 0.4149659859375 0.6370967734375 0.42575170937499995 0.7132860156249999 0.43997465468749997 0.6310097906250001 0.4604200703125 0.5867074031249999 0.450113378125 0.59677419375
45 0.47353682812500003 0.5783857734375 0.47278911562500003 0.3709677421875 0.4693877546875 0.54032258125 0.47353682812500003 0.5783857734375
45 0.4735429296875 0.5800779359375 0.46930942187499997 0.5740494671875 0.46598639531249997 0.59677419375 0.47392290312499996 0.6854838703125 0.4735429296875 0.5800779359375
26 0.57596371875 0.5564516125 0.55328798125 0.54032258125 0.5691609984375 0.4274193546875 0.5680272109375 0.33870967812499997 0.53287981875 0.508064515625 0.53287981875 0.6854838703125 0.5396825390625 0.6854838703125 0.5453514734375 0.5806451609375001 0.57596371875 0.5564516125
38 0.5799543671875 0.5984926609375 0.58378905625 0.566097403125 0.5915104734375001 0.5573545484375 0.5901770749999999 0.48773641874999996 0.5768430906249999 0.50672319375 0.5737318140625 0.573176903125 0.57728756875 0.655452984375 0.5923993921874999 0.6839331453125 0.613289328125 0.680768596875 0.6070667750000001 0.6396306296875001 0.5861768796875 0.626972821875 0.5799543671875 0.5984926609375
53 0.6213151921875 0.3145161296875 0.6156462578124999 0.30645161249999997 0.6122448984375 0.33064516093749996 0.6122448984375 0.36290322656249996 0.609977325 0.3790322578125 0.614512471875 0.395161290625 0.6167800453125001 0.45967741875 0.6111111109375 0.5 0.6077097499999999 0.508064515625 0.614512471875 0.54032258125 0.614512471875 0.6693548390624999 0.6213151921875 0.6693548390624999 0.6235827671874999 0.6370967734375 0.6213151921875 0.604838709375 0.6213151921875 0.54032258125 0.6247165531250001 0.5161290328125 0.6292517 0.5161290328125 0.6303854875 0.491935484375 0.6235827671874999 0.47580645156249995 0.6235827671874999 0.36290322656249996 0.6213151921875 0.34677419375 0.6213151921875 0.3145161296875
34 0.6281179140625001 0.5725806453125 0.6303854875 0.6209677421875 0.6337868484375 0.645161290625 0.646258503125 0.6370967734375 0.6612916734375001 0.6396306296875001 0.653061225 0.604838709375 0.6492910890625 0.595328096875 0.6507936515625 0.491935484375 0.6470687296875 0.49722980625 0.6428571421875 0.4677419359375 0.6405895687500001 0.4838709671875 0.6315192749999999 0.4838709671875 0.6292901109375 0.5352033546875 0.6281179140625001 0.5725806453125
51 0.68218156875 0.5573545484375 0.6795147734375 0.4687496453125 0.6604027140625 0.48773641874999996 0.658485603125 0.6135357265625 0.664847390625 0.6301372421875 0.664402909375 0.5098876125 0.6755145765624999 0.50672319375 0.6737366984375 0.5889992734375 0.676403496875 0.6522884359375001 0.695071075 0.645959596875 0.6946266343749999 0.59216369375 0.6812926515625 0.6111504671875 0.68218156875 0.5573545484375
37 0.7285136140625 0.6325110640625 0.7248503203125 0.3516645640625 0.719516725 0.323184403125 0.71418313125 0.345335596875 0.720850125 0.43710506406249994 0.724405840625 0.604821484375 0.71418313125 0.5130521609375001 0.7035159453125 0.5257099671875001 0.6990712703125 0.585834709375 0.708405059375 0.661781821875 0.7285136140625 0.6325110640625
5 0.83560090625 0.4838709671875 0.8310657593749999 0.4677419359375 0.8174603171875001 0.4677419359375 0.81519274375 0.4838709671875 0.799319728125 0.4838709671875 0.7959183671875001 0.508064515625 0.7959183671875001 0.5564516125 0.799319728125 0.59677419375 0.8038548750000001 0.6129032265625 0.81405895625 0.6209677421875 0.81405895625 0.6370967734375 0.810657596875 0.6612903218749999 0.8004535140625 0.6854838703125 0.8015873015625001 0.70967741875 0.809523809375 0.701612903125 0.8174603171875001 0.6774193546875 0.8208616781250001 0.65322580625 0.8231292515625 0.5887096781250001 0.8061224484375 0.5645161296875 0.8049886624999999 0.54032258125 0.8083900234374999 0.5161290328125 0.8287981859375 0.5161290328125 0.8310657593749999 0.5 0.83560090625 0.5 0.83560090625 0.4838709671875
0 0.8401360546875001 0.6290322578125 0.8480725625 0.6209677421875 0.8548752828125 0.5887096781250001 0.8548752828125 0.54032258125 0.8526077093750001 0.5241935484375 0.8526077093750001 0.491935484375 0.8446712015625 0.4354838703125 0.8401360546875001 0.4354838703125 0.8390022671875 0.47580645156249995 0.8344671203124999 0.491935484375 0.832199546875 0.5725806453125 0.8401360546875001 0.6290322578125
46 0.8718820859375 0.451612903125 0.8673469390624999 0.451612903125 0.863945578125 0.47580645156249995 0.863945578125 0.491935484375 0.8707483 0.508064515625 0.8730158734375 0.54032258125 0.8707483 0.604838709375 0.874149659375 0.6290322578125 0.8775510203125 0.6209677421875 0.8798185937499999 0.5564516125 0.89229025 0.5 0.8956916093749999 0.5241935484375 0.8934240359375 0.5887096781250001 0.896825396875 0.59677419375 0.9002267578125001 0.5564516125 0.9002267578125001 0.47580645156249995 0.8854875281249999 0.4677419359375 0.8786848078125 0.5 0.8718820859375 0.451612903125
40 0.9092970515625 0.604838709375 0.9047619046875001 0.6693548390624999 0.9047619046875001 0.7338709671875 0.9160997734375 0.7338709671875 0.92517006875 0.65322580625 0.92517006875 0.508064515625 0.919501134375 0.4838709671875 0.9104308390625 0.4838709671875 0.9081632656249999 0.5 0.9036281171875 0.5 0.9002267578125001 0.5241935484375 0.9002267578125001 0.5564516125 0.9036281171875 0.5645161296875 0.9092970515625 0.604838709375