28 0.0495052125 0.45216381875 0.031470226562499995 0.7096373140625001 0.037419496875 0.7261002703125 0.05629861093750001 0.4525198453125 0.0881350953125 0.429961575 0.092931946875 0.38175946562499996 0.020335071875 0.402181575 0.0495052125 0.45216381875
34 0.086755128125 0.542947421875 0.0740124609375 0.5261284390625 0.0583355296875 0.63028943125 0.067125475 0.67920359375 0.0914583921875 0.6481764937500001 0.086755128125 0.542947421875
35 0.1097080796875 0.62490616875 0.114464559375 0.4474926109375 0.09967212812500001 0.6647581234375 0.12005232187499999 0.6658262046875 0.13728355 0.5536710874999999 0.1097080796875 0.62490616875
54 0.2557459546875 0.567955021875 0.258814178125 0.42275531875 0.24513379375 0.575474446875 0.2243517203125 0.647065553125 0.2248471875 0.42097518437500003 0.213739559375 0.654584978125 0.2332756265625 0.6717599859375001 0.2495287671875 0.5999315281250001 0.2737277234375 0.59312415625 0.2557459546875 0.567955021875
53 0.276260109375 0.5448033734375 0.26609019843750004 0.6088750578125001 0.27488014375000003 0.6577892203125 0.2816331703125 0.528933796875 0.29548788593749997 0.481206390625 0.29162875 0.359870390625 0.272843225 0.48001963437499995 0.276260109375 0.5448033734375
51 0.2873145203125 0.5938362109375 0.2900212359375 0.650507146875 0.31346965312499997 0.5063755265625 0.3068505875 0.6110112203125 0.3187491265625 0.6439371296874999 0.31364398437499996 0.611367246875 0.326480240625 0.47475504687500003 0.30610004687500003 0.4736869671875 0.2873145203125 0.5938362109375
34 0.359509515625 0.646073290625 0.3544979625 0.46007222812500004 0.3376686125 0.4995681546875 0.330781625 0.6526433093749999 0.359509515625 0.646073290625
46 0.37833541406250004 0.6551354968750001 0.3986752375 0.5269921281250001 0.39800543906249997 0.6480907765625 0.404892425 0.4950156234375 0.36795079999999997 0.48500401249999997 0.36332827968750003 0.638197840625 0.38197984687500003 0.5422683265625 0.37833541406250004 0.6551354968750001
34 0.414863021875 0.51898855625 0.40790743125000006 0.6324585500000001 0.4146909359375 0.709107859375 0.4332003953125 0.6276887624999999 0.45593639843749995 0.5845171203125 0.4451169765625 0.5940307046875 0.43064568124999997 0.4802141265625 0.414863021875 0.51898855625
45 0.4673193875 0.5386652 0.4694707 0.5768933734374999 0.479579434375 0.36972046875000003 0.4673193875 0.5386652
45 0.4609682390625 0.5948614328125 0.464251165625 0.6838649015625 0.46938823281250003 0.5785835359375 0.46547603281249994 0.5723417640624999 0.4609682390625 0.5948614328125
26 0.57286479375 0.43113843125000006 0.5763752656250001 0.342490990625 0.53241269375 0.5097742609375 0.5231272828125 0.6869504671875 0.5299206796875 0.6873064953125 0.5410686796874999 0.5829081515625 0.5729051640625 0.56034988125 0.5511046312500001 0.5430561984375 0.57286479375 0.43113843125000006
38 0.5883833562499999 0.562065234375 0.5906953171875 0.4924727296875 0.576385915625 0.5107356359375 0.569800984375 0.5769354421874999 0.56904586875 0.6592848609375 0.5826464453125 0.68851688125 0.603673371875 0.6864499656249999 0.599612340625 0.6450427125 0.5794135328125 0.631308959375 0.574690084375 0.60254216875 0.5802149546875001 0.570392 0.5883833562499999 0.562065234375
53 0.62095441875 0.3367517 0.6192661609375001 0.36896555625 0.6161575671875 0.3849538078125 0.6198423703125 0.4012980875 0.6187303234375 0.46584447500000004 0.6109588375 0.50581510625 0.6071400734375 0.51369055625 0.612245215625 0.546260440625 0.6054921890625 0.6751158640625 0.6122855859375 0.675471890625 0.6162383109375 0.643376709375 0.6156621 0.611044178125 0.6190386125 0.5466164671875 0.6237015046875001 0.5226340890625 0.6282304359374999 0.522871440625 0.6306288624999999 0.4987703859375 0.62467959375 0.4823074296875 0.6305884921875 0.3695589359375 0.629168153125 0.35333333125 0.630856409375 0.32111947500000004 0.6256173078125 0.312769321875 0.62095441875 0.3367517
34 0.6260063437500001 0.6519642140624999 0.6388829703125001 0.644563465625 0.6537629265625 0.647880625 0.6473646265624999 0.6127056375000001 0.644097403125 0.6030107453125 0.6510090578125001 0.49983846718749997 0.6470121578125 0.5049305859375 0.64434961875 0.47526270937500004 0.6412410234375 0.49125096093750004 0.6321831609374999 0.4907762578125 0.627270521875 0.5419216312499999 0.6241437546874999 0.57918635 0.6238758359375 0.627625809375 0.6260063437500001 0.6519642140624999
51 0.6608247140625 0.4961480546875 0.652326403125 0.621674625 0.657810615625 0.6385863390625001 0.6636601234375 0.5184782453125 0.6749221750000001 0.515899703125 0.6688407359374999 0.5979699796875 0.66819158125 0.661311975 0.6871648015625 0.6559687953125 0.6895364296875 0.6022233578125 0.6752270296875 0.6204862640625 0.678930190625 0.5668105921875 0.680904271875 0.47818755 0.6608247140625 0.4961480546875
37 0.7284696984375 0.334915340625 0.721984109375 0.3567570375 0.7238391234375 0.44874966250000003 0.7186123671875 0.616422325 0.713206503125 0.524243753125 0.7018914781250001 0.536325934375 0.6943062078125 0.5961356609374999 0.699652440625 0.6724671828125001 0.7212653515625 0.644288940625 0.732305446875 0.363635609375 0.7284696984375 0.334915340625
5 0.81871350625 0.48440073437500003 0.8156049109374999 0.500388984375 0.7997536484375 0.49955825625 0.7950907578125 0.523540634375 0.792558371875 0.57186141875 0.7938447515625 0.6123067515625 0.7975295546875001 0.6286510328125 0.8072975874999999 0.6372385359375 0.806453459375 0.6533454625 0.8017905687500001 0.6773278421875 0.7903342765625 0.70095419375 0.79020031875 0.7251739234375 0.7985480140625 0.7175358234375 0.8077398375 0.693790796875 0.8124027296874999 0.66980841875 0.8180437078124999 0.6054993828125 0.8023264046874999 0.5804489234375 0.8024603656249999 0.55622919375 0.8071232578125 0.532246815625 0.8275034515625 0.5333148953125 0.8306120453125001 0.5173266437499999 0.8351409765625 0.51756399375 0.8359851046875001 0.501457065625 0.8323003015625 0.48511278750000003 0.81871350625 0.48440073437500003
0 0.8497462328125 0.6071608421875 0.8522786171875 0.5588400578125 0.8508582796875 0.542614453125 0.8525465375 0.5104005984375 0.8475753546875 0.453610984375 0.8430464234375 0.45337363281250004 0.83980386875 0.49358161562499997 0.8344308093749999 0.50945119375 0.8279457015625 0.58986715625 0.8329168828125001 0.64665676875 0.8412645781249999 0.6390186703125 0.8497462328125 0.6071608421875
46 0.8647129953125001 0.4948870484375 0.8638688671875 0.5109939765625 0.8698181375 0.5274569296875 0.870394346875 0.5597894625000001 0.86475336875 0.6240984984375 0.8668838734375001 0.648436903125 0.8707026375 0.640561453125 0.8763436171875 0.5762524171875001 0.8917526296875 0.5205308859375 0.8938831359374999 0.544869290625 0.8882421562499999 0.609178328125 0.8912167921874999 0.6174098046875 0.8967238125 0.577320496875 0.900944453125 0.4967858578125 0.8866474875 0.487961003125 0.8781658328124999 0.5198188312500001 0.87390481875 0.47114202031249997 0.8693758875 0.47090466875 0.8647129953125001 0.4948870484375
40 0.89196733125 0.75473405625 0.9032896625 0.755327434375 0.9165681687499999 0.6752674984375 0.9241653234375 0.5303051453125 0.9197703515625 0.5058480640624999 0.9107124859375 0.5053733625 0.9076038921875 0.5213616140624999 0.903074959375 0.5211242640625 0.8984120687500001 0.5451066421874999 0.8967238125 0.577320496875 0.8996984453125 0.5855519765625 0.903249290625 0.6261159843749999 0.8953438453125001 0.6903063453125 0.89196733125 0.75473405625