27 0.1315783390625 0.34955418125 0.0798266921875 0.47818263437499997 0.0987339515625 0.4801698671875 0.1414641 0.3282485890625 0.11672245 0.236269621875 0.1761719625 0.052588676562500006 0.1015966421875 0.23467983593750003 0.1315783390625 0.34955418125
58 0.18757082187500002 0.3442669140625 0.16501706875 0.28603484687499997 0.16023640156250002 0.38608320625000003 0.20110307500000002 0.379206153125 0.1377371515625 0.618337040625 0.11915431406250002 0.79514093125 0.134280121875 0.7967307171875 0.19705170624999999 0.4905034796875 0.2195509546875 0.258249646875 0.18757082187500002 0.3442669140625
49 0.2506116890625 0.46979801718749997 0.26826566406249996 0.4663302515625 0.294080621875 0.36789979375000004 0.298097190625 0.3111944453125 0.27946730937500003 0.30780684687500004 0.25766595312499996 0.38536581718749996 0.257959815625 0.32932046718749997 0.244439115625 0.3467121984375 0.23690450312500003 0.47900414687500004 0.1943477890625 0.7194056390625 0.1933247578125 0.78059193125 0.2506116890625 0.46979801718749997
16 0.499159778125 0.511891559375 0.527901509375 0.3800371109375 0.5284349484375 0.3978546984375 0.5104466249999999 0.5343714609375 0.5077251140625 0.59019045625 0.520346925 0.5354120234375 0.52052806875 0.6138807296875 0.5471834796875 0.245447775 0.476879159375 0.5199145296875 0.4796995953125 0.44596591406249997 0.49222093281249996 0.33549142656250003 0.5282038046875 0.1316624203125 0.517961246875 0.1108568046875 0.5039030062500001 0.129108303125 0.4826590421875 0.3194203640625 0.46419238281249997 0.45498283281249996 0.46612914375000003 0.5858185437500001 0.4782027984375 0.59825985 0.499159778125 0.511891559375
34 0.5817060953125 0.3410029421875 0.5648496953125 0.38038870625 0.5548310546875 0.5057629765625 0.5593279203125 0.571449240625 0.5842184140625 0.5535409687499999 0.6025901390625 0.48017583437500005 0.6178906125 0.4817839796875 0.6104991156249999 0.3216845828125 0.5817060953125 0.3410029421875
55 0.6471794609375 0.4819522421875 0.644397225 0.381108990625 0.6295958390624999 0.5583103281249999 0.629049884375 0.6266875265625 0.69979536875 0.30872536875 0.6471794609375 0.4819522421875
42 0.677890459375 0.6080755546875001 0.69952545 0.4204201421875 0.6694781703125 0.5883497703125 0.677890459375 0.6080755546875001
42 0.7415262984375001 0.25724989531250003 0.7448483703125001 0.13470360312500002 0.735836921875 0.19074920625 0.7415262984375001 0.25724989531250003
52 0.763829184375 0.4438889875 0.766729921875 0.364343484375 0.7555160859375001 0.38445846562499997 0.7250610765625 0.46643117343749996 0.729372190625 0.591141875 0.7072778171875 0.655853546875 0.7186221749999999 0.6570458859375 0.7506023046875 0.5710286203125 0.737108078125 0.4730206359375 0.763829184375 0.4438889875
48 0.7940617515625 0.4303563078125 0.772902465625 0.48742956875 0.7677212718749999 0.6146456015624999 0.7913340203125 0.619998953125 0.8051637640625 0.4748503046875 0.7940617515625 0.4303563078125
45 0.8268256875000001 0.64607390625 0.8809806453125001 0.14901168125 0.8676547703124999 0.1833102171875 0.8185364359375 0.5986931531249999 0.8268256875000001 0.64607390625