21 0.0871369296875 0.3645833328125 0.0871369296875 0.3229166671875 0.078838175 0.3229166671875 0.078838175 0.4479166671875 0.07468879687499999 0.46875 0.07468879687499999 0.53125 0.0684647296875 0.5625 0.0580912859375 0.4895833328125 0.0580912859375 0.4479166671875 0.053941909375 0.4270833328125 0.04979253125 0.34375 0.0435684640625 0.3125 0.0394190875 0.3125 0.037344398437499995 0.3854166671875 0.033195020312500004 0.40625 0.033195020312500004 0.59375 0.0414937765625 0.59375 0.0435684640625 0.4166666671875 0.04979253125 0.4479166671875 0.04979253125 0.4895833328125 0.0580912859375 0.5729166671875 0.0684647296875 0.625 0.07053941875 0.6145833328125 0.078838175 0.5729166671875 0.078838175 0.53125 0.085062240625 0.5 0.0912863078125 0.59375 0.0995850625 0.59375 0.095435684375 0.5729166671875 0.095435684375 0.5104166671875 0.0912863078125 0.4895833328125 0.0912863078125 0.3854166671875 0.0871369296875 0.3645833328125
58 0.1327800828125 0.4479166671875 0.13070539375 0.5 0.1265560171875 0.5 0.1182572609375 0.4583333328125 0.1120331953125 0.46875 0.1120331953125 0.5104166671875 0.1265560171875 0.5833333328125 0.1410788375 0.59375 0.1410788375 0.65625 0.12033195000000001 0.7604166671875 0.12033195000000001 0.84375 0.12448132812499998 0.8854166671874999 0.1473029046875 1 0.1576763484375 0.9895833328125001 0.1576763484375 0.78125 0.1535269703125 0.7604166671875 0.1535269703125 0.6770833328125 0.1618257265625 0.6354166671875 0.14937759374999998 0.59375 0.14937759374999998 0.5520833328125 0.145228215625 0.53125 0.145228215625 0.4479166671875 0.13900415 0.4166666671875 0.1327800828125 0.4479166671875
52 0.174273859375 0.6354166671875 0.19087136875 0.6354166671875 0.19502074687499998 0.6145833328125 0.19502074687499998 0.5729166671875 0.18672199218750002 0.53125 0.18672199218750002 0.4270833328125 0.1763485484375 0.4166666671875 0.174273859375 0.53125 0.1825726140625 0.5729166671875 0.1825726140625 0.59375 0.1763485484375 0.6041666671875 0.174273859375 0.6354166671875
54 0.2136929453125 0.4791666671875 0.2074688796875 0.4895833328125 0.2074688796875 0.5520833328125 0.2219917015625 0.6458333328125 0.23651452343749998 0.6354166671875 0.24066390000000001 0.6145833328125 0.24066390000000001 0.4479166671875 0.234439834375 0.4166666671875 0.22821576718749997 0.4479166671875 0.23651452343749998 0.53125 0.23236514531250002 0.5520833328125 0.23236514531250002 0.59375 0.226141078125 0.6041666671875 0.215767634375 0.5520833328125 0.2136929453125 0.4791666671875
45 0.27068236093750003 0.5589509578125 0.2680062828125 0.2406586875 0.25997805 0.23617577031249998 0.253733925 0.22272679218749997 0.2617621578125 0.5948147296874999 0.28822555625 0.6070788546875 0.2929830375 0.545502 0.27068236093750003 0.5589509578125
42 0.3108235265625 0.6710256046875 0.3108235265625 0.41549525000000004 0.300119215625 0.45135922968750003 0.296551165625 0.6665426875 0.3108235265625 0.6710256046875
42 0.330448125 0.2944545421875 0.350072721875 0.33928437499999997 0.33507336875 0.244175625 0.330448125 0.2944545421875
47 0.3278008296875 0.5104166671875 0.3278008296875 0.5520833328125 0.3381742734375 0.6666666671875 0.35062240624999996 0.6666666671875 0.36099585 0.5729166671875 0.37136929531249996 0.5208333328125 0.38589211562500003 0.59375 0.38589211562500003 0.6354166671875 0.3921161828125 0.6666666671875 0.3983402484375 0.65625 0.39004149374999997 0.5520833328125 0.375518671875 0.4791666671875 0.3672199171875 0.4791666671875 0.3568464734375 0.53125 0.3464730296875 0.625 0.3402489625 0.59375 0.3402489625 0.53125 0.336099584375 0.4895833328125 0.33402489687500003 0.4791666671875 0.3278008296875 0.5104166671875
3 0.46265560156249996 0.4166666671875 0.47095435625000004 0.3958333328125 0.4834024890625 0.3958333328125 0.485477178125 0.40625 0.48132780156250005 0.4479166671875 0.4875518671875 0.4791666671875 0.5020746890625001 0.5104166671875 0.5020746890625001 0.5520833328125 0.49170124531250003 0.5625 0.485477178125 0.59375 0.4875518671875 0.6041666671875 0.506224065625 0.59375 0.514522821875 0.5104166671875 0.5082987546875 0.4583333328125 0.4979253109375 0.4479166671875 0.4979253109375 0.40625 0.5020746890625001 0.3854166671875 0.5 0.3541666671875 0.47510373437500003 0.3541666671875 0.47095435625000004 0.375 0.46058091250000005 0.3854166671875 0.46265560156249996 0.4166666671875
0 0.564315353125 0.5104166671875 0.560165975 0.4270833328125 0.5414937765625 0.3541666671875 0.524896265625 0.3541666671875 0.5228215765625001 0.3645833328125 0.5269709546875 0.3854166671875 0.5269709546875 0.53125 0.5373443984375 0.5833333328125 0.5560165968749999 0.5729166671875 0.564315353125 0.5104166671875
7 0.624481328125 0.375 0.63070539375 0.40625 0.63070539375 0.4895833328125 0.62033195 0.5 0.605809128125 0.5520833328125 0.616182571875 0.5625 0.624481328125 0.5416666671875 0.63070539375 0.5729166671875 0.63070539375 0.6145833328125 0.6265560171875 0.6354166671875 0.6327800828125001 0.6666666671875 0.63900415 0.65625 0.63900415 0.5729166671875 0.6473029046875001 0.53125 0.6431535265625 0.5104166671875 0.6431535265625 0.40625 0.6327800828125001 0.3333333328125 0.616182571875 0.3333333328125 0.60995850625 0.3645833328125 0.60995850625 0.3854166671875 0.62033195 0.3958333328125 0.624481328125 0.375
0 0.680497925 0.59375 0.684647303125 0.5729166671875 0.684647303125 0.4895833328125 0.665975103125 0.4166666671875 0.6493775937499999 0.4166666671875 0.6473029046875001 0.4479166671875 0.6435492203125001 0.4289442078125 0.6417651953125 0.487223 0.6473029046875001 0.5520833328125 0.6576763484375 0.6041666671875 0.680497925 0.59375
24 0.7800829874999999 0.5729166671875 0.7946058093749999 0.5416666671875 0.8091286312499999 0.46875 0.8091286312499999 0.3854166671875 0.7987551875000001 0.3333333328125 0.7821576765625 0.3333333328125 0.7717842328125 0.3854166671875 0.7717842328125 0.65625 0.775933609375 0.65625 0.7800829874999999 0.5729166671875
15 0.8713692953125 0.3854166671875 0.865145228125 0.3541666671875 0.8568464734375001 0.3333333328125 0.844398340625 0.3333333328125 0.8215767640625 0.3854166671875 0.8174273859375001 0.4270833328125 0.8174273859375001 0.53125 0.8215767640625 0.5520833328125 0.8215767640625 0.6354166671875 0.82987551875 0.6354166671875 0.8319502078125 0.5625 0.8672199171875 0.5520833328125 0.8609958499999999 0.5208333328125 0.834024896875 0.5104166671875 0.834024896875 0.40625 0.8402489624999999 0.375 0.8568464734375001 0.375 0.8609958499999999 0.4166666671875 0.8692946062500001 0.4166666671875 0.8713692953125 0.3854166671875