15 0.047414525 0.668518178125 0.051442984375 0.6554929390625001 0.055116615625 0.5502939046875001 0.067201984375 0.511218190625 0.092645959375 0.4989407984375 0.0609818875 0.48466915000000005 0.061545470312499996 0.36619559375 0.0941279484375 0.3541674859375 0.11069654375 0.3232656859375 0.045076815625 0.3261227515625 0.0329914453125 0.36519846562499997 0.0463500484375 0.39199679062500004 0.038084378125 0.6286946171875 0.047414525 0.668518178125
20 0.122681971875 0.3551646140625 0.11038784531250001 0.6048876796875 0.11971799375 0.644711240625 0.1549670078125 0.6468392109375001 0.161387453125 0.6145352843749999 0.1238453984375 0.6034658953125 0.12645479375 0.5287426265625 0.1320139484375 0.3695492671875 0.122681971875 0.3551646140625
10 0.2339340875 0.6486997546875 0.23796254375 0.635674515625 0.2363344859375 0.47762668125 0.2257311046875 0.37192908281250003 0.20926245156249998 0.3318562390625 0.19717708125 0.3709319546875 0.18965203125000002 0.43661816406250004 0.17738962187500001 0.5282319421875 0.1702842046875 0.63761570625 0.1822776453125 0.64779291875 0.18789696718749999 0.537393725 0.22333070625 0.54300215625 0.224603940625 0.60887619375 0.2339340875 0.6486997546875
21 0.268353384375 0.5840721265625 0.2711086078125 0.5051728515625 0.2822755703125 0.49239689531249997 0.283548803125 0.5582709328125001 0.2928789515625 0.59809449375 0.32602501250000004 0.4675928296875 0.3236246140625 0.6386659015625 0.3329547625 0.6784894625 0.33698321875000004 0.6654642234375 0.342493665625 0.5076656734375 0.32969864375 0.3623937953125 0.3247517796875 0.4017187921875 0.2965525828125 0.492895459375 0.2716721890625 0.386699296875 0.25336672031249996 0.39922597187500003 0.25866841093750004 0.4520747703125 0.2549947796875 0.5572738046875 0.261214878125 0.5838228437499999 0.261569703125 0.6759966421875 0.2736550734375 0.6369209265625 0.268353384375 0.5840721265625
32 0.430556134375 0.3395839859375 0.39649166406249997 0.49638540937500003 0.371611271875 0.390189246875 0.36758281406250004 0.40321448593750003 0.38970798281249996 0.588309921875 0.3922544515625 0.7200579984375 0.3993929578125 0.72030728125 0.4067402203125 0.5099092125 0.4318293671875 0.405458025 0.430556134375 0.3395839859375
13 0.47155035468750006 0.393679196875 0.4501348375 0.39293135 0.44335115625 0.4848558625 0.4495712546875 0.5114049046875 0.4440608078125 0.66920345625 0.4533909546875 0.7090270171874999 0.46455791875 0.6962510609375 0.495867165625 0.6183489140625 0.5004592046874999 0.48685012031249997 0.47155035468750006 0.393679196875
5 0.595806246875 0.6218388640625 0.6060548031249999 0.635362665625 0.6221686296875 0.5832617124999999 0.625278678125 0.5965362328125 0.6225234546875 0.675435509375 0.6073280359375001 0.701236703125 0.606409628125 0.7275364625 0.613548134375 0.7277857453125 0.6368004671875 0.6759340734375 0.6404740984374999 0.5707350390625 0.6311439515624999 0.530911478125 0.6168669390625 0.5304129125 0.6146752984375 0.490838634375 0.62676066875 0.45176291874999996 0.6481761875000001 0.45251076562500003 0.654396284375 0.4790598078125 0.6562331 0.42646028906250005 0.5950965953125 0.43749127187500003 0.6003982859375 0.49034007031250004 0.595806246875 0.6218388640625
0 0.6849331921874999 0.730278565625 0.7001286140625 0.7044773703125 0.7080386734374999 0.6612589953125 0.7127775656249999 0.5469281015624999 0.7074758765625 0.4940793015625 0.6910857375 0.43947629531250004 0.669915434375 0.46475946874999996 0.66082534375 0.52299251875 0.653811034375 0.5975619640625001 0.6527633609375 0.652823090625 0.6572975765625 0.702981678125 0.6742543046875 0.744652028125 0.6849331921874999 0.730278565625
0 0.775187303125 0.6017711578125 0.7746464343749999 0.5725064015625 0.7708040203125 0.5226225999999999 0.755253775 0.456249996875 0.7409767640625 0.4557514328125 0.7288913921875 0.4948271484375 0.7189439234375 0.551044390625 0.715026375 0.6127109468749999 0.7204715562499999 0.690000878125 0.730874278125 0.7450487781249999 0.7563182515625 0.7327713874999999 0.7733504875 0.654370675 0.775187303125 0.6017711578125
46 0.8214832124999999 0.7087151656249999 0.8291853015624999 0.5904908953125 0.8465723625000001 0.604263978125 0.8460087796875 0.7227375328125001 0.8571757421875 0.7099615765625 0.8608493734374999 0.6047625421875 0.8720163359375 0.5919865875 0.870534346875 0.7367599015625 0.8776728531250001 0.7370091828125 0.8894033968749999 0.6057596703125 0.880991659375 0.5396363515625 0.8452991296875 0.538389940625 0.8390790296875 0.5118408999999999 0.822965203125 0.5639418546875 0.8086881921875 0.563443290625 0.8024680921874999 0.5368942484375 0.7984396359375 0.5499194875 0.7966028203125 0.6025190031250001 0.8090430171874999 0.6556170859375 0.81031625 0.7214911234375 0.8214832124999999 0.7087151656249999
40 0.9042250671875 1 0.9188758296874999 0.580457040625 0.908627275 0.5669332390624999 0.8934662984375 0.5799085859375 0.8864785890625001 0.6284566078125 0.8800314671875 0.6867819515625 0.8838425125 0.7292014296875 0.904872765625 0.733188565625 0.8844433421875 0.7877728671875001 0.873999221875 0.8422082171874999 0.870981984375 0.920667790625 0.8778631234375001 0.9762056671874999 0.9028645515625 1 0.9042250671875 1