27 0.0857286640625 0.18926857187499999 0.0615767546875 0.45277198125 0.09021013125 0.72693970625 0.07898682500000001 0.8148849671875 0.0466652484375 0.753475565625 0.058523114062500006 0.8656300531250001 0.0827543796875 0.8772914984375 0.0997281390625 0.7266073296875 0.07109476249999999 0.4524396046875 0.0857286640625 0.18926857187499999
14 0.138593303125 0.47509774218749995 0.1173327703125 0.67832705 0.12042090000000001 0.8172766953125 0.16667147499999999 0.8243305718749999 0.166076590625 0.7618132484375 0.1292952140625 0.7682965 0.13303712031249998 0.69863725 0.1649060953125 0.676665753125 0.15807615 0.60737568125 0.1343102203125 0.6253387421875 0.154592096875 0.48234573281250004 0.1710882953125 0.4748165875 0.17057871093750002 0.3844471953125 0.1221350734375 0.4131343796875 0.1215798671875 0.48819948437500005 0.138593303125 0.47509774218749995
26 0.21767635156249998 0.647011609375 0.23086658125 0.5700693546875 0.2304214140625 0.431027415625 0.22583842812500002 0.3755647234375 0.21356904375000002 0.32732290625 0.19995830625 0.34170405000000004 0.1926080359375 0.74837913125 0.20299853125 0.773031525 0.2045658734375 0.4736475234375 0.2160831671875 0.4245753578125 0.22130458593750002 0.47306299531249996 0.2167707546875 0.5705615921875 0.2075895 0.6612693703125 0.21851744218750002 0.7721338765625 0.23085132343749998 0.7717031671875 0.21767635156249998 0.647011609375
23 0.2608600359375 0.38327475781250003 0.24852631406249998 0.6213502281250001 0.2540388421875 0.7337263 0.2814427765625 0.7452769531250001 0.2821962328125 0.35751444375 0.2608600359375 0.38327475781250003
20 0.336664853125 0.3160715453125 0.30967951875 0.6442299499999999 0.3186423203125 0.718962678125 0.3611484171875 0.7393414 0.3636778 0.634960040625 0.325542865625 0.6436759890625 0.34869172656249997 0.35736877031250003 0.336664853125 0.3160715453125
10 0.399911840625 0.7379877515625 0.42658397812500004 0.7440094265625 0.460546559375 0.756728946875 0.45754743593749997 0.6455878859374999 0.43831918437499995 0.6254007453125 0.42450578125 0.507684265625 0.439215459375 0.4237361671875 0.4312620015625 0.3475325671875 0.3954577765625 0.5851803109375 0.405326696875 0.6404587140625 0.41778941718749996 0.5426832593750001 0.43384985 0.674226790625 0.3683252203125 0.641750834375 0.376125178125 0.7388184 0.399911840625 0.7379877515625
31 0.5306049500000001 0.6917066359375 0.500594884375 0.5625173234374999 0.5093875140625 0.4630029171875 0.5211473015625 0.42087504375 0.5112783921874999 0.36559694062500003 0.49595484375 0.47512602187499997 0.4708510921875 0.43847980625 0.4870317203125 0.5379757203125 0.4669958546875 0.6383051796875 0.4699059 0.721637984375 0.4971446109375 0.6001606671874999 0.5237351640625 0.7475695921875001 0.5306049500000001 0.6917066359375
5 0.5580202125 0.660572940625 0.5550457921875 0.3479863265625 0.5461226671875 0.41083602656249996 0.5580202125 0.660572940625
5 0.6001374 0.6841174140625 0.6111227796875001 0.77128713125 0.64717223125 0.7575206375 0.6528830109375 0.5571993046875 0.6144936984375 0.458478934375 0.6177263359375 0.354951775 0.629575134375 0.3406324859375 0.6496706640625 0.41972766874999995 0.646135840625 0.2844311140625 0.6106538921875 0.2787174109375 0.6035479953125 0.50889164375 0.64368228125 0.6575815546875 0.62524115 0.7207636296875 0.6050153671875 0.5963937375 0.6001374 0.6841174140625
0 0.6984901484375 0.6806828609375 0.7151466281250001 0.4299488171875 0.7073339171875 0.3426683078125 0.6787798953124999 0.3436654375 0.6670013828125 0.506675803125 0.6774315546875 0.6689106234375 0.6984901484375 0.6806828609375
46 0.743462725 0.60406666875 0.7550033125 0.61617128125 0.769359609375 0.3905328 0.7670991046875 0.553210790625 0.7847074265625 0.602626371875 0.7883956249999999 0.3898680484375 0.8071540374999999 0.4267358484375 0.7999466578125001 0.6475620281250001 0.8102759984375 0.6402482593750001 0.8176953015624999 0.549601984375 0.8118752109375 0.3829364 0.7997592625000001 0.31383091875 0.7794321484375 0.3632107296875 0.7750916625000001 0.3146923296875 0.761269296875 0.34078484375 0.7391002875 0.47914281406250003 0.743462725 0.60406666875
40 0.8374133578125 0.338125834375 0.839198009375 0.525677803125 0.8648966453125 0.624841340625 0.8253969187499999 0.676251178125 0.8675141078124999 0.699795653125 0.875287140625 0.6494937359375 0.8510162015624999 0.5002498640625 0.8552992843749999 0.3500088625 0.8374133578125 0.338125834375