28 0.08008711874999999 0.48513741093749996 0.09172080625 0.5742633875 0.1042620984375 0.6763026562500001 0.1132043796875 0.7199060828125 0.12220681562499999 0.7186408734375 0.110333121875 0.6171264562500001 0.09932972031250001 0.523201434375 0.09248514062499999 0.4744997265625 0.12510351718749999 0.4616382375 0.1205404640625 0.42917043125000004 0.0845307171875 0.434231271875 0.0464759515625 0.44438229375000005 0.0406902109375 0.465224478125 0.046363109375 0.4892590296875 0.06436798437499999 0.48672860937499995 0.0721465765625 0.48625338124999995 0.08008711874999999 0.48513741093749996
46 0.2152515546875 0.5151869578125 0.208468809375 0.4995856609375 0.2028577453125 0.50865151875 0.2222198015625 0.6300894875 0.232332084375 0.6203910234375 0.22320597968749997 0.5554554125 0.223144146875 0.522355003125 0.230974903125 0.4964226359375 0.24565023749999998 0.5191919781250001 0.25705786875 0.600361490625 0.25483817656249996 0.6172279984375 0.2650122953125 0.6406299453125001 0.270623359375 0.6315640874999999 0.259215728125 0.550394571875 0.2647649578125 0.508228303125 0.2827698328125 0.5056978828124999 0.2998503609375 0.6109019484375 0.303241734375 0.6187025984375001 0.306571271875 0.5934028359375 0.2951636421875 0.5122333234374999 0.2827079984375 0.47259747343749997 0.26020190625 0.4757604984375 0.25798221250000003 0.49262700625000005 0.2196909390625 0.48145394374999995 0.2152515546875 0.5151869578125
58 0.3110106578125 0.559669821875 0.3177934015625 0.57527111875 0.3257478265625 0.6155395734375 0.356146509375 0.6195445921875 0.3698356671875 0.7169480078125 0.3766184125 0.7325493062499999 0.383462990625 0.7812510140625 0.3812432984375 0.798117521875 0.38469650624999996 0.8390185812500001 0.3779755953125 0.8565176937500001 0.3644719390625 0.8584155093750001 0.31933608593749996 0.7985407375 0.2989878515625 0.7517368453125 0.29787800625 0.7601700984375 0.3001595328125 0.7764040015625 0.330681884375 0.8466098421874999 0.353249809375 0.8765472265625001 0.366753465625 0.8746494109375 0.373536209375 0.8902507109375 0.38364849218749997 0.8805522453125001 0.3937607765625 0.8708537812499999 0.3970903140625 0.8455540218750001 0.3925272625 0.813086215625 0.3947469546875 0.7962197078125001 0.34572505625 0.463741003125 0.33561277343749996 0.4734394671875 0.3481920859375 0.5792761359374999 0.3267958390625 0.5740059093750001 0.31199683437500003 0.48503574687500006 0.3063857703125 0.49410160468750003 0.31323035 0.5428033125 0.3110106578125 0.559669821875
36 0.394403375 0.6208927953125001 0.42749488125 0.6194858359375 0.4181421796875 0.5721431875 0.4040611421875 0.593584984375 0.389812896875 0.5651494390625 0.3806867921875 0.5002138281249999 0.38401633125 0.474914065625 0.39634830625 0.44834909375 0.39406678125 0.4321151921875 0.38617419062499997 0.424947146875 0.371622521875 0.46837862656249996 0.36503959531249996 0.4887797625 0.3694646640625 0.5183455453125 0.3740277171875 0.5508133515625 0.394403375 0.6208927953125001
42 0.4258844796875 0.5931890078125 0.440559815625 0.61595835 0.44166966093750004 0.607525096875 0.443889353125 0.5906585890625 0.4371066078125 0.575057290625 0.4234174515625 0.47765387343750004 0.41102364218750004 0.4711184359375 0.4258844796875 0.5931890078125
42 0.384940675 0.36717957968750004 0.3951147921875 0.3905815265625 0.41422951250000006 0.37961785312499996 0.4253898078125 0.328385725 0.4140440109375 0.280316621875 0.3836453265625 0.2763116015625 0.378096096875 0.318477871875 0.384940675 0.36717957968750004
47 0.483104971875 0.49409716562500006 0.497903975 0.5830673281250001 0.5069064125 0.58180211875 0.5022815265625 0.5162339015625 0.48304313906249996 0.46099675625 0.46053704531250006 0.46415978124999996 0.45609766093750004 0.49789279531249997 0.44931491562500003 0.4822914984375 0.43920263281249994 0.49198996250000004 0.4482669046875 0.5238251625 0.46078438281249995 0.5965614218749999 0.47089666562500004 0.5868629578125 0.4640520859375 0.5381612515625 0.46960131718750003 0.49599498124999997 0.483104971875 0.49409716562500006
49 0.65772815 0.57716005625 0.6835637796875 0.5486972703124999 0.6935523953125 0.472797984375 0.6889893421875 0.44033017812499997 0.6697509546875 0.3850930328125 0.638242425 0.3895212671875 0.6304735015625 0.44855404375 0.6692594484375001 0.724530390625 0.6737606671874999 0.7238977859375 0.675980359375 0.707031278125 0.65772815 0.57716005625
45 0.6865223140625 0.32479504375 0.7070560515625 0.4709001703125 0.7048363578125 0.48776667656250006 0.7139624640625 0.5527022875000001 0.7229649015625 0.551437078125 0.6909617 0.2910620296875 0.6807875812499999 0.26766008281250003 0.67745804375 0.29295984375 0.6865223140625 0.32479504375
54 0.7510820578125 0.5392081953125001 0.779199215625 0.5269793109375 0.7836385984375001 0.4932462953125 0.769949440625 0.3958428796875 0.7608851703124999 0.364007678125 0.751882734375 0.36527288750000003 0.7609470046875 0.3971080890625 0.7723546359375 0.4782776015625 0.769025096875 0.5035773640625 0.7510202234375 0.5061077843749999 0.729376640625 0.36843591249999996 0.7214840515625001 0.36126787031249996 0.740907940625 0.5158062484375 0.7510820578125 0.5392081953125001
52 0.8250120765625001 0.3467179546875 0.8115702546874999 0.3817161796875 0.8060210234375 0.4238824484375 0.8139754484375 0.4641509046875 0.845483978125 0.45972266875 0.8556580953124999 0.483124615625 0.8568297749999999 0.507791771875 0.806206525 0.52318368125 0.8163806421875 0.546585628125 0.8580014546875001 0.532458928125 0.869223584375 0.5143272109375 0.8600974796875 0.44939159999999995 0.8499233625 0.425989653125 0.8195246781250001 0.4219846328125 0.829575128125 0.379185759375 0.8430787828125 0.37728794374999997 0.8452984750000001 0.3604214375 0.8520812203125001 0.376022734375 0.8610836578125 0.37475752500000004 0.8621935031250001 0.366324271875 0.8520193859375 0.34292232500000003 0.8250120765625001 0.3467179546875