22 0.128342703125 0.263269078125 0.118626075 0.44213830625000006 0.12200340624999999 0.473103440625 0.1328066640625 0.46050486093750004 0.2188173609375 0.08795160156250001 0.22124651874999998 0.04323429375 0.141852028125 0.3871296109375 0.136855259375 0.385976015625 0.14657188593749998 0.20710678593749998 0.1415751171875 0.205953190625 0.1514302015625 0.11767217187500001 0.14062694375 0.1302707515625 0.08027135625000001 0.40309800781250005 0.0910746140625 0.390499428125 0.11753944375 0.27586765625 0.128342703125 0.263269078125
48 0.22314286874999997 0.19459917499999999 0.205723403125 0.235855696875 0.171022928125 0.40895695 0.1619775640625 0.4823322015625 0.177777590625 0.4708872171875 0.214235959375 0.358562634375 0.23408458125 0.27258880625000004 0.24312994687499997 0.19921355624999998 0.22314286874999997 0.19459917499999999
35 0.26825225 0.2955697421875 0.283242559375 0.2990305265625 0.29485553593749997 0.27152617968750004 0.2998523046875 0.27267977499999996 0.2974231484375 0.3173970828125 0.250161521875 0.4423202421875 0.2251776734375 0.43655226718750006 0.23003598749999998 0.347117653125 0.21099708437500003 0.41818571093749995 0.2119452578125 0.49386815312500004 0.24773236562499998 0.48703755 0.282571296875 0.40452450625 0.3222685421875 0.23257684687500002 0.30309118125 0.21305669843750003 0.2914782046875 0.2405610453125 0.28148466562499996 0.23825385468750002 0.283913821875 0.19353654843749998 0.316994859375 0.050246832812499996 0.312807809375 0.03418746875 0.2673040765625 0.21988729999999998 0.25906843125 0.27835678124999996 0.2566392734375 0.3230740890625 0.26825225 0.2955697421875
38 0.300616721875 0.4160822140625 0.3058955375 0.4331975609375 0.30012921718749996 0.45385619374999997 0.31511952656250003 0.45731697968749996 0.32754222187500004 0.4149068625 0.31916812031249997 0.3827881328125 0.33739730625000003 0.32662584375 0.357245928125 0.2406520125 0.3596750859375 0.19593470625 0.3496815453125 0.193627515625 0.306868321875 0.28505358593749996 0.28889750937500003 0.386882128125 0.2909453984375 0.43664323437499997 0.300616721875 0.4160822140625
52 0.387468690625 0.28776498125 0.40296497656249997 0.2053993921875 0.3778082265625 0.269638053125 0.370290353125 0.3261899375 0.365992565625 0.3887842875 0.35264652343749997 0.45458873281249995 0.3476318484375 0.41633868281249997 0.351950540625 0.36964579531249997 0.33564849531249996 0.4082733 0.3214680515625 0.5056781390625 0.33873017031249997 0.5308590984375 0.3733511171875 0.432874271875 0.389569384375 0.33064085312499997 0.387468690625 0.28776498125
42 0.40591326250000004 0.3238165484375 0.38189205625 0.48783481718750005 0.3976238921875 0.459673528125 0.424823353125 0.269894521875 0.40591326250000004 0.3238165484375
42 0.46021579843750005 0.0926046015625 0.4413476828125 0.178329590625 0.47167083906249996 0.14293914218749998 0.46021579843750005 0.0926046015625
53 0.5416272203125 0 0.5234818484375 0.067732696875 0.5218624125 0.09754423437500001 0.4557003375 0.3841236640625 0.45327118125 0.428840971875 0.46407443906249995 0.4162423921875 0.477306853125 0.3589265078125 0.4947263171875 0.3176699859375 0.5771037890625 0.2914102 0.5029619640625 0.2592005046875 0.5053911203125 0.214483196875 0.5384721578125 0.07119348125 0.546707803125 0.012724 0.5433903609375 0 0.5416272203125 0
31 0.6215419062499999 0.4978747453125 0.6149256984375 0.5265326890625001 0.6415289859375 0.5024891265625 0.676367915625 0.41997608125 0.6813646875 0.4211296765625 0.674886934375 0.5403758296875 0.68569019375 0.5277772515625 0.6923064 0.499119309375 0.698784153125 0.3798731546875 0.7220101062500001 0.32486445937499997 0.7360522406250001 0.2526428046875 0.7128262859375 0.3076515 0.7028327453125 0.305344309375 0.7076910609375 0.2159096953125 0.702694290625 0.21475609843750001 0.685274825 0.25601262187499996 0.68379384375 0.3764123703125 0.6265386765625001 0.49902834062499996 0.6215419062499999 0.4978747453125
26 0.778594009375 0.30774246875 0.7993908078125 0.2974510796875 0.785348671875 0.36967273437500003 0.7621227187499999 0.42468143124999996 0.72566435 0.5370060125 0.7232351921875 0.58172331875 0.77401260625 0.578353503125 0.781438534375 0.534789790625 0.747270865625 0.5118088546874999 0.7538870734375 0.4831509109375 0.7953422125 0.371979925 0.8226167609375 0.24244238281250002 0.7876393734375 0.23436721718750003 0.7892588109374999 0.20455567968750002 0.783452321875 0.218307853125 0.7230967374999999 0.49113510937499993 0.740516203125 0.44987858750000004 0.760364825 0.363904759375 0.778594009375 0.30774246875
0 1 0.3135799453125 0.9808939484374999 0.30916896718750003 0.9692809718750001 0.3366733140625 0.9592874328125 0.3343661234375 0.9137837 0.5200659562500001 0.9163513109375 0.565936859375 0.937148109375 0.5556454703125 0.9579449062500001 0.54535408125 0.975364371875 0.5040975609375 1 0.3973889296875 1 0.3135799453125
0 0.88218364375 0.542955925 0.9004128281250001 0.48679363281250004 0.9283585359375 0.34375365 0.9301165328125001 0.312538784375 0.9178427156250001 0.34132588125 0.9105469062499999 0.344940559375 0.90671471875 0.31756133750000004 0.9006223546875001 0.3479480765625 0.8909828015624999 0.345722609375 0.8735612296875 0.4211837296875 0.8529824671874999 0.5383070859375 0.8613868468750001 0.5532473125 0.88218364375 0.542955925
1 0.823841846875 0.49930124375 0.821412690625 0.5440185515625 0.8272191781249999 0.530266378125 0.861919653125 0.3571651234375 0.855974709375 0.2803290875 0.850168221875 0.2940812625 0.8386937 0.41217381875000003 0.823841846875 0.49930124375