28 0.1573084734375 0.2835946921875 0.13255829531250002 0.28142933124999997 0.0923013890625 0.34960872656249997 0.0916599140625 0.3925734546875 0.10652516875 0.3651934296875 0.114561403125 0.3802367921875 0.1021105828125 0.5225503203125 0.10331779999999999 0.580017071875 0.10950534375000001 0.5805584109375 0.12942665625 0.3528567671875 0.15481830937500002 0.312057396875 0.1573084734375 0.2835946921875
34 0.17139166875 0.5235962296875 0.164551771875 0.6283952015625001 0.17507817187500002 0.61497585625 0.1925093203125 0.41573691718749994 0.1659104515625 0.39906953437500003 0.14172601406250002 0.4973356546875 0.1367456859375 0.554261065625 0.1422917578125 0.597767134375 0.17139166875 0.5235962296875
35 0.22288130156250002 0.3180121375 0.20737457343750001 0.38835689218749997 0.1874532609375 0.6160585375000001 0.19299933281249998 0.65956460625 0.2159008203125 0.64722794375 0.23076607500000001 0.6198479171875 0.24691427500000002 0.506538434375 0.241368203125 0.46303236718749996 0.2141278609375 0.4893297125 0.22288130156250002 0.3180121375
12 0.3527720921875 0.6330892593749999 0.333848528125 0.5866567859375 0.33531195937499997 0.489089975 0.355736228125 0.376899578125 0.368202103125 0.3657783609375 0.3673620734375 0.304645575 0.3369333984375 0.420031246875 0.3134863484375 0.597087196875 0.3395744515625 0.69299390625 0.3527720921875 0.6330892593749999
23 0.399829934375 0.3621737046875 0.3694579515625 0.459898484375 0.3594972953125 0.57374930625 0.3650433671875 0.6172553749999999 0.38794485624999997 0.6049187125000001 0.4046588 0.592040709375 0.4176753625 0.5501586625 0.4301261828125 0.4078451328125 0.41839256875 0.363797725 0.399829934375 0.3621737046875
26 0.4826067171875 0.627540834375 0.49313311718749997 0.6141214921875 0.49562328125 0.5856587875 0.482040975 0.5271093546875 0.4956990109375 0.44226257812499997 0.4926431046875 0.3702938046875 0.4740804703125 0.36866978437500003 0.44989603437500003 0.4669359046875 0.45110324999999996 0.5244026546875 0.44114259375 0.638253478125 0.45351768437500006 0.6393361578125 0.46532703125 0.5399873578125 0.4826067171875 0.627540834375
14 0.49200166875000007 0.6729471296875 0.5320246640625 0.6764486875 0.5331625625 0.600583315625 0.5120561421875001 0.6043636968749999 0.5163353265625 0.5484678374999999 0.5476328890625 0.5399518515625 0.5446352234375 0.48341934999999997 0.5200081484375 0.49251878437499996 0.5247759046875 0.4310386015625 0.5575305921875 0.41983664843749996 0.5609590765625 0.3666798375 0.5197232796875 0.3630721734375 0.49200166875000007 0.6729471296875
27 0.562336546875 0.6931681375000001 0.562951521875 0.6791544375 0.562403325 0.6775429843749999 0.5804281625 0.660988759375 0.5901650265625 0.605570384375 0.5810416890625001 0.5357707953124999 0.5860220171875 0.478845384375 0.608106803125 0.4214480140625 0.603154840625 0.387252584375 0.59527155625 0.3865628875 0.5803469921875 0.39651118125 0.5674593828125001 0.477221365625 0.5698738171875 0.5921548671875 0.567383653125 0.620617571875 0.550028234375 0.6764603046875 0.56162085625 0.67341095 0.562336546875 0.6931681375000001
28 0.6458048562500001 0.45850835625 0.67737245 0.404999809375 0.6795881328125 0.35173689375 0.6232756 0.40870749531249995 0.6114752171875 0.46675892656249995 0.6381744046875 0.440959684375 0.613889878125 0.683610965625 0.6245609609375 0.6873580421875001 0.6458048562500001 0.45850835625
18 0.6534243171874999 0.6926967375 0.667591584375 0.686745765625 0.6687195734375 0.6715268484375 0.6933833484374999 0.403587103125 0.679553828125 0.4080041328125 0.6534243171874999 0.6926967375
22 0.710980128125 0.5471389359375001 0.701019471875 0.6609897578124999 0.707207015625 0.6615310984375 0.7158847265625 0.6336097328125 0.727694071875 0.5342609328125 0.7387862140625 0.6212730703125 0.75181480625 0.6506615046875 0.7646929640625 0.6152125296875 0.7803260671875 0.46716421874999997 0.7772701609375 0.3951954453125 0.7642535968749999 0.43707749375000005 0.767950978125 0.46608153906250005 0.7561416328125 0.5654303390625001 0.7499540859375 0.5648889984375 0.7388619453125 0.47787686249999994 0.719786734375 0.4649809328125 0.710980128125 0.5471389359375001
5 0.86317858125 0.58913514375 0.8792510515625 0.61922186875 0.8753906671875 0.6670949578125 0.8523385359375 0.6791458031250001 0.8533991578125001 0.7298818781249999 0.8728128390625001 0.7175127390625 0.8752299375 0.7317918234375 0.8769312484375 0.7263136 0.88415565 0.705692665625 0.8928333578125001 0.6777712984375001 0.8978136859375001 0.6208458890624999 0.8885702359375 0.5483357734375 0.8805339999999999 0.5332924109375 0.9096230328124999 0.5214970890624999 0.9183007421875 0.4935757234375 0.9430509203125 0.4957410828125 0.956067484375 0.453859034375 0.95421879375 0.4393570109375 0.9356561593749999 0.437732990625 0.92697845 0.46565435624999996 0.8836656375 0.46186497656250003 0.8706490734375001 0.5037470265625 0.86317858125 0.58913514375