18 0.0892458828125 0.6053083531250001 0.07605106874999999 0.6542902484375 0.10233670312500001 0.6594299140625 0.0828223734375 0.3144462546875 0.1017033359375 0.3200823328125 0.091450603125 0.25550945 0.070366090625 0.2784954359375 0.0892458828125 0.6053083531250001
47 0.1383496984375 0.682415771875 0.15003901718749998 0.686336428125 0.14785210937499998 0.5219210640624999 0.1518186765625 0.4828239984375 0.1620347671875 0.495453428125 0.177818775 0.64207893125 0.19235831718750002 0.70217344375 0.20801974374999999 0.6921251828125 0.20771224375 0.6583500671875 0.1948334640625 0.6458136203125 0.173252778125 0.46043179062500006 0.1613942125 0.42621620625 0.14674033749999998 0.413741746875 0.14232083281250002 0.439868446875 0.1334451890625 0.440178390625 0.11359855625 0.406241575 0.117731225 0.4587704171875 0.1320086046875 0.5008306203124999 0.1382582109375 0.5525571140625 0.1383496984375 0.682415771875
37 0.21645967656249998 0.47623802968750006 0.2116238859375 0.5413378171875001 0.211564471875 0.6668728734375 0.226671278125 0.6923176984375 0.23700179375000002 0.6573272546875 0.242415959375 0.554477284375 0.26228813125 0.6434580515625 0.2806975390625 0.6350085156249999 0.2801537578125 0.5952180921875 0.266840325 0.59568300625 0.246423221875 0.508855096875 0.2328979140625 0.2819161515625 0.22460327812499997 0.2768320234375 0.23245415937499997 0.5016518578125 0.21645967656249998 0.47623802968750006
48 0.28264490000000003 0.3165647484375 0.2730577703125 0.3920156078125 0.2787939296875 0.580496290625 0.28625230625000003 0.642621203125 0.309895565625 0.6157959984375 0.3135425671875 0.533449865625 0.31164287812499997 0.45199887343749995 0.298609503125 0.33484993125 0.28264490000000003 0.3165647484375
47 0.32689713125000003 0.3814781671875 0.31284708906250003 0.38629747812500004 0.3136202625 0.4338865390625 0.33138983906249997 0.45923837812499996 0.33941454375 0.5109029031250001 0.34789210000000004 0.575537778125 0.355143625 0.579613203125 0.35852456250000003 0.549194115625 0.3564108625 0.48866566562499997 0.3653971296875 0.44102528281250003 0.38721516093749997 0.531227884375 0.40149690624999995 0.5125362546875001 0.38909971250000003 0.4831954921875 0.36625178593749996 0.3887612 0.35412790625 0.3978421046875 0.345005225 0.467420246875 0.32689713125000003 0.3814781671875
54 0.43597120624999997 0.4512574609375 0.43793393125 0.5074625296875 0.4259609453125 0.52086681875 0.407738515625 0.482544609375 0.4014706265625 0.4048463703125 0.3953354359375 0.3054998203125 0.386937528125 0.35017489999999996 0.396822371875 0.526213015625 0.41683834218750004 0.5904449609375 0.44051884374999994 0.6069328765625001 0.44712981406249996 0.5417710796875 0.47039402656249996 0.5972322828125 0.48208325781249994 0.601152740625 0.47271811093749994 0.5365488625 0.46146345312500003 0.51962704375 0.4507577859375 0.44208377343749994 0.438711590625 0.351601153125 0.43059091406250005 0.37352824375 0.43597120624999997 0.4512574609375
53 0.4708469625 0.61020265 0.48106305625 0.6228320796875 0.4951907875 0.518449259375 0.49907965781249997 0.5789155015625 0.5015136 0.674062665625 0.5134865046875 0.6606583781250001 0.509844740625 0.530923715625 0.49643974375 0.401529975 0.528524671875 0.37876585 0.52257710625 0.3356863203125 0.522275146875 0.3270393546875 0.49274190625000003 0.3456138015625 0.47211479843750004 0.1825980078125 0.46300057031249997 0.1819325765625 0.47551798281249996 0.31135729375 0.48359760781250005 0.44093698281249993 0.48454004062499995 0.5188211921875 0.4708469625 0.61020265
1 0.5714868703125 0.515696525 0.5928704140625001 0.43308174062499993 0.6101247937500001 0.659890465625 0.567279559375 0.71596535625 0.6154418328125 0.7047138984375 0.6517791015625 0.6766287640625 0.6213120046875 0.6594997984375001 0.5908886578125 0.2694148390625 0.5714868703125 0.515696525
0 0.663484603125 0.6554203281250001 0.680613621875 0.6115347640625 0.6808208328124999 0.4391068953125 0.643730178125 0.285762471875 0.6383353609375 0.44419075 0.645092828125 0.5868027921875 0.663484603125 0.6554203281250001
0 0.6992202703125 0.355490171875 0.69234398125 0.46394843906250005 0.704161425 0.649671009375 0.72138193125 0.735644265625 0.7388167906249999 0.70997514375 0.7442343375 0.62662811875 0.7316987265625 0.4712316703125 0.7119481453125001 0.3637030328125 0.6992202703125 0.355490171875
40 0.7787237874999999 0.8905105687500001 0.80173274375 0.9078999796874999 0.8321216937499999 0.81587426875 0.8232381859375 0.561483878125 0.8016983484375 0.4257893078125 0.7786893890625 0.4083998984375 0.7669457921875 0.4997744984375 0.7666705265625 0.5565848390625 0.7760173890625001 0.595217009375 0.7804001640625 0.5171468390625 0.7917802109375 0.462521459375 0.81704911875 0.5980858062500001 0.82339448125 0.779793228125 0.7787237874999999 0.8905105687500001