28 0.0704545453125 0.42622950781249996 0.0782235765625 0.42684147499999997 0.08624215468749999 0.42684147499999997 0.0853586859375 0.5167191796874999 0.08357680468749999 0.6195108203124999 0.0863636359375 0.6639344265625 0.0954545453125 0.6639344265625 0.09782448125 0.5617554421875 0.1 0.4672131140625 0.1 0.41803278749999995 0.13409090937499998 0.40983606562499997 0.13409090937499998 0.3770491796875 0.0977272734375 0.3770491796875 0.0586301046875 0.3818052125 0.05 0.40163934375 0.0522727265625 0.42622950781249996 0.0704545453125 0.42622950781249996
46 0.2613636359375 0.45901639375 0.225 0.4426229515625 0.215909090625 0.47540983593749997 0.21136363593750002 0.45901639375 0.2045454546875 0.4672131140625 0.20681818125 0.590163934375 0.21818181874999998 0.5819672125 0.21818181874999998 0.5163934421875 0.2227272734375 0.4836065578125 0.23409090937500002 0.45901639375 0.24545454531250002 0.4836065578125 0.24545454531250002 0.5655737703125 0.240909090625 0.5819672125 0.2477272734375 0.6065573765625001 0.2545454546875 0.59836065625 0.2545454546875 0.5163934421875 0.265909090625 0.47540983593749997 0.28409090937500003 0.47540983593749997 0.2863636359375 0.5819672125 0.2886363640625 0.590163934375 0.29545454531250004 0.5655737703125 0.29545454531250004 0.4836065578125 0.2886363640625 0.4426229515625 0.265909090625 0.4426229515625 0.2613636359375 0.45901639375
58 0.309090909375 0.4672131140625 0.309090909375 0.5163934421875 0.3045454546875 0.5327868859375 0.309090909375 0.5491803281250001 0.3113636359375 0.590163934375 0.34090909062499997 0.59836065625 0.34090909062499997 0.6967213109375 0.3454545453125 0.7131147546875 0.3454545453125 0.76229508125 0.34090909062499997 0.778688525 0.3386363640625 0.8196721312499999 0.32954545468749996 0.8360655734375 0.315909090625 0.8360655734375 0.2795454546875 0.770491803125 0.265909090625 0.721311475 0.2636363640625 0.729508196875 0.2636363640625 0.7459016390625 0.28409090937500003 0.8196721312499999 0.3022727265625 0.8524590156249999 0.315909090625 0.8524590156249999 0.3204545453125 0.868852459375 0.33181818125 0.8606557374999999 0.34318181875 0.8524590156249999 0.35 0.8278688531249999 0.35 0.7950819671875 0.3545454546875 0.778688525 0.35227272656249997 0.4426229515625 0.34090909062499997 0.450819671875 0.3386363640625 0.5573770484375 0.31818181874999996 0.5491803281250001 0.315909090625 0.45901639375 0.309090909375 0.4672131140625
36 0.36818181875 0.5 0.36818181875 0.5327868859375 0.378606009375 0.605020065625 0.41157128125 0.6082322453125 0.40889842343750005 0.5600486890624999 0.3919703 0.5793221140625 0.38181818125 0.5491803281250001 0.38181818125 0.4836065578125 0.3886363640625 0.45901639375 0.4045454546875 0.4344262296875 0.4045454546875 0.41803278749999995 0.39772727343750003 0.40983606562499997 0.3772727265625 0.450819671875 0.3679145765625 0.4701060984375 0.36818181875 0.5
42 0.4272727265625 0.4672131140625 0.41590909062500003 0.45901639375 0.41363636406250004 0.5819672125 0.425 0.6065573765625001 0.4272727265625 0.59836065625 0.43181818125 0.5819672125 0.4272727265625 0.5655737703125 0.4272727265625 0.4672131140625
42 0.41590909062500003 0.26229508125 0.4045454546875 0.3032786890625 0.4045454546875 0.352459015625 0.41136363593749997 0.3770491796875 0.43181818125 0.368852459375 0.45 0.31967213125 0.4454545453125 0.270491803125 0.41590909062500003 0.26229508125
47 0.45909090937499997 0.5327868859375 0.4704545453125 0.491803278125 0.484090909375 0.491803278125 0.4863636359375 0.5819672125 0.4954545453125 0.5819672125 0.5 0.5163934421875 0.48863636406250005 0.45901639375 0.465909090625 0.45901639375 0.45681818124999996 0.491803278125 0.4522727265625 0.47540983593749997 0.44090909062500006 0.4836065578125 0.4454545453125 0.5163934421875 0.4477272734375 0.590163934375 0.45909090937499997 0.5819672125 0.45909090937499997 0.5327868859375
49 0.640909090625 0.7459016390625 0.6454545453125 0.729508196875 0.6454545453125 0.59836065625 0.675 0.5737704921875 0.6954545453125001 0.5 0.6954545453125001 0.4672131140625 0.684090909375 0.40983606562499997 0.6522727265625 0.40983606562499997 0.6363636359375 0.4672131140625 0.6363636359375 0.7459016390625 0.640909090625 0.7459016390625
45 0.7113636359375 0.2950819671875 0.7045454546875 0.31967213125 0.709090909375 0.352459015625 0.709090909375 0.5 0.7045454546875 0.5163934421875 0.7045454546875 0.5819672125 0.7136363640625001 0.5819672125 0.71818181875 0.31967213125 0.7113636359375 0.2950819671875
54 0.7386363640625 0.3934426234375 0.7363636359375 0.5491803281250001 0.74318181875 0.5737704921875 0.7727272734375 0.5655737703125 0.78181818125 0.5327868859375 0.78181818125 0.4344262296875 0.7772727265625 0.40163934375 0.76818181875 0.40163934375 0.7727272734375 0.4344262296875 0.7727272734375 0.5163934421875 0.765909090625 0.54098360625 0.7477272734375 0.54098360625 0.7454545453125 0.40163934375 0.7386363640625 0.3934426234375
52 0.8772727265625001 0.41803278749999995 0.8704545453125 0.3934426234375 0.84318181875 0.3934426234375 0.825 0.42622950781249996 0.8136363640625 0.4672131140625 0.815909090625 0.508196721875 0.8477272734374999 0.508196721875 0.8545454546875 0.5327868859375 0.8522727265625001 0.5573770484375 0.8 0.5655737703125 0.80681818125 0.590163934375 0.85 0.5819672125 0.8636363640625 0.5655737703125 0.8636363640625 0.5 0.8568181812500001 0.47540983593749997 0.8272727265625001 0.4672131140625 0.84318181875 0.42622950781249996 0.8568181812500001 0.42622950781249996 0.8613636359375001 0.40983606562499997 0.865909090625 0.42622950781249996 0.875 0.42622950781249996 0.8772727265625001 0.41803278749999995