27 0.13117870781250002 0.0888888890625 0.076045628125 0.27777777812500004 0.117870721875 0.3888888890625 0.079847909375 0.522222221875 0.098859315625 0.522222221875 0.1254752859375 0.36666666718749996 0.091254753125 0.27777777812500004 0.13117870781250002 0.0888888890625
58 0.19771863125 0.522222221875 0.195817490625 0.2888888890625 0.1730038015625 0.377777778125 0.14448669218750002 0.322222221875 0.1501901140625 0.42222222187499997 0.19011406875 0.41111111093749997 0.1520912546875 0.6555555562500001 0.1520912546875 0.8333333328125001 0.1673003796875 0.8333333328125001 0.19771863125 0.522222221875
49 0.21895631875000002 0.7501530671875 0.2243346 0.8111111109375001 0.248820896875 0.49603164375000003 0.26601568124999997 0.4907375328125 0.2814004375 0.3901478890625 0.27946768125 0.3333333328125 0.26058575624999997 0.33191164375 0.24701095 0.41132460000000004 0.24144486718749997 0.35555555625 0.2298161671875 0.3742653109375 0.236151103125 0.5066201328125 0.21895631875000002 0.7501530671875
16 0.47528517187499997 0.5888888890625 0.48859315625 0.6 0.5004073874999999 0.5119142437499999 0.5152091249999999 0.377777778125 0.5176020875 0.39544199999999996 0.51398219375 0.5330912 0.5171102656250001 0.5888888890625 0.5239370265625001 0.5330912 0.5323193921875 0.6111111109375 0.52031705 0.241910221875 0.479087453125 0.522222221875 0.47416270312500003 0.4483838890625 0.47506771875 0.33720575625000004 0.489547540625 0.13073211093749998 0.47718631250000004 0.1111111109375 0.46511288593750005 0.13073211093749998 0.46387832656250005 0.322222221875 0.459682965625 0.45897235625 0.47528517187499997 0.5888888890625
34 0.615340703125 0.46956084374999996 0.5912547531250001 0.3111111109375 0.5646387828125 0.3333333328125 0.5519916578124999 0.3742653109375 0.5551330796875 0.5 0.5664713953125 0.564856378125 0.5893536125 0.54444444375 0.59995595 0.46956084374999996 0.615340703125 0.46956084374999996
55 0.6415853874999999 0.6125041328124999 0.6787072249999999 0.2888888890625 0.6444866921875 0.46666666718750005 0.6311787078125 0.36666666718749996 0.6349809890625 0.54444444375 0.6415853874999999 0.6125041328124999
42 0.69011406875 0.4 0.6777848171875 0.5701504890625 0.688212928125 0.5888888890625 0.69011406875 0.4
42 0.70532319375 0.1111111109375 0.702219471875 0.16779164375 0.7148288968750001 0.23333333281250002 0.70532319375 0.1111111109375
52 0.7566539921875 0.54444444375 0.7329890640625 0.4483838890625 0.756518703125 0.41661871093749997 0.7510887796875 0.33720575625000004 0.7420389625 0.3583827109375 0.7203192703125 0.44308977812499994 0.7376425859375 0.5666666671875 0.722433459375 0.6333333328124999 0.7338403046875001 0.6333333328124999 0.7566539921875 0.54444444375
48 0.8022813687499999 0.5888888890625 0.8008631859375 0.44308977812499994 0.7851711031249999 0.4 0.770093509375 0.45897235625 0.7782383953124999 0.5860330671875 0.8022813687499999 0.5888888890625
45 0.8325376234374999 0.1466146890625 0.827107703125 0.564856378125 0.8403041828125 0.6111111109375 0.8422053234375 0.1111111109375 0.8325376234374999 0.1466146890625