15 0.0540444796875 0.5331575453124999 0.0901318828125 0.5269732234375 0.09810677031250001 0.44663533437499997 0.0490683703125 0.48444325781249997 0.0367841796875 0.7906716421875 0.053344885937499996 0.6542546328125 0.0819237984375 0.6476768078124999 0.051278896875 0.6218440249999999 0.0540444796875 0.5331575453124999
38 0.10454499531250001 0.7293795671875001 0.10360514843749999 0.66496424375 0.12943192812499998 0.6306400515624999 0.1349496421875 0.569699940625 0.1126573625 0.5281537328125 0.0988956640625 0.5636264546875001 0.0855129421875 0.6822081171875001 0.089733953125 0.7555381375 0.10282422656250001 0.7793111796875001 0.1262577109375 0.776691503125 0.1327365828125 0.738552571875 0.10454499531250001 0.7293795671875001
57 0.1268860921875 0.7953936828125 0.1318622015625 0.8441079703125001 0.156775528125 0.6919775359375 0.1781730546875 0.7948035421874999 0.18051999218749998 0.6987307234375 0.1668492640625 0.6518402484375 0.190150134375 0.5491698546875 0.180142740625 0.5178626390625001 0.16291845 0.5900687578125 0.146388803125 0.512245896875 0.1433022625 0.5539865140625 0.139395796875 0.577292490625 0.15275348125 0.64725356875 0.1268860921875 0.7953936828125
48 0.20656939375 0.7834185406249999 0.218227528125 0.73148945 0.2208309140625 0.6549566203125 0.20398113750000002 0.5813933109375 0.187803196875 0.6452426734375 0.1848880453125 0.7661311015625001 0.20656939375 0.7834185406249999
39 0.234357134375 0.6630737328125 0.23223415468750003 0.7206800078125 0.26710373125000003 0.7058351765624999 0.25997781249999996 0.8067864890625 0.247399709375 0.8663142015625 0.2578183203125 0.883011384375 0.2726658796875 0.8382339984374999 0.2829648453125 0.6905152546875 0.292575190625 0.4583417140625 0.3112528390625 0.2900159453125 0.3252366078125 0.3138358140625 0.3331003515625 0.28346520000000003 0.3295489625 0.24864855624999999 0.31248231875 0.232362859375 0.297246209375 0.300825403125 0.281070890625 0.43849975468749997 0.2696361171875 0.6575143921875 0.234357134375 0.6630737328125
34 0.3407335953125 0.7533011843749999 0.3262813109375 0.6871305125 0.3215846359375 0.6360101484375 0.30626650781250003 0.6245162875 0.29514165625 0.63162880625 0.2893096328125 0.7429104453125001 0.3007019078125 0.78198576875 0.316831596875 0.7135700578125 0.33385260156249996 0.7991145890625 0.3407335953125 0.7533011843749999
52 0.350774478125 0.6536910890625001 0.343410521875 0.758287746875 0.354673259375 0.7588780015625 0.365558265625 0.6948437937499999 0.3634540109375 0.6275133578125 0.3424109203125 0.618714796875 0.3142172359375 0.763455034375 0.350774478125 0.6536910890625001
53 0.38339670625 0.8572903359374999 0.402722996875 0.6321868453125 0.431073896875 0.6195136531250001 0.437262496875 0.5698160109375 0.406099509375 0.5677591343749999 0.42643218281250006 0.2806607734375 0.41142002812499995 0.310656771875 0.395265390625 0.5676150359375 0.375696328125 0.5819809296875 0.3691056046875 0.63935304375 0.3914602578125 0.631596590625 0.3757148390625 0.8551780640625 0.38339670625 0.8572903359374999
13 0.610894803125 0.610794334375 0.5670098343750001 0.4066048359375 0.542385578125 0.7687155875 0.5649110562499999 0.7698960984375 0.5960223546875 0.7149974875 0.610894803125 0.610794334375
42 0.64148383125 0.3862811015625 0.6300765578124999 0.2807006875 0.6244008562500001 0.3530834875 0.64148383125 0.3862811015625
42 0.6321097578125 0.7088131640625 0.63243161875 0.5230916140625 0.6208470187499999 0.708222909375 0.6321097578125 0.7088131640625
47 0.69048944375 0.7441750484375 0.6954096765625 0.5425433203125001 0.6679438203125 0.5896290609375 0.65755706875 0.53136719375 0.650969653125 0.5644410671875 0.6584941078125001 0.616068621875 0.6543600796875 0.7120479609375 0.665082728125 0.7126099109374999 0.6689037124999999 0.6397011765625 0.6853688 0.5904706015625 0.67857513125 0.7287082890625001 0.6890966796875 0.7331074890625 0.69048944375 0.7441750484375
34 0.70819721875 0.6763909703125 0.714920640625 0.7190695781249999 0.7319209734375 0.685330003125 0.7379282500000001 0.593225125 0.7481136625 0.650288003125 0.740460634375 0.544904340625 0.7159054828125 0.5805991265625 0.70819721875 0.6763909703125
39 0.7652853000000001 0.5381297640625 0.768334971875 0.5718033265625 0.7936310140625 0.5719176328125 0.789243275 0.6344643921875 0.7821383140625 0.7187445343750001 0.77599298125 0.764807265625 0.7864115921875 0.78150445 0.8029824859374999 0.5774669140625 0.816385803125 0.5781693515625 0.8200948374999999 0.52449415 0.80430104375 0.535209946875 0.8277846 0.1555049796875 0.8345080328125001 0.1981834109375 0.8431761078125 0.1524636625 0.84695145 0.14881374687499999 0.8333609187500001 0.0652380328125 0.8157661656249999 0.1625706828125 0.7961634 0.5235968484375 0.7652853000000001 0.5381297640625
38 0.8312860093750001 0.5674067265625 0.8544292265625 0.553228325 0.8587637265625 0.4784240921875 0.8402256921875001 0.43707463906250005 0.825277834375 0.49398304531250004 0.8221927843750001 0.655430440625 0.8302120015625001 0.69048121875 0.83903554375 0.7101828796875 0.8454023953125 0.6912773125 0.83253608125 0.6290377265625 0.8312860093750001 0.5674067265625
57 0.85483215625 0.7689390515625 0.8797454828125 0.61680861875 0.8903086296874999 0.7384959609374999 0.8967143453125 0.7209012593749999 0.88083364375 0.5623078625 0.90864625625 0.42450924062500006 0.8984167796874999 0.3977723265625 0.88565438125 0.504060121875 0.8685271953125 0.4039016046875 0.8584741671874999 0.4418530453125 0.8714959531250001 0.569514040625 0.8444631843750001 0.7604891234375 0.85483215625 0.7689390515625