28 0.149543078125 0.46826887656249994 0.1861005890625 0.6755968234374999 0.19992310156249998 0.7132421718749999 0.1999609171875 0.6998746265625 0.20003654843750002 0.6731395390625 0.18625185 0.6221266453125 0.1588337171875 0.4666306859375 0.1589471640625 0.42652805312500003 0.168162171875 0.45162494999999997 0.19138877031249998 0.44752947499999995 0.186856896875 0.4082459359375 0.140441515625 0.40306934375000003 0.13122650625 0.3779724453125 0.10792427812500001 0.40880300937499997 0.11706365625 0.460634996875 0.130999615625 0.45817771250000006 0.1357205671875 0.43062352812500004 0.149543078125 0.46826887656249994
34 0.2145845765625 0.6750801234375 0.23220697812500002 0.697437528125 0.2399029203125 0.6477206718749999 0.260497809375 0.6975419625 0.2307229578125 0.590747734375 0.2143884765625 0.523639265625 0.19116187812500002 0.5277347406249999 0.19104843124999998 0.5678373750000001 0.20018780937499997 0.6196693609375 0.2145845765625 0.6750801234375
35 0.2745885546875 0.57982875 0.26080385625 0.5288158562499999 0.24698134375 0.491170509375 0.2376907046875 0.4928087 0.2238681921875 0.455163353125 0.201368703125 0.3259984640625 0.19689184531249998 0.3471594765625 0.23519976874999998 0.569586490625 0.25113506406249997 0.6641294921875 0.2696028953125 0.70095574375 0.288221990625 0.68431181875 0.2882976203125 0.6575767296875 0.2745885546875 0.57982875
26 0.32153335 0.397859721875 0.29366143125 0.40277429218750005 0.33932050468749997 0.675301771875 0.3532186484375 0.68621203125 0.3441549015625 0.6076449546875 0.371799928125 0.68293565 0.3764830609375 0.668749009375 0.3442683484375 0.567542321875 0.34441960781250003 0.51407214375 0.33535586093749997 0.43550506875000006 0.32153335 0.397859721875
10 0.3633034109375 0.4038554078125 0.3540505859375 0.3921260546875 0.35745242187500004 0.47672922343749996 0.362849625 0.564265940625 0.3718377421875 0.6695681046875 0.381090565625 0.681297459375 0.37655869218750004 0.6420139218750001 0.37674776875 0.5751762 0.390683728125 0.5727189140625 0.40900030000000004 0.6630153437499999 0.41829093906250003 0.661377153125 0.3770881078125 0.45486829999999995 0.3633034109375 0.4038554078125
21 0.4321890828125 0.6722874125 0.427846284375 0.566166153125 0.44159316718749997 0.6305465890625 0.45541567968749996 0.6681919374999999 0.4511485140625 0.5353355875 0.469465084375 0.62563201875 0.48328759843749997 0.6632773656250001 0.4879707328125 0.649090725 0.4788313546875 0.5972587375 0.469616346875 0.572161840625 0.43759070937500005 0.4041174296875 0.42830006875000004 0.4057556203125 0.4281866234375 0.44585825312500005 0.4373260015625 0.497690240625 0.4372125546875 0.5377928734374999 0.4233900421875 0.500147525 0.4050734703125 0.40985109687500004 0.4004281515625 0.41067019218749995 0.4003147046875 0.45077282500000004 0.4094540828125 0.5026048109375 0.4184422 0.607906975 0.4321890828125 0.6722874125
23 0.4561341703125 0.4142085953125 0.4744129265625 0.51787256875 0.47890698593750003 0.5705236499999999 0.5065141953125 0.659181890625 0.5251332890625 0.6425379640625 0.5252089203125 0.6158028765625 0.48865140937499996 0.40847492812499997 0.4701835765625 0.3716486765625 0.45624761718749995 0.37410596093750004 0.4561341703125 0.4142085953125
26 0.5947374515625 0.6569866249999999 0.5901677624999999 0.63107063125 0.548662409375 0.5315021343749999 0.5440927203125 0.505586140625 0.5397499234375001 0.39946488125 0.5259274109375001 0.36181953437500003 0.516636771875 0.3634577234375 0.509819175 0.3632830109375 0.49805549375 0.3667341046875 0.4979420484375 0.40683673750000005 0.5436389375 0.665996671875 0.5575748953125 0.6635393859375001 0.5393339562499999 0.54650786875 0.585408996875 0.6719923609375 0.5947374515625 0.6569866249999999
18 0.57204026875 0.47393647968749997 0.599458403125 0.6294324421875 0.6133943625 0.62697515625 0.5996096640624999 0.5759622640625001 0.563052153125 0.368634315625 0.5537993296875 0.3569049625 0.5536858828125 0.39700759531249996 0.5628252609375 0.44883958125 0.57204026875 0.47393647968749997
20 0.618342203125 0.51921570625 0.6091271953125 0.4941188078125 0.58627875 0.3645388390625 0.5770259265625 0.35280948749999996 0.6226849999999999 0.6253369656250001 0.6365075124999999 0.6629823140625 0.636545328125 0.64961476875 0.6598097421875 0.6321517484375 0.65527786875 0.5928682109375 0.62748158125 0.5710476921875001 0.618342203125 0.51921570625
2 0.715818284375 0.5287497953125 0.70683016875 0.42344763125 0.6931211015625001 0.34569964999999997 0.6792985890625001 0.308054303125 0.6792229578125 0.3347893921875 0.6606416796875 0.3380657734375 0.6697810578125 0.38989775937500004 0.6883623359375 0.38662137812499997 0.6975395296875 0.42508582187500005 0.6974260828125 0.46518845468750003 0.688097628125 0.48019419062499996 0.7017310640625001 0.584677259375 0.7388936203124999 0.5781244984375 0.715818284375 0.5287497953125
5 0.78066368125 0.584120184375 0.7898786906249999 0.609217084375 0.7945618249999999 0.59503044375 0.799282775 0.5674762609374999 0.7856493390625 0.4629931921875 0.771826828125 0.42534784375 0.7532833640625001 0.4152566796875 0.7533968109375 0.375154046875 0.785914046875 0.3694203796875 0.77677466875 0.31758839375000003 0.7302836578125 0.3391468890625 0.753132103125 0.4687268578125 0.7716755656250001 0.4788180203125 0.780852759375 0.5172824625 0.7622336640625 0.5339263890625 0.7667655390625 0.5732099265625 0.78066368125 0.584120184375
46 0.8229253421875 0.416337796875 0.845811603125 0.53255021875 0.8551022406250001 0.530912028125 0.8505703671875 0.49162849218750004 0.8597853750000001 0.516725390625 0.869076015625 0.5150872 0.8645441421875001 0.4758036625 0.8692272765625001 0.461617021875 0.8830119734374999 0.5126299140625 0.8831254203125001 0.47252728125 0.855518209375 0.383869040625 0.82764629375 0.38878361250000004 0.818431284375 0.3636867140625 0.8044953250000001 0.36614399999999997 0.8135968874999999 0.43134353125 0.8228497125 0.443072884375 0.8229253421875 0.416337796875
40 0.984187990625 0.8555335171875 0.9763620062499999 0.8131883249999999 0.9580722250000001 0.709461815625 0.9232480921875 0.506792378125 0.9058971343750001 0.38252849375000003 0.8928320281250001 0.323846103125 0.8742507500000001 0.3271224828125 0.8731158796875 0.4086805765625 0.8852955484375 0.48292688281249996 0.9063142031250001 0.48179935 0.9200610859375 0.5461797859375 0.9196073 0.7065903171875 0.9241769890624999 0.7325063125 0.9748595359375001 0.8705392515625 0.984187990625 0.8555335171875