15 0.12764757499999999 0.330010365625 0.0966846140625 0.443835759375 0.073774265625 0.6618131593750001 0.092443440625 0.5398085953125 0.11986754687500001 0.501368728125 0.10468270937499999 0.49288569375 0.11111261562500001 0.41780403125000004 0.1478849390625 0.3321373984375 0.12764757499999999 0.330010365625
54 0.107710053125 0.6309447406250001 0.135134159375 0.592504871875 0.13880930625000001 0.6548745328125001 0.142975321875 0.628702228125 0.1495076453125 0.5113710703125001 0.1163559515625 0.6043052890625 0.1328636515625 0.4889605875 0.11986754687500001 0.501368728125 0.107710053125 0.6309447406250001
47 0.2046092765625 0.5140621453125 0.192760415625 0.48358146093750004 0.1814126015625 0.524153521875 0.178313925 0.48623950000000005 0.1508052171875 0.571054353125 0.14997407812500002 0.6210847937499999 0.168739890625 0.552057078125 0.1508869765625 0.6629457015625 0.1600862421875 0.668088996875 0.1727291984375 0.6067705796875 0.1871185796875 0.5428723109375 0.17061775625 0.69425479375 0.183731996875 0.670574265625 0.2046092765625 0.5140621453125
48 0.1923073984375 0.67427149375 0.20243970937500003 0.6891105296875 0.22980930000000002 0.5955685875000001 0.23188899843750002 0.5062556125000001 0.20233067500000002 0.57890638125 0.1923073984375 0.67427149375
53 0.29203761093749997 0.35619198281250003 0.27418461875 0.4670805984375 0.26717104687500004 0.4579904078125 0.260613925 0.46983067343749996 0.2663398265625 0.508020840625 0.2393321421875 0.6638886296875001 0.244601671875 0.6811483515625001 0.2742291921875 0.5172030796875 0.284326540625 0.547499671875 0.293481215625 0.5025206765625 0.283383884375 0.47222389375 0.2999120796875 0.348666603125 0.29203761093749997 0.35619198281250003
42 0.31127026562500004 0.390632146875 0.3019493078125 0.4654099484375 0.3106224625 0.4663215328125 0.3221321546875 0.41243490625 0.31127026562500004 0.390632146875
42 0.290466875 0.5468476109375 0.28343590937499996 0.530700190625 0.25337420625 0.698776434375 0.2656126515625 0.67500385625 0.290466875 0.5468476109375
45 0.32713516875000004 0.4350575734375 0.2875142859375 0.6856586499999999 0.29324026718749996 0.7238488125 0.3459628890625 0.3942784890625 0.32713516875000004 0.4350575734375
49 0.3938793671875 0.650896878125 0.40787679375 0.635662015625 0.42097619843749995 0.5952740546874999 0.4322942765625 0.5212869437500001 0.43356713124999996 0.475479340625 0.42696686250000004 0.45788869375 0.40467413125 0.48079559843749997 0.3815759015625 0.5977458140625 0.3497904390625 0.8007927499999999 0.35593568593749997 0.8181445015625 0.3829285296875 0.6455692921875 0.3938793671875 0.650896878125
45 0.4741974546875 0.375337753125 0.4292918890625 0.616535053125 0.430778303125 0.6580135375 0.47892402343749996 0.38070509375 0.4741974546875 0.375337753125
54 0.504504396875 0.48293514843749996 0.47220489531250004 0.59648198125 0.4883063765625 0.4854092890625 0.4786803375 0.49275037812500005 0.4481518734375 0.687387746875 0.45215886093749996 0.702963490625 0.47660608125000004 0.62200346875 0.4731550203125 0.680111371875 0.47359655468749995 0.6843343859375 0.4863063703125 0.6981997 0.49108969374999994 0.6611140953125 0.484046384375 0.6186088578125 0.504975684375 0.520573034375 0.504504396875 0.48293514843749996
52 0.491546165625 0.6820443593750001 0.515293871875 0.61868718125 0.5033727171875 0.6874639859375 0.49303132656250004 0.760975196875 0.5045955328125 0.76219064375 0.5391381156249999 0.5325166828125 0.53255125625 0.5109418984375 0.510723871875 0.5838244359375 0.494570428125 0.6364210453125 0.491546165625 0.6820443593750001
5 0.722665521875 0.5784994328125 0.727976090625 0.5482407921875 0.7077739625 0.4792936140625 0.6735721546875 0.62843585625 0.679436034375 0.7116966921875 0.6606850843750001 0.7510481453125 0.6708173953125 0.7658871796875 0.7011052953125 0.7002001375 0.6837044671875 0.6432748921875 0.706935353125 0.5209704296875 0.722665521875 0.5784994328125
0 0.761626578125 0.5137239765625 0.7485232515625 0.512812034375 0.7284177234375 0.5524636234375 0.712279115625 0.6217676625 0.7054555031249999 0.7144314484375001 0.713266346875 0.7471659109375001 0.727152021875 0.7304859296874999 0.7408196296875 0.7124735265625 0.760303715625 0.6375517109375 0.7678421546875 0.5733131703125001 0.761626578125 0.5137239765625
0 0.808640246875 0.5531005265625 0.7941849859375 0.5515812171875 0.75746718125 0.6923499234375 0.759683171875 0.740792134375 0.7791909593749999 0.7359554421875 0.8051286515625 0.6560370890625 0.808640246875 0.5531005265625
46 0.850171809375 0.5903193984375 0.8515263421875 0.6364031359375 0.842393959375 0.7064433671875 0.85160804375 0.7282942859375 0.86297695 0.6896653609375 0.8581057515625 0.64962410625 0.8645737234374999 0.537538890625 0.8532036218749999 0.5530497046875 0.8435552749999999 0.5353297625 0.8295727046874999 0.5672718671875 0.8247374171875 0.5458813734375 0.8190932171875 0.599582353125 0.8020937328125 0.6855017703125 0.805626490625 0.7192850015625 0.8248042796874999 0.6210650890625 0.836146128125 0.5973137687500001 0.8196239171874999 0.7040501390625 0.829264796875 0.71341646875 0.850171809375 0.5903193984375
40 0.8629633265625 0.6960758499999999 0.8529536734375001 0.7850304734375 0.8616268296875 0.7859420593750001 0.878263325 0.6684486234375 0.9018273000000001 0.5790427375 0.91123170625 0.5225610656249999 0.8939082734375001 0.53644545625 0.8769013203125 0.6140112625 0.8629633265625 0.6960758499999999