21 0.060396421874999995 0.375563334375 0.0756300890625 0.499631603125 0.07405058437499999 0.5208153296875 0.08166741875 0.5828494640625 0.0792981625 0.6146250546875 0.06011573437499999 0.5435161015625 0.0550378453125 0.5021600125 0.048380453125 0.4819876484375 0.034106225000000004 0.399781153125 0.024120134374999998 0.3695226078125 0.0200016859375 0.370028290625 0.0268287671875 0.4426542890625 0.0252492625 0.4638380140625 0.0480997640625 0.64994041875 0.0563366640625 0.6489290546875 0.03681485625 0.4729128328125 0.0468009484375 0.5031713765625 0.0518788375 0.544527465625 0.0702715125 0.6262282828125 0.08691499531249999 0.6766591890625 0.08770474843750001 0.666067325 0.0908637578125 0.623699871875 0.08578586875000001 0.5823437828125 0.08815512343750001 0.5505681921875001 0.1057580484375 0.6428608703124999 0.11399494531250001 0.6418495078124999 0.1073375515625 0.6216771453125001 0.0997207171875 0.5596430109375 0.093063325 0.539470646875 0.0803686015625 0.43608042343750003 0.0737112078125 0.41590805937499997 0.06863331875 0.3745519703125 0.060396421874999995 0.375563334375
58 0.2164978375 1 0.19450372968750002 0.8208723640625 0.1878463359375 0.8007000015625 0.1776905578125 0.717987821875 0.1808495671875 0.67562036875 0.16341633125 0.6357813234374999 0.15833844218749998 0.594425234375 0.15168104843750002 0.574252871875 0.14152526875 0.4915406921875 0.1315391796875 0.4612821484375 0.1291699234375 0.49305773906250006 0.133458059375 0.545005690625 0.12933961249999998 0.5455113734375 0.11602482343750001 0.505166646875 0.11111662343749999 0.5162641921875 0.1161945140625 0.5576202828125 0.139495390625 0.6282235515625 0.1551794328125 0.6367926875000001 0.162796265625 0.698826821875 0.154898746875 0.80474545625 0.165054525 0.8874576359375 0.1742508640625 0.9283080437500001 0.197911034375 1 0.2164978375 1
52 0.2112582109375 0.6508968671875001 0.20618032187500002 0.609540778125 0.1928655359375 0.569196053125 0.1801708125 0.465805828125 0.16860521875 0.45673101093749996 0.1805101890625 0.5707130984375001 0.1938249765625 0.6110578249999999 0.1963639203125 0.63173586875 0.1914557203125 0.6428334140625 0.1932049125 0.6741033234375 0.20967870624999999 0.6720805953125 0.2112582109375 0.6508968671875001
54 0.21599672343749998 0.5873456874999999 0.24183654531249998 0.6786270015625 0.2549816453125 0.6665180937499999 0.256561146875 0.645334365625 0.236249590625 0.479910009375 0.2262635015625 0.44965146406249995 0.22389424375 0.4814270546875 0.24228692187499998 0.56312786875 0.24070741718750002 0.5843115953125 0.24578530625 0.6256676859375 0.2408771046875 0.63676523125 0.2242336203125 0.5863343234375 0.213288090625 0.5142140078125 0.208379890625 0.525311553125 0.21599672343749998 0.5873456874999999
45 0.2296150515625 0.26739359375 0.2217784515625 0.2548058296875 0.2750929546875 0.6231418843750001 0.3028537203125 0.6320895171875 0.300071409375 0.57039185625 0.27957597500000003 0.5864583359375 0.2381297734375 0.2708647 0.2296150515625 0.26739359375
42 0.295681278125 0.47608113124999996 0.318364090625 0.6900954796875001 0.333076396875 0.69280561875 0.30193508125 0.4391799484375 0.295681278125 0.47608113124999996
42 0.3051255578125 0.2661820015625 0.3066622484375 0.316649821875 0.33160395 0.3587538640625 0.3051255578125 0.2661820015625
47 0.3596920546875 0.6851459546875 0.3720474015625 0.6836289078125 0.37091827187500004 0.5893135015625 0.374867034375 0.536354184375 0.398167909375 0.6069574546875 0.4032457984375 0.6483135453125 0.4132318890625 0.6785720890625 0.41814008906250005 0.66747454375 0.39720846875000004 0.5650956828125 0.3739075921875 0.4944924140625 0.3656706953125 0.4955037765625 0.361721934375 0.54846309375 0.3628510640625 0.6427785 0.3528649734375 0.61251995625 0.3452481390625 0.550485821875 0.3360518015625 0.5096354125 0.33272310625 0.49954923281249997 0.33035384843750004 0.5313248234375 0.3354317375 0.5726809109375 0.3596920546875 0.6851459546875
3 0.47083148125 0.398632503125 0.474160178125 0.408718684375 0.4751196203125 0.45058045625 0.48510570937499997 0.48083900156250003 0.5033286968749999 0.5100861812499999 0.5084065859375 0.5514422703124999 0.4993799375 0.5630454984375 0.4970106796875 0.5948210890625 0.5003393765624999 0.6049072703125 0.5176029234375 0.5922926796875 0.51568404375 0.5085691359375 0.5031590078125 0.4576325453125 0.49159341406249996 0.4485577296875 0.486515525 0.40720163906250006 0.48809502968749996 0.3860179125 0.48222738749999994 0.35525368749999997 0.45751669531249994 0.358287778125 0.455937190625 0.3794715046875 0.44691054062499996 0.3910747328125 0.4527781828125 0.42183895781249997 0.458476134375 0.4001495484375 0.47083148125 0.398632503125
0 0.5234118750000001 0.3501968671875 0.5069380796875 0.35221959531249997 0.506148328125 0.3628114578125 0.5128057218750001 0.382983821875 0.530578334375 0.5277301343749999 0.5472218171875001 0.5781610421875001 0.5644853640624999 0.5655464515624999 0.5651054281250001 0.502500953125 0.5508312 0.4202944546875 0.5234118750000001 0.3501968671875
7 0.6284616625 0.47373199687499995 0.6194350140625 0.48533522500000004 0.6113678046875 0.538800221875 0.6229333984375 0.5478750406249999 0.6286313531250001 0.5261856328125 0.6386174421875 0.5564441765625 0.64369533125 0.597800265625 0.642115828125 0.61898399375 0.6521019171875 0.6492425374999999 0.6570101187499999 0.6381449921875 0.646854340625 0.5554328125 0.6500133484374999 0.513065359375 0.6433559546875001 0.49289299687500004 0.6306612312500001 0.38950277187500004 0.611478803125 0.31839381875 0.5950050078125 0.320416546875 0.5926357515625 0.3521921375 0.595174696875 0.3728701828125 0.606740290625 0.381945 0.6083197953124999 0.3607612734375 0.618305884375 0.3910198171875 0.6284616625 0.47373199687499995
0 0.6820014984375 0.46715813125 0.654582171875 0.39706054375 0.6381083765625 0.39908327187500003 0.6398575703125 0.43035317968750003 0.633819703125 0.4119795984375 0.639151375 0.47004140625 0.6525522921875 0.533743403125 0.6691957765625001 0.5841743109374999 0.6905777718749999 0.5710540375 0.6921572765625 0.5498703125 0.6820014984375 0.46715813125
24 0.803016015625 0.4313096296875 0.7928602375 0.34859745000000003 0.7762167546875001 0.2981665421875 0.759742959375 0.3001892703125 0.7557941984375 0.3531485875 0.7888004796875 0.6219631703124999 0.7929189265625001 0.6214574890625 0.7868815984374999 0.538239628125 0.7974877515625 0.5054526734375 0.803016015625 0.4313096296875
15 0.8338750359375 0.29108699531250004 0.821519690625 0.292604040625 0.8052155843750001 0.3470804046875 0.8061750234374999 0.388942175 0.818869746875 0.4923324 0.825527140625 0.5125047625 0.8356829203125 0.5952169421875 0.8439198171875001 0.5942055796875 0.8370927359375001 0.5215795812499999 0.8708300765624999 0.5069422609374999 0.8608439859375 0.4766837171875 0.8328045984375001 0.469631628125 0.820109875 0.366241403125 0.8224791296875 0.3344658140625 0.8389529265625001 0.3324430859375 0.8481492625 0.37329349375 0.8563861609375 0.37228212968749996 0.8546369687500001 0.341012221875 0.844650878125 0.310753678125 0.8338750359375 0.29108699531250004