28 0.1584422875 0.410301825 0.1619544734375 0.652872275 0.16985683437500002 0.647818575 0.16722271718749998 0.40524812499999996 0.183905509375 0.4153553 0.18214937343749998 0.36987332500000003 0.1654666609375 0.3496592 0.1427316390625 0.388888875 0.1584422875 0.410301825
34 0.1733690265625 0.5619083500000001 0.17863726562499999 0.668032925 0.194441990625 0.6730864000000001 0.2041004046875 0.5972831249999999 0.20849058281250002 0.7034077 0.218149078125 0.65792575 0.20465522187500002 0.45707069999999994 0.1812713875 0.46083725 0.1733690265625 0.5619083500000001
35 0.253270634375 0.5972831249999999 0.24624633906249999 0.5012657500000001 0.22868556093749998 0.566961825 0.2304416125 0.379980525 0.22046549999999998 0.38131312500000003 0.22253925156249998 0.723621825 0.24097809531249997 0.71856835 0.253270634375 0.5972831249999999
28 0.33844056562499997 0.40019465 0.3603916 0.379980525 0.3674158953125 0.6629792250000001 0.377952378125 0.6629792250000001 0.3735622046875 0.39008747499999996 0.396391221875 0.3496592 0.39551315625 0.2839629 0.34299514375 0.328282825 0.33844056562499997 0.40019465
18 0.40604963906249997 0.420408775 0.385155878125 0.41161614999999996 0.392879034375 0.6427651 0.38146456562500003 0.668032925 0.3858547390625 0.71856835 0.4104398953125 0.7084611749999999 0.4104398953125 0.693300525 0.399903409375 0.6629792250000001 0.39902534375 0.46083725 0.40604963906249997 0.46589072500000006 0.40604963906249997 0.420408775
11 0.45652173906250004 0.6875 0.46400029531250003 0.622550975 0.444683465625 0.5972831249999999 0.46048818750000003 0.5619083500000001 0.46086956562500003 0.4875 0.45434782656249995 0.45 0.436956521875 0.45 0.43043478281249997 0.4875 0.434782609375 0.6875 0.4481955703125 0.71856835 0.45652173906250004 0.6875
23 0.5086956515625001 0.5125 0.4978260875 0.45 0.484782609375 0.45 0.47608695624999997 0.475 0.47391304375 0.6375 0.48043478281249996 0.675 0.5 0.6625 0.5086956515625001 0.6125 0.5086956515625001 0.5125
22 0.5456521734375 0.625 0.55 0.625 0.5586956515625 0.675 0.560869565625 0.6625 0.565217390625 0.6375 0.563043478125 0.45 0.5565217390625 0.4875 0.5543478265624999 0.6 0.5326086953125 0.475 0.5217391296875 0.4875 0.52391304375 0.65 0.5326086953125 0.525 0.5434782609375 0.5875 0.5456521734375 0.625
23 0.6021739125 0.425 0.586956521875 0.4875 0.5826086953125 0.5875 0.589130434375 0.65 0.6043478265625 0.6375 0.613043478125 0.5625 0.613043478125 0.4875 0.6021739125 0.425
26 0.636956521875 0.6 0.6413043484375 0.6 0.6586956515625 0.675 0.6695652171875001 0.6625 0.6521739125 0.5875 0.6521739125 0.5625 0.660869565625 0.5125 0.660869565625 0.4625 0.6543478265625 0.425 0.636956521875 0.425 0.62608695625 0.4875 0.62608695625 0.6375 0.6326086953125001 0.675 0.636956521875 0.6
2 0.7673913046874999 0.5 0.7695652171875 0.5375 0.763043478125 0.575 0.7586956515625001 0.55 0.7565217390625001 0.5625 0.7565217390625001 0.6375 0.763043478125 0.65 0.77608695625 0.75 0.7782608703125 0.7375 0.7826086953125 0.7125 0.77391304375 0.6375 0.77391304375 0.5875 0.7782608703125 0.5625 0.7782608703125 0.4375 0.7717391296875 0.4 0.7673913046874999 0.4 0.760869565625 0.4375 0.760869565625 0.4875 0.7673913046874999 0.5
5 0.82608695625 0.5625 0.8434782609375 0.6625 0.8369565218749999 0.7 0.8217391296875001 0.7375 0.8347826093749999 0.7375 0.8478260875 0.6875 0.8478260875 0.6375 0.8347826093749999 0.5625 0.8347826093749999 0.4625 0.8543478265625 0.45 0.8608695656249999 0.4125 0.8586956515624999 0.4 0.8369565218749999 0.4 0.82608695625 0.4375 0.82608695625 0.5625