26 0 0.75560869375 0.0034020296875 0.7573531874999999 0.015295629687500001 0.704480296875 0.0473583234375 0.7430766640625001 0.0537427390625 0.7167016421875 0.0206255734375 0.6651544031250001 0.07516395625 0.500085609375 0.06962173125 0.452801484375 0.028941403124999997 0.5068766578125 0 0.7118843078125 0 0.75560869375
48 0.0745178546875 0.7524517000000001 0.10416228593750002 0.690181928125 0.1162345109375 0.5959412296875 0.1104296671875 0.561035015625 0.08728788125 0.5748691421875 0.06526463125000001 0.6448536046875 0.05427728125 0.7230326625 0.0745178546875 0.7524517000000001
45 0.1239948796875 0.794755596875 0.153412771875 0.7886629171874999 0.165131734375 0.75189944375 0.1343501875 0.76552965625 0.129401065625 0.733590621875 0.1716163390625 0.6066515421875 0.1935910390625 0.4502934265625 0.1830506046875 0.38901964375000003 0.15509425 0.471859403125 0.12573354375 0.6109123046875 0.11782993281250001 0.7052543203125 0.10423117343749999 0.7067522765625001 0.0955620890625 0.7430331453125001 0.10506110312500001 0.7580043640625 0.1190653078125 0.7599725265624999 0.1239948796875 0.794755596875
34 0.1822053203125 0.7542989812500001 0.19715140312499999 0.7098942984375001 0.2113542859375 0.745108396875 0.2152159203125 0.6061354609375 0.1981423328125 0.603735925 0.17611908437499998 0.6737203859374999 0.165131734375 0.75189944375 0.1822053203125 0.7542989812500001
36 0.28667188125 0.6914842796875 0.24023770937500002 0.73609384375 0.2252608875 0.72048843125 0.24386942031249997 0.6500240640625 0.25990352968749997 0.6722083171875 0.27009913281250003 0.587274384375 0.24408697968749998 0.60709161875 0.220280840625 0.66851740625 0.21122528593749998 0.7456524734375 0.2171589546875 0.7669405874999999 0.23278484375000003 0.7827727234374999 0.28172759375 0.7151371046875 0.28667188125 0.6914842796875
21 0.3821588421875 0.742403325 0.3927263296875 0.7370705328125 0.42522793906249995 0.5439144671875 0.444249725 0.6117496546875001 0.46889594375000004 0.535490225 0.45454242499999997 0.6995630312500001 0.46453884375000004 0.7275423453125 0.48699232812500004 0.4537331125 0.449265434375 0.55070185625 0.4290319046875 0.4660414984375 0.3821588421875 0.742403325
13 0.5211275093750001 0.4585305 0.48319592499999997 0.7434516328125 0.4950235703125 0.758401103125 0.5252120125 0.7294258015625 0.5517091781250001 0.6537340765625 0.5541488609375 0.5347609875 0.545847125 0.485867784375 0.5356014765625 0.457155559375 0.5211275093750001 0.4585305
28 0.6428532031249999 0.4688198265625 0.6607638671875 0.47474598593749995 0.664245840625 0.43091799843749995 0.62923545 0.425997609375 0.6085701140625 0.4333203671875 0.5869652765625 0.44732921875000003 0.5797891265625 0.5110921984375 0.592300315625 0.48557823906250003 0.59994241875 0.5074023890625 0.580160984375 0.749776534375 0.5908833921875 0.7452989140625 0.6104343046875 0.482302515625 0.6428532031249999 0.4688198265625
1 0.705085621875 0.7792374609375 0.7169802062499999 0.789595075 0.720608965625 0.7132384640625 0.7551396484375 0.456134309375 0.7429937890625 0.477752384375 0.705085621875 0.7792374609375
0 0.804033721875 0.529441946875 0.7628093796875001 0.5502226546875 0.749446790625 0.6081370859375 0.745288875 0.687275959375 0.7618669984374999 0.7427546828125 0.8004198203125 0.6418752890625 0.804033721875 0.529441946875
46 0.8345932875000001 0.569033596875 0.8179181015625 0.6178255140625 0.8125830828125 0.5795763390625 0.8053233000000001 0.6058283359375001 0.8002840953125 0.628983278125 0.8035919015624999 0.64990235 0.7955403828125001 0.7135423046875 0.807858525 0.7084555499999999 0.8163154296874999 0.6482815468750001 0.8288910749999999 0.615958528125 0.8229954968750001 0.6833106203125 0.8336273625 0.6711687578125 0.8486165874999999 0.6153217890625 0.84413049375 0.6726448765625 0.8568540468749999 0.671023915625 0.8577102375000001 0.6268269140625 0.859165 0.565668809375 0.839928325 0.6072826171875 0.8345932875000001 0.569033596875
40 0.8973926390625 0.69376645625 0.9030605296875001 0.5433592578125 0.88461208125 0.5624270609375001 0.8657163171875 0.6143160203125 0.854035078125 0.6910819265625 0.8657545093750001 0.7029560671875 0.8890264515625 0.6516822984374999 0.8500832624999999 0.7382530046875 0.84822295 0.7959451234375 0.8607533187499999 0.814751203125 0.8724737171875001 0.7981610578125 0.8880605265625 0.7538174578125 0.8973926390625 0.69376645625