28 0.0976253296875 0.6209677421875 0.0897097625 0.411290321875 0.11345646406250001 0.36290322656249996 0.0593667546875 0.354838709375 0.08443271718749999 0.411290321875 0.0976253296875 0.6209677421875
34 0.12649526718749998 0.57936591875 0.14232084218750002 0.4986721125 0.15638804687500002 0.5524679031249999 0.136166425 0.38570079062499996 0.12297844531249999 0.4825333546875 0.12649526718749998 0.57936591875
35 0.1543535625 0.38709677343750004 0.1599047890625 0.5847454187500001 0.1810055546875 0.5847454187500001 0.1846965703125 0.491935484375 0.1722136234375 0.43949658124999996 0.1649076515625 0.5161290328125 0.1543535625 0.38709677343750004
12 0.2823219 0.491935484375 0.295301403125 0.33190501562499997 0.2812341984375 0.3534232734375 0.27440633281250004 0.4274193546875 0.2759590046875 0.5363291453125 0.2926638078125 0.6062639359374999 0.3192612140625 0.5725806453125 0.2970597734375 0.5470883875 0.2823219 0.491935484375
48 0.35620052812499997 0.5887096781250001 0.36147757187499996 0.508064515625 0.35224274375000003 0.451612903125 0.3324538265625 0.47580645156249995 0.336411609375 0.5806451609375001 0.35620052812499997 0.5887096781250001
55 0.4023746703125 0.548387096875 0.3825857515625 0.491935484375 0.406332453125 0.5887096781250001 0.412928759375 0.451612903125 0.4023746703125 0.548387096875
38 0.43069801874999997 0.4825333546875 0.4333356140625 0.6008841781250001 0.457953121875 0.63316169375 0.442127546875 0.5363291453125 0.45091955937500006 0.4448763390625 0.44722955156250005 0.4354838703125 0.43069801874999997 0.4825333546875
51 0.4635004109375 0.5026881609375 0.4720203265625 0.5255701296875 0.4772955171875 0.6170229359375 0.48784590312500004 0.6170229359375 0.4860875296875 0.5255701296875 0.506309071875 0.4879128546875 0.49663791562500004 0.42873758124999994 0.4816914828125 0.4879128546875 0.46938273124999996 0.43411708125 0.4635004109375 0.5026881609375
52 0.542216359375 0.4354838703125 0.51978891875 0.47580645156249995 0.5329815296875 0.5564516125 0.522427440625 0.6209677421875 0.5303430078125 0.6209677421875 0.5435356203125 0.5725806453125 0.5356200531249999 0.508064515625 0.542216359375 0.4354838703125
58 0.5963060687499999 0.54032258125 0.5949868078125 0.4677419359375 0.57651715 0.5161290328125 0.5620052765625 0.45967741875 0.5725593671875 0.54032258125 0.5620052765625 0.6854838703125 0.5699208437500001 0.6854838703125 0.582799353125 0.57936591875 0.5963060687499999 0.54032258125
45 0.6134564640625 0.3225806453125 0.625329815625 0.604838709375 0.6358839046875 0.6370967734375 0.6226912921875 0.34677419375 0.6134564640625 0.3225806453125
49 0.76253298125 0.5241935484375 0.7585751984375 0.4354838703125 0.7450934984375001 0.42603311250000003 0.7176781 0.508064515625 0.7283886984375 0.5282451609375001 0.7336638890625 0.7326695328125 0.7414248015625 0.701612903125 0.7387862796875 0.5725806453125 0.76253298125 0.5241935484375
45 0.7796833765625 0.33870967812499997 0.78891820625 0.5887096781250001 0.7994722953125 0.6370967734375 0.78891820625 0.34677419375 0.7796833765625 0.33870967812499997
54 0.8245382578125 0.6129032265625 0.8377308703124999 0.5 0.8575197890625 0.604838709375 0.84036939375 0.4354838703125 0.8259797437499999 0.512106403125 0.8092750265624999 0.4636901296875 0.8245382578125 0.6129032265625
52 0.90369393125 0.38709677343750004 0.8690605859374999 0.43141261249999996 0.8891820578124999 0.54032258125 0.8680738781249999 0.6370967734375 0.8759894453125 0.6370967734375 0.9033493328125 0.5497636781249999 0.8875237578125 0.4529311296875 0.90369393125 0.38709677343750004