13 0.1454711953125 0.7704949609375 0.1671086171875 0.757019640625 0.18181818125 0.7038834953124999 0.1883116890625 0.587378640625 0.179730415625 0.48212385468749996 0.1626007625 0.42013763125 0.1445696078125 0.39318698125 0.1247352796875 0.414747475 0.11932592187499999 0.484818990625 0.120227509375 0.568365709375 0.1283415421875 0.73815428125 0.1454711953125 0.7704949609375
34 0.24554426562499998 0.681558096875 0.236528646875 0.624961903125 0.233766234375 0.519417475 0.215909090625 0.4757281546875 0.2012987015625 0.519417475 0.1941553921875 0.5872310671875 0.204072515625 0.6707779031250001 0.22390684374999997 0.678863078125 0.22210367187500002 0.57914589375 0.2329223828125 0.6546075625000001 0.24554426562499998 0.681558096875
47 0.29220779218750004 0.68446601875 0.30194805156250004 0.6456310671875001 0.28881910781250003 0.50637936875 0.2698863640625 0.492904165625 0.2613636359375 0.5339805828124999 0.2451298703125 0.50485436875 0.25649350625 0.68446601875 0.262673834375 0.6707779031250001 0.26177233125 0.5548903890625 0.278000396875 0.5468052140624999 0.29220779218750004 0.68446601875
55 0.3375033015625 0.5360250296875 0.30865335312500003 0.484818990625 0.30504717187499997 0.5360250296875 0.323979915625 0.56028054375 0.33840480781250004 0.6034014078125 0.3555344609375 0.7246789609375 0.36274690625 0.5845360484375 0.37176252656250003 0.5198546890625 0.38979368124999997 0.4740386890625 0.40602174687500003 0.46325849531249996 0.40746753281250003 0.427184465625 0.37987655781249996 0.44708815468749996 0.361845403125 0.487514009375 0.3537313703125 0.55219536875 0.349223515625 0.5953162328125 0.3375033015625 0.5360250296875
38 0.38167965000000004 0.6680827671875 0.40241556562499997 0.7058136015625001 0.4375763734375 0.708508621875 0.43577320156250005 0.6761679421875 0.42224981093749997 0.6761679421875 0.40151397656250004 0.6680827671875 0.387089003125 0.6222668828125 0.40782491875 0.61418171875 0.422077921875 0.587378640625 0.41396103906250004 0.51456310625 0.391233765625 0.5242718453124999 0.3726641109375 0.56028054375 0.369959434375 0.6195717468749999 0.38167965000000004 0.6680827671875
51 0.45470594531249997 0.5764508828125 0.465524653125 0.541415184375 0.47994962656249995 0.5548903890625 0.488965246875 0.6114865734375 0.4880636625 0.7031185921875001 0.5051933109375 0.708508621875 0.5060948187500001 0.6195717468749999 0.48716207499999997 0.53333001875 0.4626623375 0.51456310625 0.449675325 0.572815534375 0.435064934375 0.5582524265625 0.4429857265625 0.624961903125 0.44478881875000004 0.6977284375 0.4610168859375 0.69233828125 0.45470594531249997 0.5764508828125
4 0.6168831171875 0.8106796109375001 0.6331168828125 0.8495145624999999 0.6233766234375 0.66504854375 0.6461038968749999 0.6262135921875001 0.61850649375 0.572815534375 0.608766234375 0.6407766984375 0.5844155843750001 0.6262135921875001 0.6201298703125 0.5097087375 0.60551948125 0.4757281546875 0.5714285718750001 0.6359223296875001 0.6136363640625 0.67475728125 0.6168831171875 0.8106796109375001
0 0.6661962140625 0.699067834375 0.677916428125 0.76374919375 0.7022585265625 0.7691392328125 0.6887351390625 0.6855925140625 0.677916428125 0.623606165625 0.6661962140625 0.6020457968749999 0.6661962140625 0.699067834375
0 0.737419334375 0.5858754562499999 0.7224025968750001 0.592233009375 0.7103725578125 0.653251834375 0.7130772375000001 0.7314085140625 0.734714659375 0.7556640296875 0.7518443078125 0.720628203125 0.75 0.6359223296875001 0.737419334375 0.5858754562499999
46 0.7680723765625 0.5643149609375 0.7707770515625 0.7394936890625 0.78159584375 0.7448837187499999 0.78249735 0.6748123296874999 0.7905844156249999 0.6407766984375 0.795119234375 0.6775073390624999 0.795119234375 0.71793319375 0.7954545453125 0.733009709375 0.8059379453125001 0.7448837187499999 0.8032332656250001 0.661337 0.8140519765625 0.6316913390625001 0.8230675125 0.7502738734375 0.8365909031250001 0.75296889375 0.8275753640625 0.6047408062499999 0.8113472984375001 0.5831803109375 0.80413476875 0.623606165625 0.7897098796875001 0.596655640625 0.7779895 0.6289963203125 0.7680723765625 0.5643149609375
40 0.8717532468750001 1 0.8116883109374999 0.907766990625 0.8847402593749999 0.8058252421875001 0.8896103890625 0.99514563125 0.89935065 0.99514563125 0.8928571421875 0.6456310671875001 0.8789642375 0.5885704656249999 0.86850649375 0.592233009375 0.8492127859374999 0.634386475 0.8483111171875001 0.707153009375 0.8538961031250001 0.733009709375 0.88149350625 0.7184466015625001 0.8863636359375 0.762135921875 0.7954545453125 0.907766990625 0.8717532468750001 1