15 0.0977817828125 0.127790075 0.0877673453125 0.387361953125 0.0862204828125 0.513146275 0.10176668281250001 0.53114881875 0.10974205937499999 0.31048458437500004 0.150473925 0.2866095796875 0.152662815625 0.2595877421875 0.10956117968750001 0.2454509265625 0.1111685796875 0.13853191250000002 0.12700557031249998 0.0838047015625 0.1505387640625 0.0972341421875 0.15285333125 0.10378135468750001 0.1535689015625 0.1070319734375 0.1522618890625 0.081259365625 0.1536918734375 0.0540092765625 0.1505205375 0.0460225640625 0.1218859984375 0.044521890625 0.0977817828125 0.127790075
45 0.1598991140625 0.07252374375000001 0.1588548828125 0.46911650624999995 0.1704534015625 0.5217437015625 0.1751673890625 0.15785535312500001 0.1598991140625 0.07252374375000001
29 0.2495163125 0.38283402187500004 0.2555430640625 0.233594259375 0.241995921875 0.2523915359375 0.23587873125 0.3691144703125 0.2102342625 0.41328742500000004 0.207743003125 0.28961092499999996 0.1918854796875 0.249765359375 0.19600743125 0.4450539171875 0.21322433125 0.4589610515625 0.232389853125 0.40144371406249996 0.26111483125 0.43546121718749997 0.2495163125 0.38283402187500004
36 0.28755689375000004 0.42409454843749994 0.27833502656250003 0.346499078125 0.280006796875 0.2469835140625 0.29674891406250004 0.2317958484375 0.2970194671875 0.3956733890625 0.31438940937500004 0.3516017125 0.3127316640625 0.1972904875 0.286896353125 0.18321807343750002 0.2656917671875 0.2796430546875 0.2659300546875 0.3972571671875 0.2743924765625 0.45553479374999994 0.302797703125 0.4961674828125 0.33714106093749996 0.491464925 0.28755689375000004 0.42409454843749994
45 0.36953858125 0.0444959765625 0.3584360859375 0.42755677031249995 0.3717557375 0.5843128531249999 0.38036697343750003 0.0775755578125 0.36953858125 0.0444959765625
48 0.3906499421875 0.42924502656249997 0.39396061875 0.5067831046875 0.41520635468749995 0.5085609890625 0.4365013796875 0.4446528359375 0.4370001890625 0.3666499640625 0.421449959375 0.28652626875 0.3948581453125 0.2530026171875 0.3893529953125 0.307335284375 0.3906499421875 0.42924502656249997
57 0.4692140453125 0.36833822031249996 0.48480025 0.31063329687499996 0.5006577734375 0.35047886093749997 0.504826340625 0.305180403125 0.4895580640625 0.21984879375 0.4675833515625 0.2967261625 0.44737638437499994 0.2371454 0.45489677500000003 0.367587884375 0.35662172812500004 0.8046019187500001 0.45652746874999994 0.439199940625 0.473516878125 0.628660434375 0.4692140453125 0.36833822031249996
5 0.5827026203125001 0.6580470093749999 0.58400963125 0.683819615625 0.5927203203125 0.7035541671875001 0.6202688875 0.63635138125 0.6216408140625 0.48979824687500007 0.589959803125 0.468859871875 0.595757009375 0.3920515171875 0.63097185 0.4131750921875 0.63386264375 0.3769670875 0.5855275890625 0.3336812859375 0.5706572546875 0.5557223328124999 0.5784019406249999 0.5710704328125 0.59340209375 0.498392578125 0.611389121875 0.531847328125 0.6115699984375 0.5968809859374999 0.6003282375000001 0.6429056484375 0.5827026203125001 0.6580470093749999
0 0.6625725140625 0.46945238125 0.652642553125 0.45607999687499995 0.6476485859375 0.5682734296875 0.6588712515624999 0.61886719375 0.67173870625 0.6130391281249999 0.6762116296875 0.5472793484375 0.6625725140625 0.46945238125
0 0.6966130484375 0.5493185609375 0.7040667484375 0.5905082234375 0.7225288359375 0.6026960921875 0.735068490625 0.5567899734374999 0.738024603125 0.5124743406250001 0.7240722265625 0.41162836562500005 0.7033194875000001 0.387109584375 0.696312253125 0.46800765625 0.6966130484375 0.5493185609375
46 0.7951464546875 0.4603293921875 0.791868209375 0.48907465781250004 0.7900648968749999 0.54038835625 0.786998371875 0.5819966953125 0.796716534375 0.582506003125 0.80944995 0.45786605781249995 0.8242572234375001 0.445790096875 0.824308503125 0.5293308671875 0.827681884375 0.6001939078125 0.8435405859375 0.584959946875 0.8384263656250001 0.5827603531250001 0.8314952234374999 0.406831825 0.796613984375 0.4154243046875 0.782894528125 0.37293610781250003 0.7681749140624999 0.4171468390625 0.7621511078125 0.34614503750000003 0.7505418921875 0.3648146671875 0.7588438765625 0.49376999218749995 0.7548575359374999 0.5867383312500001 0.7653902046875001 0.572430271875 0.7705772203125 0.45582882500000005 0.783604721875 0.4303316625 0.7951464546875 0.4603293921875
40 1 0.47876217656250003 0.95060853125 0.587358178125 0.900225765625 0.6705305546875 0.8941177546875 0.66793571875 0.8929123453125 0.4204710875 0.8858646703125 0.396676371875 0.8713731796875 0.4257681921875 0.8608228703125 0.5087535 0.8621811562499999 0.6180668765624999 0.883128890625 0.5902476437499999 0.8830993078124999 0.689140246875 0.8011563078125 0.7851581296875 0.7699427671875 0.8060133015625001 0.769783475 0.8652693156250001 0.771257259375 0.8992594453124999 0.8107652968749999 0.9398860593749999 0.8438772875 0.9673254968749999 0.861427046875 1 0.8915789609375 1 0.8996365187500001 0.7160165984375 0.9922465718750001 0.5583096390625 1 0.4917483765625 1 0.47876217656250003