20 0.12434559999999999 0.8148482265625001 0.16642525 0.750770803125 0.18630787499999998 0.7593611640625 0.198980828125 0.73656943125 0.2047429859375 0.7012228453125 0.1464549984375 0.6961233078125 0.16813286875 0.38731373593749996 0.166984234375 0.339412296875 0.160073440625 0.32685744687499996 0.146010734375 0.45707971562500005 0.14923450625 0.4812622328125 0.138858821875 0.5998568390625 0.13453689062500002 0.6881937109375 0.12434559999999999 0.8148482265625001
23 0.259826190625 0.40728609687499995 0.22986675937499998 0.536117584375 0.213265665625 0.72586895625 0.22132509374999998 0.7863252453125 0.25150665625 0.777015553125 0.275703928125 0.6835306515624999 0.28700611249999997 0.49331568593749997 0.281021821875 0.40914047499999995 0.259826190625 0.40728609687499995
24 0.2987335765625 0.8169980812500001 0.3024206 0.8053704187499999 0.30979464375 0.782115090625 0.3222454640625 0.6398015625 0.3545021625 0.6067729500000001 0.3676383671875 0.5481710375 0.3644145953125 0.5239885234375 0.36856486875 0.4765506796875 0.35728166875 0.391911875 0.3218012 0.40075797187499995 0.311425515625 0.5193525796875 0.3146492875 0.54353509375 0.2938979203125 0.7807243078125 0.2987335765625 0.8169980812500001
18 0.3655632296875 0.571889959375 0.3687870015625 0.5960724765625 0.35841131875 0.7146670828125 0.36324697499999997 0.75094085625 0.366933996875 0.7393131921875 0.3939107734375 0.43096721406249994 0.3890751171875 0.394693440625 0.37801405 0.42957643125 0.3655632296875 0.571889959375
26 0.429835509375 0.661164709375 0.42499985156250003 0.6248909359375 0.4339857828125 0.613726865625 0.4618700765625 0.5086143 0.4701706234375 0.413738615625 0.4568122859375 0.35281873125 0.43354151874999997 0.374683275 0.4224804515625 0.409566265625 0.418330178125 0.45700410781249995 0.40358208749999996 0.5035147624999999 0.3881296296875 0.7411675703125 0.3929652859375 0.77744134375 0.40195121718750004 0.766277275 0.404026353125 0.742558353125 0.4150874203125 0.7076753625000001 0.43098414375000005 0.7090661453125 0.43420791562499994 0.7332486609375 0.4501046390625 0.73463944375 0.45332840937499996 0.7588219609375 0.47291215624999994 0.7485850796875 0.47498729375000004 0.724866159375 0.464852728125 0.688128790625 0.4542549125 0.6872016015625 0.45103114062499994 0.6630190859375 0.429835509375 0.661164709375
14 0.544114215625 0.5755609109375001 0.5367401703125 0.5988162375 0.51024563125 0.596498265625 0.5190094296875001 0.4658124015625 0.5544899 0.4569663046875 0.5577136703125001 0.4811488203125 0.5683114859375 0.48207600937499995 0.57614878125 0.423010503125 0.526846725 0.4067468953125 0.5183240453125 0.382100784375 0.507262978125 0.416983775 0.481434834375 0.773231190625 0.4862704921875 0.8095049640624999 0.5270498703125 0.8011224609375001 0.5470968671875001 0.7550754015625001 0.529588259375 0.741593359375 0.5222142140625 0.7648486875 0.5063174890625 0.7634579046875001 0.496182925 0.7267205359375 0.5003331984375 0.67928269375 0.511394265625 0.6443997015625 0.5643833453125 0.6490356453125 0.5754444125 0.61415265625 0.5632347109375 0.601134209375 0.5600109390625 0.57695169375 0.544114215625 0.5755609109375001
20 0.6295821265625 0.6666900375 0.5977886796874999 0.6639084703125 0.618540046875 0.4267192578125 0.6064464953125001 0.3986577859375 0.593176028125 0.5808443671875 0.5756665453124999 0.7336744515625 0.5968621765625 0.7355288296875 0.6164459234375 0.7252919484375 0.6275069906249999 0.6904089578125 0.6295821265625 0.6666900375
24 0.6774944296875 0.79038418125 0.6823300875 0.82665795625 0.686017109375 0.8150302921874999 0.6933911546875 0.7917749656249999 0.7079171109375 0.625742515625 0.718978178125 0.590859525 0.7295759953125 0.5917867140624999 0.74801110625 0.533648396875 0.758386790625 0.4150537890625 0.745028453125 0.3541339046875 0.7238328218750001 0.352279528125 0.707472846875 0.3866989234375 0.6998230328124999 0.49052928125 0.6905146890625 0.61726104375 0.6774944296875 0.79038418125
20 0.7715040078125 0.6313056484375 0.792255375 0.394116434375 0.7853445812500001 0.38156158281249997 0.762981328125 0.6066595375 0.7556072828125 0.629914865625 0.758367803125 0.6899075609375 0.788549365625 0.68059786875 0.802834203125 0.6698973921875 0.8085963625 0.6345508093750001 0.7715040078125 0.6313056484375
29 0.8286433593750001 0.5885037484375 0.8244930859374999 0.6359415921875 0.8325525140625001 0.69639788125 0.8521362609375001 0.6861610015624999 0.8668843515625 0.639650346875 0.88763571875 0.4024611328125 0.8770379015625 0.40153394374999996 0.8583616718749999 0.6150042359375 0.8473006046875 0.6498872265625 0.8420016968749999 0.6494236328125 0.8371660390625 0.613149859375 0.8558422703125 0.39967956718750003 0.8510066140625 0.3634057921875 0.839945546875 0.3982887828125 0.8254195890625 0.564321234375 0.8286433593750001 0.5885037484375
27 0.9164275265624999 0.5005819796875 0.926562090625 0.537319346875 0.9371599078124999 0.5382465359374999 0.9452193359375001 0.5987028249999999 0.9194101796874999 0.68009646875 0.9088123640625 0.67916928125 0.897751296875 0.714052271875 0.8972880453125001 0.7498624515625 0.9062739765625001 0.7386983828125 0.933231765625 0.705206175 0.9516668781250001 0.6470678578125 0.959967425 0.552192171875 0.9519079953125 0.49173588281249997 0.9360112734375001 0.4903451 0.9311756171875001 0.45407132656250004 0.9532977499999999 0.38430534375000003 0.9558361375000001 0.32477624375 0.945238321875 0.3238490546875 0.9341772546874999 0.35873204531249997 0.9247280734375 0.40570629374999995 0.9164275265624999 0.5005819796875