18 0.0313432828125 0.52439024375 0.044776118749999996 0.6158536578125 0.044776118749999996 0.6768292687499999 0.0328358203125 0.689024390625 0.06865671718750001 0.7012195125 0.05373134375000001 0.6768292687499999 0.04776119375 0.5060975609375 0.0313432828125 0.52439024375
47 0.1120765734375 0.6051991828125 0.09760853750000001 0.645874 0.082236265625 0.608896853125 0.0723654171875 0.65594973125 0.086757534375 0.645874 0.0921830359375 0.6754558171875 0.0921830359375 0.74201478125 0.0958000234375 0.74201478125 0.105746790625 0.686548975 0.1120765734375 0.6495718296875 0.12564032812499998 0.7087352921875001 0.1346827765625 0.686548975 0.1120765734375 0.6051991828125
43 0.14191683593749999 0.608896853125 0.136491334375 0.6606649874999999 0.12663950156249998 0.6892091578125 0.136491334375 0.7198284640625 0.1455337828125 0.8381555609375001 0.1238317734375 0.78268975625 0.12564032812499998 0.8307600609374999 0.1455337828125 0.8751327078125 0.1590975375 0.84185323125 0.1428210296875 0.697642134375 0.148246534375 0.645874 0.14191683593749999 0.608896853125
43 0.1149253734375 0.414634146875 0.1074626859375 0.48170731718750004 0.11940298437500001 0.4939024390625 0.1149253734375 0.414634146875
22 0.273134328125 0.6951219515625 0.2328358203125 0.5670731703125 0.2417910453125 0.77439024375 0.2402985078125 0.6341463421875 0.2865671640625 0.7378048781250001 0.276119403125 0.5487804875 0.273134328125 0.6951219515625
48 0.3313432828125 0.77439024375 0.3313432828125 0.652439025 0.31194029843750004 0.6463414640625 0.3044776125 0.7134146343750001 0.3119158859375 0.7678987687500001 0.3313432828125 0.77439024375
55 0.38244741718749997 0.81596924375 0.3985074625 0.6463414640625 0.380597015625 0.7560975609375 0.36268656718750003 0.6707317078125 0.35223880625000004 0.7012195125 0.38244741718749997 0.81596924375
48 0.4119402984375 0.7621951218749999 0.421330215625 0.8048760859374999 0.43582089531249996 0.7987804875 0.4457449765625 0.74201478125 0.44179104531249996 0.689024390625 0.417713184375 0.679153475 0.4119402984375 0.7621951218749999
46 0.51085100625 0.73461928125 0.523880596875 0.8048780484375 0.54776119375 0.7073170734375 0.5611940296875 0.7987804875 0.55074626875 0.6585365859375 0.526865671875 0.7317073171875 0.518989259375 0.6606649874999999 0.503616946875 0.686548975 0.4755852390625 0.6532695000000001 0.4597014921875 0.7134146343750001 0.4611940296875 0.7439024390625 0.49402985 0.7073170734375 0.49701492500000005 0.8048780484375 0.51085100625 0.73461928125
42 0.573134328125 0.7865853656249999 0.5865671640625 0.7682926828125 0.5970149250000001 0.82317073125 0.5895522390625 0.6707317078125 0.573134328125 0.7865853656249999
42 0.5955223875 0.5365853656249999 0.5820895515625 0.5792682921875 0.5910447765625 0.664634146875 0.6 0.62804878125 0.5955223875 0.5365853656249999
57 0.6358208953125 0.7987804875 0.65223880625 0.7317073171875 0.6716417906250001 0.7865853656249999 0.655531015625 0.705037634375 0.6641791046875001 0.6341463421875 0.65223880625 0.6707317078125 0.6402985078125 0.62195121875 0.629850746875 0.640243903125 0.628358209375 0.6829268296875 0.6447761187500001 0.689024390625 0.6358208953125 0.7987804875
3 0.7522388062500001 0.72560975625 0.7611940296874999 0.72560975625 0.779104478125 0.6158536578125 0.7577113671875 0.5793150359375 0.7459560859375001 0.5201515609375 0.7358208953125 0.5487804875 0.729850746875 0.609756096875 0.74505180625 0.583012865625 0.7417910453125 0.6829268296875 0.7597014921875 0.62195121875 0.770149253125 0.640243903125 0.7522388062500001 0.72560975625
0 0.7910447765625 0.652439025 0.7984026359375 0.697642134375 0.8149253734374999 0.689024390625 0.823880596875 0.6158536578125 0.8164877015625001 0.5793150359375 0.7985074625 0.585365853125 0.7910447765625 0.652439025
7 0.922388059375 0.5426829265625 0.9179104484374999 0.5731707312500001 0.8925373140625 0.5548780484375 0.9134328359375001 0.6036585359375 0.8925373140625 0.7621951218749999 0.9388059703125 0.48780487812500006 0.9059701499999999 0.5 0.922388059375 0.5426829265625
0 0.976119403125 0.6036585359375 0.9850746265625 0.5060975609375 0.9626865671875 0.48780487812500006 0.9584549609374999 0.501662903125 0.95302945625 0.575617365625 0.976119403125 0.6036585359375