28 0.0593824234375 0.70338983125 0.06888361093749999 0.4491525421875 0.096199525 0.40677966093749995 0.035629453125 0.4152542375 0.0641330171875 0.4491525421875 0.0522565328125 0.686440678125 0.0593824234375 0.70338983125
34 0.0902612828125 0.70338983125 0.098574821875 0.62711864375 0.10688836093750001 0.686440678125 0.103325415625 0.525423728125 0.0807600953125 0.601694915625 0.0783847984375 0.686440678125 0.0902612828125 0.70338983125
35 0.1335557296875 0.37823242343749996 0.1187648453125 0.7203389828125 0.1377672203125 0.7372881359375001 0.151144396875 0.6797324234375 0.1543943 0.5677966109375 0.1330166265625 0.5338983046875 0.13883231406250002 0.37823242343749996 0.1335557296875 0.37823242343749996
22 0.3182897859375 0.313559321875 0.295724465625 0.525423728125 0.2790973875 0.3220338984375 0.262470309375 0.33898305156249997 0.23990498750000003 0.601694915625 0.237529690625 0.686440678125 0.24465558125000003 0.686440678125 0.2695962 0.35593220312499996 0.29809976250000003 0.5762711859375 0.3182897859375 0.313559321875
34 0.3230403796875 0.6186440671875 0.333729215625 0.54237288125 0.3444180515625 0.5847457625 0.338479809375 0.44067796562500006 0.31591448906249997 0.5 0.3111638953125 0.5677966109375 0.3230403796875 0.6186440671875
35 0.37054631875 0.6186440671875 0.387173396875 0.4661016953125 0.3788598578125 0.40677966093749995 0.368171021875 0.4322033890625 0.3669833734375 0.30508474531249996 0.35154394375 0.601694915625 0.37054631875 0.6186440671875
54 0.4097387171875 0.525423728125 0.41092636562499996 0.4322033890625 0.40142517812499995 0.4322033890625 0.40142517812499995 0.5677966109375 0.40855106875 0.5677966109375 0.42399049843750003 0.49152542343750005 0.43230403749999996 0.5508474578125 0.4287410921875 0.40677966093749995 0.4097387171875 0.525423728125
46 0.4642216859375 0.47245116875 0.4659805203125 0.566669915625 0.474774853125 0.572951084375 0.4809308953125 0.47245116875 0.489725146875 0.45360742343749993 0.4835691875 0.572951084375 0.495881190625 0.54782616875 0.5002783156249999 0.42848223750000003 0.49676064531249997 0.390794728125 0.473871734375 0.44067796562500006 0.464370546875 0.3898305078125 0.46246285 0.37823242343749996 0.45454797343750003 0.422201084375 0.4483919328125 0.3719509828125 0.441356515625 0.38451357656249996 0.4466331 0.4473259828125 0.43607993125 0.560388475 0.445753640625 0.585513678125 0.45806564375000003 0.45360742343749993 0.4642216859375 0.47245116875
38 0.53325415625 0.44067796562500006 0.535629453125 0.37288135625 0.5213776718750001 0.37288135625 0.5073138140625 0.4159199328125 0.5046755218750001 0.5352635765625 0.5213846515625 0.6043574234375 0.53193781875 0.541544728125 0.522264109375 0.541544728125 0.5154394296875 0.483050846875 0.53325415625 0.44067796562500006
53 0.5934980734375 0.37823242343749996 0.5665083140625 0.33898305156249997 0.56447678125 0.15210744062499998 0.554803071875 0.15210744062499998 0.5574413640625 0.32798233906249996 0.5486935859375001 0.3644067796875 0.55344418125 0.4152542375 0.5415676953124999 0.5677966109375 0.5486935859375001 0.5677966109375 0.5617577203125 0.37288135625 0.5934980734375 0.37823242343749996
5 0.69239905 0.271186440625 0.7197149640625 0.22881355937499998 0.68764845625 0.25423728749999996 0.6817102140625 0.4152542375 0.709026128125 0.35593220312499996 0.6983372921875 0.5 0.7102137765625 0.5 0.71615201875 0.33898305156249997 0.6864608078125001 0.3474576265625 0.69239905 0.271186440625
0 0.747030878125 0.25423728749999996 0.7292161515625 0.3644067796875 0.7292161515625 0.4491525421875 0.7434679328125 0.4661016953125 0.75534441875 0.3644067796875 0.747030878125 0.25423728749999996
0 0.7874109265625 0.25423728749999996 0.7695962 0.29661016875 0.76484560625 0.4322033890625 0.7790973875 0.4661016953125 0.790973871875 0.3474576265625 0.7874109265625 0.25423728749999996
46 0.8006877890625 0.3216443890625 0.7962906624999999 0.40958169531250005 0.798049496875 0.46611294843750006 0.8159144890625001 0.3220338984375 0.826603325 0.33050847499999997 0.8244324984375 0.46611294843750006 0.8444180515624999 0.30508474531249996 0.8467933484374999 0.44067796562500006 0.8503562953125 0.29661016875 0.8464182109375 0.2525505421875 0.8297090812500001 0.296519203125 0.8200352890625 0.2525505421875 0.807723209375 0.2839568984375 0.80332608125 0.2399879484375 0.8006877890625 0.3216443890625
40 0.8710422156250001 0.667113034375 0.8974251359375 0.447269203125 0.901425178125 0.37288135625 0.887173396875 0.2372881359375 0.8681710218750001 0.271186440625 0.8657656312500001 0.353050440625 0.8886308843749999 0.4033005421875 0.8467933484374999 0.45762711874999995 0.828978621875 0.6355932203125 0.8325415671874999 0.7627118640624999 0.8503562953125 0.771186440625 0.8710422156250001 0.667113034375