20 0.1731638640625 0.742588340625 0.1870122765625 0.7204910953125 0.1946164359375 0.68549451875 0.13667521875 0.6773514125 0.17448522500000002 0.370099584375 0.17584513125 0.322203678125 0.169600878125 0.30930435 0.1487421390625 0.4386121703125 0.1506958765625 0.46293026406250004 0.13412765 0.5808193203124999 0.125188446875 0.6688089374999999 0.1083825375 0.7947565046875 0.1537580734375 0.7329691781250001 0.1731638640625 0.742588340625
23 0.2018375578125 0.7105528953125 0.2067219015625 0.771348128125 0.237349334375 0.7636307765625 0.266406065625 0.6715403796875 0.28764784374999997 0.48217760781249996 0.28607714375 0.3978045625 0.2650076109375 0.3948434328125 0.22834672031249997 0.5219304046875 0.2018375578125 0.7105528953125
24 0.29529055 0.7717738828125 0.315172421875 0.6303070171875 0.3491134984375 0.599011853125 0.3652986859375 0.5411777484375 0.3633449484375 0.5168596562500001 0.3699722390625 0.46970403281250006 0.3631341546875 0.3845907046875 0.3272393421875 0.391567775 0.310671115625 0.50945683125 0.312624853125 0.533774925 0.2794884 0.7695530359375 0.2824190078125 0.8060301765625001 0.286709521875 0.7946114125 0.29529055 0.7717738828125
18 0.347370553125 0.706962709375 0.3503011609375 0.74343985 0.3545916734375 0.7320210859375 0.3976690625 0.42550954062499996 0.3947384546875 0.3890324 0.3818669125 0.42328869375 0.361985040625 0.564755559375 0.3639387796875 0.5890736546875 0.347370553125 0.706962709375
26 0.4281242484375 0.6101160890624999 0.46147149374999996 0.5066069296875 0.47472607499999997 0.41229568437499997 0.464574346875 0.35076016718749997 0.4401911671875 0.3713768484375 0.427319625 0.4056331421875 0.420692334375 0.4527887640625 0.40353027656249996 0.498463821875 0.3756612078125 0.734982215625 0.378591815625 0.7714593562500001 0.3881497140625 0.7607808734375 0.391463359375 0.7372030625 0.4043349015625 0.7029467703125001 0.42013705 0.7051676171875 0.42209078906249997 0.7294857109375 0.43789293906250004 0.7317065578124999 0.4398466765625 0.7560246515625 0.4599393421875 0.746826734375 0.46325298750000005 0.7232489234374999 0.45505499531250004 0.6860315 0.44452022968750005 0.6845509359374999 0.442566490625 0.6602328421875 0.4214969578125 0.6572717124999999 0.41856635000000003 0.620794571875 0.4281242484375 0.6101160890624999
14 0.5051812609375 0.5969022328125 0.5207726187499999 0.46685412968750006 0.5566674328125 0.45987706250000004 0.5586211703124999 0.4841951546875 0.5691559359375 0.48567572031250006 0.5800737421875 0.4271013328125 0.5316904234375001 0.40827974375 0.5244693015624999 0.38322136875 0.5115977578125 0.4174776609375 0.4671604625 0.7718851109375 0.47009106875000006 0.8083622515625001 0.5112532671875 0.8021254624999999 0.5336827078125 0.7571906890625 0.516903690625 0.74281079375 0.508322659375 0.7656483234375 0.49252050937499997 0.7634274765625 0.4843225203125 0.726210053125 0.4909498109375 0.67905443125 0.503821353125 0.6447981375 0.5564951875 0.6522009625 0.5693667296875 0.6179446703125 0.55785509375 0.6043050578125 0.5559013546875 0.5799869640625 0.5400992062500001 0.5777661171874999 0.5315181765625 0.6006036453125 0.5051812609375 0.5969022328125
20 0.622212809375 0.43302359375000005 0.61160445625 0.40436765 0.588817265625 0.5856100296875 0.5633332703125 0.737314290625 0.5844028031249999 0.7402754203125 0.6044954687499999 0.7310775031250001 0.6173670109375 0.696821209375 0.62068065625 0.6732433984374999 0.58907635625 0.6688017046875 0.622212809375 0.43302359375000005
24 0.66927476875 0.8243339375 0.6778557968750001 0.8014964078125001 0.7010513125 0.63645173125 0.71392285625 0.6021954375 0.7244576234375 0.603676003125 0.74591019375 0.54658218125 0.7624784203125 0.428693125 0.7523266921875 0.3671576078125 0.731257159375 0.364196478125 0.7131182328125 0.3977124890625 0.7000448421875001 0.501000190625 0.6841166265624999 0.6270711109375 0.662053646875 0.7992755609375 0.664984253125 0.8357527015624999 0.66927476875 0.8243339375
20 0.7911521140625 0.3966576796875 0.7570387921874999 0.6202767437500001 0.7484577640625 0.6431142734375 0.748074725 0.703169225 0.7787021562499999 0.695451871875 0.7935274375 0.685513671875 0.8011315968750001 0.6505170984374999 0.7642599140625 0.6453351203125 0.7973963656249999 0.40955700781250004 0.7911521140625 0.3966576796875
29 0.8218180921875 0.7135331796875 0.8419107562500001 0.7043352609375 0.8590728140625 0.6586602046875 0.8922092671874999 0.4228820921875 0.8816744999999999 0.421401528125 0.8518516921874999 0.633601828125 0.83898015 0.6678581203125 0.8337127671875001 0.6671178390625 0.8307821593750001 0.6306406984375 0.8606049671875 0.41844039843749997 0.857674359375 0.38196325781249996 0.8448028171875 0.41621955 0.8216072999999999 0.5812642296874999 0.8235610375 0.6055823218749999 0.816933746875 0.6527379453125 0.8218180921875 0.7135331796875
27 0.9345591265625 0.5610733015625 0.9394434703125001 0.6218685359375 0.9094098718750001 0.7017998859375 0.8988751046875001 0.700319321875 0.8860035609375 0.7345756140625 0.8836667859375 0.7703124734375 0.8932246828125001 0.7596339921874999 0.9218983749999999 0.7275985453125 0.943350946875 0.670504725 0.956605528125 0.5761934796875 0.9517211828125 0.5153982453125 0.9359190343750001 0.5131773984375 0.9329884265624999 0.47670025781250003 0.9587315109375 0.40818767031250003 0.9643819328125 0.3488730015625 0.9538471656249999 0.34739243750000004 0.9409756234375 0.3816487296875 0.92908095 0.4280640703125 0.91582636875 0.5223753140625 0.9240243593749999 0.5595927374999999 0.9345591265625 0.5610733015625