26 0.1337137359375 0.2323285265625 0.099897853125 0.3363704234375 0.019692721875 0.7114749640625 0.048052606250000005 0.606471025 0.0912852515625 0.6564035500000001 0.07029194375 0.5680829796875 0.132135434375 0.392826109375 0.15280973125 0.235695665625 0.1337137359375 0.2323285265625
48 0.1026125921875 0.6160914234375 0.1188975203125 0.627424784375 0.144446334375 0.53038706875 0.1508160875 0.4384294546875 0.10881620781250001 0.5410282921875 0.1026125921875 0.6160914234375
45 0.281773315625 0.18227842968750002 0.2712766609375 0.13811814375 0.21786637187500002 0.28947635 0.17445432656249998 0.5356782875 0.1339436921875 0.6223606562499999 0.12918628125 0.664528565625 0.1713109859375 0.5774334734375 0.17064643906250002 0.645011403125 0.1925535015625 0.640412321875 0.179578053125 0.5704292921875 0.264408496875 0.2807592046875 0.281773315625 0.18227842968750002
34 0.20341633906249998 0.61310691875 0.21283207499999998 0.625518978125 0.2360914 0.55435800625 0.2448839 0.5988682515625 0.2543139234375 0.47360269375 0.2397070234375 0.4528541296875 0.218268453125 0.5264801234375 0.20341633906249998 0.61310691875
36 0.2953169828125 0.47237074999999995 0.26208257968750004 0.5172819578125 0.2368581078125 0.6512588187499999 0.2468715546875 0.6906556953125 0.27695534374999997 0.67221841875 0.310023609375 0.64420169375 0.249192628125 0.631930325 0.26175030625 0.5510709234375 0.2809293703125 0.5459908203125 0.2953169828125 0.47237074999999995
21 0.501648109375 0.6102951546875001 0.5068549015625 0.6365989187500001 0.5701105578125001 0.3177389484375 0.51976054375 0.43578920937500004 0.5209235015625 0.3175278328125 0.4503145328125 0.5504723296875 0.43294971562500006 0.6489531046875 0.51207495625 0.3836627015625 0.499667725 0.5337889640625 0.550433084375 0.3735024984375 0.501648109375 0.6102951546875001
13 0.5001545000000001 0.7729472937499999 0.5353732609375 0.7200226921875 0.5707527859375 0.650999075 0.592170496875 0.5754853640625 0.6097014515625 0.46011010781249995 0.6170680265625 0.2667855984375 0.5662195999999999 0.43551930624999996 0.5343841 0.6160673937500001 0.5451299609375 0.63488595625 0.5997032078125 0.3652663734375 0.592502771875 0.5416964 0.5577132375 0.6540756359375 0.541050028125 0.6726408484374999 0.5061072859375 0.7126240890625 0.5001545000000001 0.7729472937499999
28 0.6258133109374999 0.4349212765625 0.5679493156250001 0.758022178125 0.5739022328125001 0.7698234125 0.639879334375 0.41589811250000003 0.6693140140625 0.42108824062499994 0.6706086109375 0.3783094890625 0.620074875 0.40165422343749996 0.6055264453125 0.46897515468749995 0.6258133109374999 0.4349212765625
1 0.7597615609374999 0.40466447812500006 0.7189813421875 0.5802534921875 0.6899916875 0.7041626671875 0.6883756140624999 0.779139690625 0.7008173734375001 0.7490782968749999 0.7030312015625 0.7010858437499999 0.7329938078125 0.5665966703125 0.7715671656249999 0.39557062656249997 0.7597615609374999 0.40466447812500006
0 0.7579139078125 0.6724055078125 0.784830253125 0.5864884078125 0.803389403125 0.49426251875 0.7941226421875001 0.4376026875 0.779252753125 0.4476971328125 0.7422104609375 0.6019414578125 0.7414984203125 0.6702376703125 0.7579139078125 0.6724055078125
46 0.8226278625000001 0.6259621203125 0.83180235 0.5711332640625 0.8336523546875 0.5298671734375 0.82692470625 0.531651875 0.8185248484375001 0.5569086296875 0.8104849296875001 0.5941122859375 0.8147863 0.547336803125 0.807580234375 0.549036996875 0.79932850625 0.559465446875 0.789404459375 0.5933660640625 0.786234809375 0.578677203125 0.7764321562500001 0.6445544296875 0.7687817921875 0.6907395484375 0.7760174375 0.6860736015625 0.7827746828125 0.681323284375 0.7879144359375 0.646579065625 0.7930245203124999 0.6148005859375 0.7993922296875 0.6010689796875 0.7981687546875 0.6275911062499999 0.7925210046875 0.6652165828125 0.8002054718749999 0.663600728125 0.8087237921874999 0.6264814109375 0.8165860078125 0.6070715234375 0.8122550125 0.6568127687499999 0.8226278625000001 0.6259621203125
40 0.826196959375 0.6759837640625 0.8232197546875 0.7008444671875 0.79816935 0.7471987359375001 0.7952752125 0.763612196875 0.7840309421875 0.7954770828125 0.7753485328124999 0.844717471875 0.774933190625 0.8869536765625 0.7913842546875001 0.8813925546875 0.8084168 0.81670074375 0.8228874812500001 0.73463343125 0.8285096171875 0.7187009890625 0.845874434375 0.6202202125 0.85149656875 0.6042877718749999 0.860178978125 0.555047384375 0.8576171171875 0.53767188125 0.8469298328124999 0.5440919390625 0.8361674718750001 0.5659611499999999 0.8213224406249999 0.6158910343749999 0.8153680296875001 0.6656124421875 0.8151188250000001 0.690954165625 0.8205748234374999 0.6919162046875 0.826196959375 0.6759837640625