26 0.1255554625 0.41874811406249995 0.13521853125 0.2605582671875 0.11593417343750001 0.2585313984375 0.0894582609375 0.36467873125 0.035614475 0.7444643625 0.0565805703125 0.6377379234375 0.1031910203125 0.684533059375 0.07608791875000001 0.5978920515625 0.1255554625 0.41874811406249995
48 0.14737173750000002 0.4629372765625 0.11263110000000001 0.5682159515625 0.1116787359375 0.643528975 0.1287145703125 0.65369875 0.147432140625 0.5551152171875 0.14737173750000002 0.4629372765625
45 0.1852714828125 0.592609234375 0.24968892187499997 0.297727296875 0.26014176718750004 0.1982751078125 0.2465902171875 0.154954603125 0.203868246875 0.309669821875 0.17773613125 0.5583002953125 0.1433708359375 0.6475973875000001 0.1415664984375 0.6899944390625 0.1775131421875 0.6001730359375 0.1815642109375 0.66763270625 0.20309709374999999 0.6615166671875 0.1852714828125 0.592609234375
34 0.2370523546875 0.47112609531249994 0.220801896875 0.5460682171875 0.2120287421875 0.6335200265625 0.2222873625 0.6452450421875 0.24052609062500002 0.572634925 0.25240205 0.6164234140625 0.2530710203125 0.490805190625 0.2370523546875 0.47112609531249994
36 0.265893196875 0.5675659765625001 0.284671171875 0.561160384375 0.2938882625 0.48671601875 0.2638676640625 0.533836140625 0.24805038906250002 0.669246209375 0.26078763125000004 0.707848615625 0.28951201875 0.6873577125 0.320545384375 0.657102509375 0.2590065765625 0.6491043875 0.265893196875 0.5675659765625001
21 0.502025534375 0.533729834375 0.5414862109375 0.37029260625 0.5093378953125 0.609911515625 0.5163668625 0.635787996875 0.557225884375 0.3132922625 0.515233290625 0.43456719687499995 0.5081439171875 0.3165127765625 0.4539563359375 0.553815265625 0.44350349062500005 0.6532674546874999 0.5039302625000001 0.38310378749999996 0.502025534375 0.533729834375
13 0.5529928484375 0.6693567984375 0.5209243156250001 0.711680125 0.5191939640625 0.77227163125 0.5506351015625001 0.7170192125 0.5811135984375 0.645695784375 0.5972115671875 0.568871996875 0.6066516453124999 0.452554890625 0.6005146390625 0.25918744375 0.561560346875 0.4310571328125 0.5423967953125 0.6133861453125 0.5544291953125 0.6314092734375001 0.59006179375 0.358639634375 0.5951860328125 0.5351421625 0.5683204234375 0.64967444375 0.5529928484375 0.6693567984375
28 0.612922125 0.3935177875 0.6031052031249999 0.46168957656250004 0.6209671734375 0.4263035125 0.5857825109375 0.7526537453125 0.592544140625 0.7640109765624999 0.6336719453125 0.40634549062499997 0.6633969671875 0.40946971718749997 0.661704315625 0.366704865625 0.612922125 0.3935177875
1 0.7370717953125 0.5501816171875 0.7636210171875 0.37688144375 0.752478525 0.386776659375 0.724046115625 0.5647826328125001 0.7037705453124999 0.6904121875 0.707388540625 0.765319303125 0.7177030156249999 0.7344632437499999 0.7165636671875 0.68643326875 0.7370717953125 0.5501816171875
0 0.748731525 0.5847973859375 0.752785321875 0.6529769015625 0.7693120437500001 0.653994371875 0.790169546875 0.566408971875 0.8022501343749999 0.47311312031249997 0.7890535562500001 0.4172377265625 0.77492404375 0.42834485312500004 0.748731525 0.5847973859375
46 0.8232837515625 0.5847267781250001 0.82243308125 0.6346489734375 0.8306286296875 0.6031499015625 0.8359561031249999 0.5478146265625 0.8349230234375 0.5065200062499999 0.8283362578125001 0.5087696578124999 0.8217186828124999 0.5345508328124999 0.8162935453125 0.5722247 0.8173215453125 0.5252631109375 0.8102516328125 0.5274618328125 0.80274745625 0.538440490625 0.795212371875 0.5729507953125 0.7910258 0.55851881875 0.7858423890624999 0.6249193703125 0.7814323703125 0.6715256453125 0.7883249109375 0.6663663328125 0.79473433125 0.661156225 0.7974379296875 0.6261381109374999 0.8003188109374999 0.5940805796874999 0.8057131406250001 0.5799382343749999 0.8063427359374999 0.6064811 0.8033333656250001 0.6444088906250001 0.8108863968750001 0.6422609296874999 0.8167946531249999 0.604637825 0.8232837515625 0.5847267781250001
40 0.8276714999999999 0.6685074328125 0.8331813171875 0.6690865374999999 0.8376783671875 0.6528007265625 0.8364426093749999 0.6778085500000001 0.8146867359375 0.7257973296875 0.8129445953125 0.7423726937499999 0.803950496875 0.77494431875 0.7987240734375 0.8246704140625001 0.8012559921875001 0.86683270625 0.8172790578125 0.8601375640625 0.8297574390625 0.7944152078125 0.8384681437499999 0.711538384375 0.8429651937499999 0.695252571875 0.8534180390625 0.59580038125 0.8579150890625 0.5795145703125 0.8631415125 0.5297884749999999 0.8593738375 0.5126340046875 0.8491604265625 0.51978393125 0.8399498015625 0.5423506140625001 0.8286238640624999 0.593194409375 0.8261523499999999 0.6432100562499999 0.8276714999999999 0.6685074328125