28 0.1903322234375 0.6869510890625 0.1581558390625 0.446509740625 0.1759460359375 0.45450845624999997 0.16866013124999998 0.4095795171875 0.1496382875 0.3915491765625 0.1318536234375 0.433257140625 0.1500567484375 0.4525958359375 0.18310465781250002 0.692930175 0.1903322234375 0.6869510890625
34 0.21781350000000002 0.70903439375 0.2181618265625 0.63261908125 0.2354526125 0.737417590625 0.239496259375 0.6910975828125 0.20162491093749998 0.49338416250000006 0.178874403125 0.49997240937500004 0.1833484140625 0.601253196875 0.2015107171875 0.7059446984375 0.21781350000000002 0.70903439375
35 0.23886849062499999 0.5995276140625 0.217824165625 0.4137260359375 0.208084815625 0.41626448437499997 0.25186004687499997 0.755768940625 0.2695455859375 0.7485060046875 0.26696554843750003 0.6266267375 0.2482920359375 0.5321811078125 0.23886849062499999 0.5995276140625
28 0.388266328125 0.677922340625 0.3987242734375 0.6766382656250001 0.3611096859375 0.4063156375 0.378841571875 0.3634065515625 0.3699636859375 0.2983069515625 0.32323837499999997 0.3486968578125 0.3274815921875 0.4206277265625 0.346805525 0.397889115625 0.388266328125 0.677922340625
18 0.41107618749999997 0.6547557125 0.40282617343749993 0.6812262687499999 0.41334234218750004 0.7308499828125 0.4365124890625 0.71782196875 0.4346648703125 0.7027743234375 0.4205116859375 0.6739631078125 0.3950052546875 0.47343487812499996 0.40259305625 0.4775946390625 0.3970502 0.4324517046875 0.3752406265625 0.426270928125 0.41107618749999997 0.6547557125
11 0.4569516171875 0.60329938125 0.4683274328125 0.5662621734375 0.45963787187499994 0.49236197343750004 0.44859464375 0.4559362921875 0.431332971875 0.458055759375 0.4294299453125 0.49607104062499996 0.45811923125 0.6940504046875 0.47521849375 0.723252546875 0.479696321875 0.6914010703125 0.47920383906249997 0.626024759375 0.4569516171875 0.60329938125
23 0.4788025703125 0.45222722656250003 0.47321846718750005 0.4781006125 0.4908645265625 0.6396542953125001 0.5019077546874999 0.6760799765625001 0.51980376875 0.66128875 0.5223411359375 0.610601709375 0.5101542015625 0.51134709375 0.491748825 0.450637625 0.4788025703125 0.45222722656250003
22 0.5795852781249999 0.6665423765625 0.580219621875 0.653870615625 0.5814883046875 0.6285270953125 0.5564800937500001 0.44268962500000003 0.5545770671875 0.48070490625 0.5661296609375001 0.59263128125 0.5293189015624999 0.4712123453125 0.5200537234375 0.4849438390625 0.5420152015624999 0.6459676562500001 0.53541236875 0.520839653125 0.5538177484375 0.581549121875 0.56054555625 0.61850466875 0.564860975 0.6179748015625 0.5795852781249999 0.6665423765625
23 0.5926565109374999 0.5767803203125 0.606746471875 0.6380196546875 0.62032706875 0.6237582953125 0.6198177031250001 0.5482576 0.610677503125 0.47381663906249993 0.5922721234375 0.41310717031250005 0.58478499375 0.4769958390625 0.5926565109374999 0.5767803203125
26 0.67883989375 0.6543554421875 0.688105071875 0.6406239484375 0.6617031984375 0.568302453125 0.658656465625 0.5434888 0.661193834375 0.4928017578125 0.6551003671875 0.44317445156249996 0.644057140625 0.4067487703125 0.6267954687499999 0.4088682375 0.62362375625 0.47222703906249996 0.6419041578125 0.6211089609375 0.6529473859375 0.6575346421875 0.648122603125 0.5825638140625 0.652438021875 0.582033946875 0.67883989375 0.6543554421875
2 0.7702229921875 0.5423840249999999 0.7628608406249999 0.5181002390625 0.7622264984375 0.5307719984375 0.7713667 0.605212959375 0.77936319375 0.6168249875 0.8044963812500001 0.7144900015625 0.805130725 0.7018182421875 0.8063994078125001 0.6764747203125 0.788628371875 0.60309349375 0.7825349046875 0.5534661859375001 0.783803590625 0.528122665625 0.768569921875 0.4040543953125 0.75752669375 0.367628715625 0.7532112765625001 0.36815858281249997 0.75130825 0.40617386250000004 0.7574017171875 0.45580117031249995 0.7653982109374999 0.46741319687500005 0.7721260187500001 0.5043687453125 0.7702229921875 0.5423840249999999
5 0.8588187671874999 0.6574445609375 0.8482849046875 0.6965195750000001 0.861231159375 0.694929975 0.8680839468749999 0.6437130671875 0.8619904796875 0.594085759375 0.839904025 0.5212343984375 0.827717090625 0.42197978281250004 0.8456131046875001 0.40718855468750004 0.8475161312499999 0.36917327499999997 0.8438350546875 0.35703138125 0.8222579640625 0.3596807140625 0.8160395203125 0.3982258625 0.8312731875000001 0.52229413125 0.86072179375 0.6194292796875 0.8588187671874999 0.6574445609375