26 0.13076105625 0.8313121593749999 0.08471844843750001 0.7908901015625001 0.09164498125000001 0.617182978125 0.07328418125 0.573258203125 0.049084878124999995 0.6364516140625 0.0834778796875 0.88227486875 0.0935755453125 0.8842647124999999 0.0904346640625 0.8301617078125 0.131893903125 0.8584252421875 0.13076105625 0.8313121593749999
48 0.1220326078125 0.7590715296874999 0.1330199578125 0.8372505875 0.1605854296875 0.8599509218750001 0.1719176109375 0.7919222640625 0.157545921875 0.6980047328125 0.1423444921875 0.6660507578125 0.12391238125 0.6857277171875 0.1220326078125 0.7590715296874999
45 0.19147600781250002 0.8568696265625 0.20548021093750002 0.8549014640625 0.2198063328125 0.8869783218749999 0.24640525625 0.8730129921875 0.2475368609375 0.8344434906249999 0.2217047328125 0.8560302343749999 0.2081437421875 0.8266926281250001 0.2137345140625 0.693034846875 0.1917598140625 0.53667673125 0.1647383546875 0.48068192656250003 0.1606987140625 0.56801843125 0.1708035671875 0.7097775671875 0.18921031093750001 0.8026434625000001 0.17655123749999999 0.8078317171875 0.1782183421875 0.84509665 0.19147600781250002 0.8568696265625
34 0.23654951093749998 0.75626443125 0.2475368609375 0.8344434906249999 0.264610446875 0.8320439546875 0.266737953125 0.7852397359375 0.2900969625 0.8151748546875 0.2555028703125 0.680521084375 0.2384292828125 0.6829206203125 0.23654951093749998 0.75626443125
36 0.32107903125 0.8454730671874999 0.34948291875000004 0.7669670875000001 0.347716071875 0.7428677015625 0.31537674375 0.798548159375 0.2966786640625 0.7876754453125 0.29514372031249997 0.714811540625 0.3166715046875 0.731716815625 0.3030611828125 0.6472627906249999 0.283519065625 0.673482259375 0.277566378125 0.7390903765625 0.2901229265625 0.8157334125 0.301694534375 0.83456131875 0.32107903125 0.8454730671874999
21 0.46520613125 0.5627220937499999 0.42242085625000003 0.4869184515625 0.45353922031250005 0.76549445625 0.462227425 0.757455453125 0.44022895 0.56282326875 0.47721177499999995 0.6227875203125001 0.47988329375000005 0.5426888328125 0.5113103999999999 0.704362103125 0.5286317203124999 0.728502159375 0.474743340625 0.4591108140625 0.46520613125 0.5627220937499999
13 0.54017571875 0.4737780625 0.52241280625 0.44900218281250004 0.508878521875 0.45431342656249996 0.55095125 0.738652559375 0.5664413453125 0.7497627734375001 0.5874736640625 0.7135888625 0.5920809078125 0.6335256984375001 0.561632653125 0.5184889578125 0.54017571875 0.4737780625
28 0.6549762671875 0.7107455921875 0.6012781796875 0.4525482671875 0.628724890625 0.43065201406250003 0.6475751984375 0.43141175625 0.6388416546875 0.3883218296875 0.6038312640625 0.39324221875 0.5859848953125 0.40597744375 0.569078353125 0.4253987171875 0.5797556546875 0.48866964218750003 0.5847495828125 0.4606954984375 0.59811119375 0.47956776874999996 0.6459034265625 0.7180052531250001 0.6549762671875 0.7107455921875
1 0.7331649484375 0.38750757343750003 0.7274483468749999 0.41163605312499996 0.774109228125 0.7118910171875 0.7883979812499999 0.7185688015625 0.770839434375 0.6441698953125 0.7331649484375 0.38750757343750003
0 0.8186349734375 0.6611704515625 0.8278881953124999 0.55357235625 0.800371271875 0.444498365625 0.7664718296874999 0.4758370328125 0.769590265625 0.5351911859375 0.7874070515625 0.6124104296875 0.8186349734375 0.6611704515625
46 0.8633523343749999 0.4641256203125 0.856331175 0.509429725 0.84065995 0.47413294375000004 0.83807960625 0.52563105 0.8224083562500001 0.4903341109375 0.8226658359375 0.51757021875 0.8242042093749999 0.5412171703124999 0.833149953125 0.56041411875 0.8429518859374999 0.62380806875 0.85339074375 0.6155230265625 0.8449338390625 0.555349021875 0.8481128953124999 0.520811825 0.861010453125 0.587179853125 0.8678837078124999 0.57257780625 0.866898765625 0.5147626640625 0.8783868390625 0.5711016875 0.8901707062499999 0.5660364343750001 0.8788113843750001 0.52331555 0.8633523343749999 0.4641256203125
40 0.9402290437499999 0.683943134375 0.9429892921875 0.6370210234375 0.935407596875 0.576724015625 0.8993980781250001 0.43058105468749996 0.8869200921875 0.45399528437500003 0.8830588531249999 0.5090825328124999 0.8929896765625 0.58609444375 0.9075280749999999 0.5942782875 0.915765534375 0.5385761609374999 0.9021930593749999 0.6325274624999999 0.9163069140625 0.6884974578125 0.9335355375000001 0.703121184375 0.9402290437499999 0.683943134375