18 0.03279005 0.5908910484375001 0.0242085578125 0.563614525 0.059719485937500004 0.39650996875 0.03936385625 0.410287428125 0.030270676562499998 0.502283684375 0.015519342187499998 0.561448059375 0.0009834546875 0.5703923140625 0.03279005 0.5908910484375001
47 0.0637424875 0.54156851875 0.0618503390625 0.5715841765625 0.04574826875 0.6361660546875 0.049257815625 0.6370410828125 0.0723275140625 0.5856291890625 0.08741485624999999 0.5512817359375 0.0862627734375 0.6119691609375 0.10040397812499999 0.5926294375000001 0.098149571875 0.508227146875 0.07427116875 0.5441936140625 0.0683011015625 0.50459595625 0.0473403375 0.5478631890625 0.0637424875 0.54156851875
43 0.074255709375 0.74235775625 0.0666167359375 0.68328933125 0.056742309375 0.730369271875 0.065310128125 0.7782365234374999 0.086522015625 0.749226959375 0.10561681249999999 0.6053619046875001 0.1234050015625 0.556444053125 0.126208903125 0.51903399375 0.10842071718749999 0.5679518453125 0.091956065625 0.5932647578125 0.0941077765625 0.6253579140625 0.074255709375 0.74235775625
43 0.123548121875 0.3872873171875 0.1321834765625 0.4020088109375 0.1470156046875 0.32401189375 0.123548121875 0.3872873171875
22 0.23537682499999998 0.67910698125 0.27096854531250003 0.4931698796875 0.2326689359375 0.634442221875 0.2245452703125 0.5004479453124999 0.183079946875 0.7037732812499999 0.2155598140625 0.5673341453125 0.23537682499999998 0.67910698125
48 0.25269220937500003 0.714439365625 0.2699721 0.7254379281250001 0.29947477031249997 0.60710918125 0.2821232703125 0.5964987374999999 0.258655790625 0.6597741609375001 0.25269220937500003 0.714439365625
55 0.30794853906249997 0.659495765625 0.309499353125 0.7781450624999999 0.3661190203125 0.6174412296875 0.3221881875 0.719604171875 0.32546162500000003 0.6324411203125 0.30794853906249997 0.659495765625
48 0.3977909609375 0.6693275375 0.37681630625 0.65392486875 0.35112530625 0.7331032359375 0.34991084375 0.7767880203125 0.365445746875 0.7743791 0.3888079078125 0.7217004296875 0.3977909609375 0.6693275375
46 0.510885415625 0.6661040046875 0.47001257343749997 0.7313240140625 0.47955681875 0.66048646875 0.4583792265625 0.6818826921875 0.4392312140625 0.642810275 0.4092688578125 0.697326215625 0.4033413921875 0.7272694796875 0.44405265 0.6997145609375 0.42334691874999997 0.7950997125 0.45376914375000005 0.73027518125 0.449414565625 0.80159910625 0.49618794218750006 0.7127133484375 0.4870947640625 0.80470960625 0.510885415625 0.6661040046875
42 0.5016306515625 0.79576535 0.5190898749999999 0.7812657359374999 0.515951090625 0.8370412140625 0.5455884171875 0.6873248937499999 0.5016306515625 0.79576535
42 0.5838341640625 0.55860758125 0.56047440625 0.5967729453125 0.548511753125 0.681769534375 0.56605176875 0.648437375 0.5838341640625 0.55860758125
57 0.626849346875 0.6698801421875 0.606412925 0.702490146875 0.6066283718750001 0.6522700265625 0.5920655531250001 0.6674917984375 0.5802914171875 0.7085457828124999 0.5947465109375 0.718434071875 0.5595048921875 0.822763478125 0.5916615890625 0.7616545203125 0.5972120203125 0.8195964625000001 0.6013079859375 0.7365734984375 0.626849346875 0.6698801421875
3 0.7337750359374999 0.5790551359375 0.7170149390625 0.6043817359375 0.69647079375 0.6621018000000001 0.717690090625 0.6398304265625 0.6903548125000001 0.73598766875 0.722484578125 0.6811562234374999 0.7281965953125 0.7014330796875 0.6901662953125001 0.779930271875 0.6988555109375 0.7820967375000001 0.7427863453125 0.67993379375 0.73086819375 0.6393050625 0.7337750359374999 0.5790551359375
0 0.7878986203125 0.6535243453125 0.768988646875 0.6550456140625001 0.745521165625 0.7183210390625 0.7417248421875 0.76396145 0.7598416046875001 0.7595969015625 0.7862324218750001 0.6907661171874999 0.7878986203125 0.6535243453125
7 0.8174465375000001 0.8493701765624999 0.928721825 0.594323896875 0.8939111015625001 0.59821306875 0.89951539375 0.6435999812500001 0.8877951203125001 0.6720989359375 0.8676010765625 0.64821130625 0.87607484375 0.7005978890625 0.8174465375000001 0.8493701765624999
0 0.9212790484375001 0.6829689515624999 0.9368993531250001 0.7157631421875 0.969190703125 0.6232666109375 0.951893065625 0.6001011375 0.944434596875 0.6125238015625001 0.9212790484375001 0.6829689515624999