28 0.143867925 0.3947368421875 0.1533018875 0.368421053125 0.1603773578125 0.40789473750000005 0.1603773578125 0.618421053125 0.1674528296875 0.6578947375 0.16981132031249999 0.6447368421874999 0.17452830156250002 0.618421053125 0.16981132031249999 0.5657894734375 0.16981132031249999 0.40789473750000005 0.1768867921875 0.368421053125 0.1816037734375 0.3947368421875 0.2051886796875 0.3947368421875 0.20754717031249997 0.3552631578125 0.1627358484375 0.3421052625 0.1580188671875 0.3157894734375 0.12971698125 0.3421052625 0.12971698125 0.3947368421875 0.143867925 0.3947368421875
34 0.1839622640625 0.5131578953125 0.1839622640625 0.5657894734375 0.188518334375 0.6228583953125 0.2019906890625 0.6479362375 0.218202953125 0.6003110796875 0.22983358437499998 0.6529517375 0.219055703125 0.5426096046875 0.2146226421875 0.4736842109375 0.1910377359375 0.4736842109375 0.1839622640625 0.5131578953125
35 0.2594339625 0.6447368421874999 0.26415094375 0.618421053125 0.26415094375 0.539473684375 0.2594339625 0.48684210468750005 0.252358490625 0.4473684203125 0.242924528125 0.4473684203125 0.23584905625000002 0.40789473750000005 0.2361206328125 0.2767851578125 0.22803721718749997 0.2968472890625 0.22713911250000002 0.5225472375 0.22641509375000002 0.618421053125 0.238207546875 0.6578947375 0.2594339625 0.6447368421874999
26 0.344339621875 0.48684210468750005 0.34905660312500003 0.40789473750000005 0.34198113281250003 0.368421053125 0.3136792453125 0.368421053125 0.3113207546875 0.6447368421874999 0.32311320781249997 0.6578947375 0.3278301890625 0.57894736875 0.34198113281250003 0.6578947375 0.34905660312500003 0.6447368421874999 0.33490566093749996 0.539473684375 0.344339621875 0.48684210468750005
10 0.39150943437499997 0.6447368421874999 0.386792453125 0.43421052656250003 0.382075471875 0.381578946875 0.375 0.368421053125 0.3636589671875 0.45232963125000003 0.353773584375 0.539473684375 0.344339621875 0.6447368421874999 0.35141509375 0.6578947375 0.353773584375 0.618421053125 0.3655660375 0.5526315796875 0.37971698125 0.5526315796875 0.382075471875 0.6447368421874999 0.39150943437499997 0.6447368421874999
21 0.41037735781249995 0.48684210468750005 0.40094339687499997 0.5921052625 0.40330188749999996 0.6578947375 0.41745282968749997 0.5526315796875 0.41981132031249996 0.618421053125 0.4268867921875 0.6578947375 0.44575471718750004 0.5263157890625 0.4481132078125 0.618421053125 0.45518867968750004 0.6578947375 0.4622641515625 0.6447368421874999 0.4622641515625 0.5921052625 0.45754717031250003 0.5657894734375 0.45518867968750004 0.3947368421875 0.44575471718750004 0.3947368421875 0.4386792453125 0.43421052656250003 0.4386792453125 0.48684210468750005 0.43160377343749995 0.5263157890625 0.4245283015625 0.48684210468750005 0.42216981093749995 0.3947368421875 0.41745282968749997 0.3947368421875 0.41037735781249995 0.43421052656250003 0.41037735781249995 0.48684210468750005
23 0.492924528125 0.368421053125 0.478773584375 0.368421053125 0.47169811250000004 0.40789473750000005 0.47169811250000004 0.5131578953125 0.46698113281250003 0.5657894734375 0.478773584375 0.6578947375 0.5 0.6447368421874999 0.50471698125 0.618421053125 0.50471698125 0.40789473750000005 0.492924528125 0.368421053125
26 0.530660378125 0.5526315796875 0.5542452828125 0.6842105265625 0.5660377359375001 0.67105263125 0.5660377359375001 0.6447368421874999 0.5424528296875 0.539473684375 0.5424528296875 0.5131578953125 0.5566037734375 0.40789473750000005 0.5495283015625 0.368421053125 0.5400943390624999 0.368421053125 0.53341065625 0.36706513125 0.5212264156249999 0.368421053125 0.51415094375 0.40789473750000005 0.51415094375 0.67105263125 0.5283018875 0.67105263125 0.530660378125 0.5526315796875
18 0.5707547171875 0.40789473750000005 0.5707547171875 0.460526315625 0.5754716984375 0.48684210468750005 0.5754716984375 0.6447368421874999 0.5896226421875 0.6447368421874999 0.5849056609375001 0.5921052625 0.5849056609375001 0.381578946875 0.5778301890625 0.368421053125 0.5707547171875 0.40789473750000005
20 0.636792453125 0.618421053125 0.613207546875 0.5921052625 0.613207546875 0.539473684375 0.608490565625 0.5131578953125 0.608490565625 0.381578946875 0.60141509375 0.368421053125 0.599056603125 0.6447368421874999 0.606132075 0.6842105265625 0.608490565625 0.67105263125 0.6344339625 0.6578947375 0.636792453125 0.618421053125
2 0.6839622640624999 0.618421053125 0.7216981125 0.618421053125 0.7075471703125 0.5657894734375 0.7169811328125 0.460526315625 0.7169811328125 0.381578946875 0.7099056609375001 0.3421052625 0.7051886796875 0.368421053125 0.6863207546875 0.368421053125 0.6863207546875 0.42105263125 0.7051886796875 0.42105263125 0.7075471703125 0.460526315625 0.7004716984375 0.5 0.6886792453125 0.5131578953125 0.6839622640624999 0.618421053125
5 0.752358490625 0.57894736875 0.75 0.618421053125 0.761792453125 0.631578946875 0.766509434375 0.6578947375 0.77358490625 0.6447368421874999 0.7830188671875 0.618421053125 0.7877358484375 0.5131578953125 0.780660378125 0.4736842109375 0.76415094375 0.460526315625 0.7712264156249999 0.42105263125 0.8042452828125001 0.42105263125 0.8042452828125001 0.368421053125 0.75471698125 0.381578946875 0.75471698125 0.5131578953125 0.7712264156249999 0.5263157890625 0.77358490625 0.5657894734375 0.752358490625 0.57894736875
46 0.8207547171874999 0.48684210468750005 0.8278301890625 0.5 0.8325471703125 0.4736842109375 0.8349056609375 0.5921052625 0.8443396218749999 0.5921052625 0.8466981125 0.5526315796875 0.85141509375 0.57894736875 0.86084905625 0.57894736875 0.8632075468749999 0.539473684375 0.87028301875 0.5263157890625 0.875 0.57894736875 0.8820754718750001 0.539473684375 0.87028301875 0.4473684203125 0.8419811328125 0.4473684203125 0.8372641515625 0.42105263125 0.8231132078125001 0.42105263125 0.8207547171874999 0.48684210468750005
40 0.877358490625 0.8026315796875 0.9033018875 0.9473684203125 0.9150943390625 0.9342105265624999 0.914740415625 0.891149684375 0.914740415625 0.7858230265625 0.91563851875 0.5801854468750001 0.9201293578125 0.454796446875 0.9174528296875 0.3947368421875 0.89858490625 0.3947368421875 0.8833048625 0.47485881562500004 0.882406759375 0.55009213125 0.9033018875 0.5526315796875 0.9056603781250001 0.618421053125 0.877358490625 0.7763157890625 0.877358490625 0.8026315796875