12 0.17052023125 0.7352941171875 0.15317919062500002 0.7352941171875 0.1445086703125 0.66176470625 0.1502890171875 0.5147058828125 0.1676300578125 0.3970588234375 0.1676300578125 0.367647059375 0.1589595375 0.3529411765625 0.1387283234375 0.5147058828125 0.1329479765625 0.6911764703125 0.14739884375 0.794117646875 0.1734104046875 0.7794117640625 0.17052023125 0.7352941171875
10 0.25144508593750003 0.3235294125 0.23988439375 0.3235294125 0.20809248593750002 0.5147058828125 0.2023121390625 0.6911764703125 0.2138728328125 0.6911764703125 0.222543353125 0.58823529375 0.26011560624999996 0.5735294125 0.26011560624999996 0.3970588234375 0.25144508593750003 0.3235294125
26 0.2716763 0.544117646875 0.2716763 0.7205882359375 0.28323699375 0.7205882359375 0.289017340625 0.6323529406249999 0.2976878609375 0.58823529375 0.3034682078125 0.6176470593750001 0.335260115625 0.6029411765625 0.312138728125 0.5735294125 0.32947976875 0.4852941171875 0.32947976875 0.4264705875 0.32080924843749997 0.382352940625 0.2919075140625 0.382352940625 0.277456646875 0.455882353125 0.277456646875 0.5147058828125 0.2716763 0.544117646875
28 0.3959537578125 0.382352940625 0.3959537578125 0.3235294125 0.3728323703125 0.3235294125 0.3670520234375 0.3529411765625 0.35260115625 0.367647059375 0.36994219687499996 0.4264705875 0.36416185 0.455882353125 0.36416185 0.66176470625 0.37572254374999997 0.66176470625 0.381502890625 0.3970588234375 0.3959537578125 0.382352940625
18 0.41040462499999997 0.3970588234375 0.41040462499999997 0.66176470625 0.41618497187500003 0.66176470625 0.42196531718749997 0.6323529406249999 0.42196531718749997 0.4264705875 0.42774566406250003 0.3970588234375 0.41907514375000005 0.3529411765625 0.41040462499999997 0.3970588234375
12 0.4739884390625 0.544117646875 0.49710982656249997 0.3970588234375 0.482658959375 0.382352940625 0.46820809218750004 0.4852941171875 0.46242774531249997 0.6029411765625 0.46820809218750004 0.6323529406249999 0.46820809218750004 0.7205882359375 0.4768786125 0.7647058828125 0.4913294796875 0.75 0.4739884390625 0.6323529406249999 0.4739884390625 0.544117646875
10 0.5260115609375 0.6911764703125 0.540462428125 0.5294117640625 0.5693641625 0.5294117640625 0.5693641625 0.6470588234375 0.5780346828125 0.6029411765625 0.583815028125 0.544117646875 0.583815028125 0.367647059375 0.5751445093750001 0.3235294125 0.55780346875 0.294117646875 0.5375722546875 0.367647059375 0.5144508671875 0.6029411765625 0.5144508671875 0.6911764703125 0.5260115609375 0.6911764703125
26 0.6127167625000001 0.66176470625 0.6213872828125 0.58823529375 0.6329479765625 0.58823529375 0.6387283234375001 0.6176470593750001 0.67052023125 0.6029411765625 0.6502890171875 0.58823529375 0.63583815 0.544117646875 0.6416184968749999 0.3970588234375 0.6329479765625 0.3529411765625 0.6213872828125 0.3529411765625 0.606936415625 0.4264705875 0.606936415625 0.66176470625 0.6127167625000001 0.66176470625
14 0.718881509375 0.6076783828125001 0.6884221390625 0.5301121765625 0.7242566874999999 0.47992247031249996 0.7225433531250001 0.455882353125 0.6812552593750001 0.41604441249999996 0.7283237 0.33823529375 0.7254335265625 0.294117646875 0.7080924859375 0.294117646875 0.6776717796875 0.333915559375 0.676300578125 0.3970588234375 0.676300578125 0.6029411765625 0.6937973171875 0.6213665296875 0.718881509375 0.6076783828125001
28 0.8439306359375 0.5147058828125 0.8381502890625001 0.544117646875 0.8381502890625001 0.6911764703125 0.8439306359375 0.6911764703125 0.8497109828125 0.66176470625 0.8497109828125 0.4852941171875 0.8554913296875 0.4264705875 0.86416185 0.382352940625 0.881502890625 0.382352940625 0.881502890625 0.3529411765625 0.8526011562500001 0.3235294125 0.8208092484374999 0.3970588234375 0.823699421875 0.44117647031249996 0.82947976875 0.41176470624999995 0.8439306359375 0.4264705875 0.8439306359375 0.5147058828125
27 0.8901734109375001 0.6029411765625 0.8901734109375001 0.6323529406249999 0.8988439312500001 0.6764705875 0.91907514375 0.66176470625 0.91907514375 0.544117646875 0.9132947984375 0.5147058828125 0.9132947984375 0.455882353125 0.9248554906249999 0.367647059375 0.9219653171875001 0.3235294125 0.916184971875 0.3235294125 0.9075144515625 0.3970588234375 0.9075144515625 0.5735294125 0.9132947984375 0.6029411765625 0.9046242781249999 0.6470588234375 0.893063584375 0.58823529375 0.8901734109375001 0.6029411765625