28 0.083709034375 0.8029915593749999 0.054794589062499996 0.5302891125 0.082230203125 0.5025452046875001 0.078583971875 0.45424243124999997 0.01063626875 0.48696059687500004 0.0480425734375 0.53111815625 0.074991384375 0.78781179375 0.083709034375 0.8029915593749999
34 0.08766992812499999 0.705004271875 0.10482018906249999 0.7516489609375 0.12339563437500001 0.716867865625 0.10049098906250001 0.6140541734375 0.08502132500000001 0.59970345 0.08766992812499999 0.705004271875
35 0.13436395625 0.7317712828125 0.15461999843750002 0.729284153125 0.152113915625 0.615840753125 0.1373272203125 0.6907820453125 0.11120389687500001 0.5152378421875 0.13436395625 0.7317712828125
54 0.262111784375 0.618584871875 0.254077103125 0.6926971187500001 0.21530486249999997 0.4699555328125 0.24493189843750002 0.7019450890625001 0.26715357812499996 0.7154667671875 0.27068691562499997 0.6419072171875 0.2933361484375 0.631001159375 0.2712569875 0.6093369015625 0.249064934375 0.4658103171875 0.262111784375 0.618584871875
53 0.30570003125 0.6944836999999999 0.2899749546875 0.5664132296875 0.295331409375 0.5170050640625 0.2704611265625 0.3981825625 0.2728246921875 0.5197685421875 0.2874392453125 0.5829747328125 0.28854976875 0.6478390125 0.30570003125 0.6944836999999999
51 0.3174105671875 0.5386693218749999 0.3290618578125 0.642864753125 0.34649715468750003 0.673224284375 0.3358138703125 0.6420357109375 0.32473265625000003 0.5052699656249999 0.3044766125 0.50775709375 0.306840178125 0.6293430734375 0.319346578125 0.6846830359375 0.3174105671875 0.5386693218749999
34 0.3400598015625 0.527763265625 0.359858665625 0.6797087765625001 0.38700924375 0.6682500250000001 0.3497750796875 0.485944984375 0.3400598015625 0.527763265625
46 0.425270659375 0.6635521140625 0.40547179531250005 0.5116066046875 0.367352896875 0.5081619374999999 0.389402434375 0.6598311 0.39111265624999997 0.5621201609375001 0.40712276875000003 0.6739054734375001 0.40490172187500006 0.5441769171875 0.425270659375 0.6635521140625
34 0.452298171875 0.7207448046875 0.4563881515625 0.6373485125 0.4712820671875 0.5908846796875 0.46227903281250005 0.602132503125 0.42826354687499996 0.4925579703125 0.41945377187500005 0.5334839578125 0.43230771093750003 0.6464379140625 0.452298171875 0.7207448046875
45 0.457266865625 0.37524570156250003 0.47453002031249997 0.5437527171875 0.48328690312499994 0.581026546875 0.457266865625 0.37524570156250003
45 0.48349918281250004 0.5827053531249999 0.47856254531250003 0.5772377546875 0.478033734375 0.6001980687499999 0.496722075 0.6872792999999999 0.48349918281250004 0.5827053531249999
26 0.5336175546875 0.5039973625 0.555239534375 0.680094259375 0.5619915484375 0.6792652171875 0.5548416031250001 0.574517090625 0.5822772171875 0.5467731828125 0.5578048671875 0.5335278515625 0.5598001265625 0.4195317546875 0.5478638015625 0.3316214796875 0.5336175546875 0.5039973625
38 0.577089665625 0.4973082625 0.58210025 0.56364580625 0.5956564328125 0.6448752765625 0.6141264734375 0.6713014828125 0.6344750375 0.6656146796875 0.623285409375 0.6255416859375 0.601008625 0.6155240656250001 0.5913616359375 0.588014525 0.5912197531250001 0.55539340625 0.5978181296875 0.545774715625 0.5880103546875 0.47683800937500004 0.577089665625 0.4973082625
53 0.5944153109375 0.36653106874999997 0.6008822890625 0.3819871828125 0.6109954984375 0.4457460703125 0.6102829062499999 0.4864589625 0.607889715625 0.49487788750000006 0.618573 0.5260664625 0.6342980765624999 0.654136934375 0.6410500906250001 0.653307890625 0.6393694937500001 0.6210139234375001 0.6331875515625 0.5892726546875 0.6253250140625 0.5252374203125 0.6257525687500001 0.500809684375 0.6302539125 0.5002569890624999 0.628430796875 0.4761056015625 0.6197131484375 0.4609258359375 0.60595370625 0.348864175 0.6017373984375001 0.3331317125 0.5978061296875 0.3011140953125 0.5911966328125 0.293800559375 0.5907690796875 0.31822829375 0.5947003484375 0.35024591250000003 0.5944153109375 0.36653106874999997
34 0.6771061234375 0.6189333343750001 0.6646969546875 0.5854037859375001 0.6597958687500001 0.5764235281250001 0.648686840625 0.47361847343749996 0.6456349 0.47932728593749996 0.6378610375 0.4505724765625 0.6375760015624999 0.4668576328125 0.628573315625 0.46796302343749996 0.6326166125 0.5191844531250001 0.6360082984375001 0.55642599375 0.6441558734374999 0.6041760734375 0.6504803328125 0.627774765625 0.6618762078125 0.6182504468750001 0.6771061234375 0.6189333343750001
51 0.6794783828125001 0.609077375 0.664382471875 0.48977823750000005 0.67502566875 0.48528323437500004 0.683287975 0.567162709375 0.693647903125 0.6296551234375001 0.7114050453125 0.621098453125 0.7044078453125 0.5677577 0.6934871578124999 0.5882279515625 0.6878133765625 0.5347246875 0.6743682375 0.44710523281250003 0.6577125421875001 0.46827965625 0.6711408 0.5933749125000001 0.6794783828125001 0.609077375
37 0.7115389765625 0.41065901406250005 0.7355076796875 0.57669196875 0.7141773015624999 0.48685251406249996 0.7051322250000001 0.500715975 0.7080480421875001 0.560934225 0.726567884375 0.6351777375000001 0.7429593453125001 0.6036745421874999 0.7050967781249999 0.3253678734375 0.6963320796875 0.29775 0.69373779375 0.320386084375 0.7115389765625 0.41065901406250005
5 0.7951230093749999 0.44751329218749997 0.794695453125 0.47194102656250003 0.8005923578124999 0.519967453125 0.8088824515624999 0.5595749546875 0.8153494296874999 0.57503106875 0.8264602671875 0.5817919078125 0.8284259015625001 0.597800715625 0.8279983484375 0.6222284515625 0.8208187765625 0.6474852296875 0.824892565625 0.67136026875 0.8317870984375 0.6623886484375 0.836715996875 0.6374082171875 0.8371435515625001 0.6129804828125 0.8315316859375 0.5486689 0.811703196875 0.52672829375 0.807629409375 0.5028532546875 0.8080569656250001 0.4784255203125 0.828313009375 0.475938390625 0.8285980453124999 0.4596532328125 0.8330993875000001 0.4591005375 0.831133753125 0.44309172812500003 0.8246667765625 0.427635615625 0.8111627468749999 0.4292937015625 0.8108777109374999 0.44557885781250006 0.7951230093749999 0.44751329218749997
0 0.8529278765624999 0.48104114375 0.8489966078125001 0.44902352656250005 0.8342395359375001 0.3939599109375 0.8297381937500001 0.39451260625 0.8335269437499999 0.43467280312499995 0.8309912359375 0.4512343078125 0.8385687374999999 0.5315546999999999 0.853325809375 0.5866183125 0.8602203421875 0.5776466921875001 0.8630410859375001 0.54480003125 0.8571441828124999 0.49677360468750004 0.8529278765624999 0.48104114375
46 0.868967615625 0.46282155156250004 0.87514955625 0.4945628234375 0.8807614234375001 0.55887440625 0.88708588125 0.582473096875 0.8894790718750001 0.5740541718750001 0.8838672046875 0.5097425875 0.889366178125 0.4521918453125 0.8956906359374999 0.4757905375 0.901302503125 0.5401021203124999 0.905661328125 0.547692003125 0.9041232484374999 0.5072554578124999 0.8942950765625 0.42721141406249996 0.87868289375 0.4210032703125 0.8758621484375 0.45384993125 0.8632132296874999 0.406652546875 0.8587118874999999 0.4072052421875 0.8582843312499999 0.431632978125 0.860249965625 0.4476417875 0.868967615625 0.46282155156250004
40 0.9406744437500001 0.6002684875 0.9229837328125001 0.45618920625000003 0.9144086015624999 0.43286686249999995 0.9054059156250001 0.433972253125 0.9051208781250001 0.4502574109375 0.9006195343750001 0.45081010624999995 0.9001919796875001 0.475237840625 0.9041232484374999 0.5072554578124999 0.9084820734375001 0.5148453421875 0.9190228375 0.5541764953125 0.922384034375 0.6187644265625 0.9302465718749999 0.6827996609375 0.9414999296875 0.6814179218749999 0.9406744437500001 0.6002684875