15 0.13082326093750002 0.1000324421875 0.13082512500000001 0.0727448578125 0.12724014374999998 0.064935065625 0.0985663078125 0.064935065625 0.078853046875 0.14935065 0.0824372765625 0.409090909375 0.0874755765625 0.5347838046875 0.1039426515625 0.5519480515625 0.10035842343750001 0.33116883124999996 0.139784946875 0.30519480468750004 0.1405566234375 0.27809544218750004 0.09677419375 0.266233765625 0.09278368125 0.15937715624999998 0.1057347671875 0.103896103125 0.1299385515625 0.11607550625 0.1325926015625 0.1224926109375 0.133477315625 0.125701325 0.13082326093750002 0.1000324421875
45 0.13799283125 0.090909090625 0.15770609375 0.4870129875 0.17204301093750002 0.5389610390625 0.15770609375 0.17532467499999999 0.13799283125 0.090909090625
29 0.1935483875 0.46103896093749996 0.211469534375 0.47402597343749997 0.227598565625 0.415584415625 0.258064515625 0.44805194843749996 0.24372759843749997 0.396103896875 0.24193548437499998 0.246753246875 0.22939068125 0.266233765625 0.22939068125 0.3831168828125 0.206093190625 0.428571428125 0.1971326171875 0.30519480468750004 0.1792114703125 0.266233765625 0.1935483875 0.46103896093749996
36 0.26087369531250004 0.40964824687499996 0.27237453437500003 0.4674031171875 0.30286738281250003 0.50649350625 0.3369175625 0.5 0.28387545468750003 0.4353169875 0.27060519375 0.35831049375 0.2670664296875 0.25884381875 0.28299074218750003 0.242800753125 0.2918376125 0.4064395453125 0.30687721562500003 0.3615191953125 0.2971457171875 0.2075062078125 0.27060931875 0.1948051953125 0.25448028749999996 0.29220779218750004 0.26087369531250004 0.40964824687499996
45 0.3458781359375 0.0519480515625 0.354838709375 0.435064934375 0.3763440859375 0.5909090906250001 0.3584229390625 0.08441558437499999 0.3458781359375 0.0519480515625
48 0.4301075265625 0.3701298703125 0.4103852578125 0.29092981875 0.38207539375 0.25884381875 0.379421340625 0.3133901421875 0.38709677343750004 0.435064934375 0.3944609421875 0.5123234812499999 0.415770609375 0.5129870125 0.43369175625 0.44805194843749996 0.4301075265625 0.3701298703125
57 0.4480286734375 0.3701298703125 0.37275985624999997 0.8116883109374999 0.45340501718750004 0.44155844218749996 0.48028673906249997 0.6298701296875 0.462365590625 0.3701298703125 0.47491039375 0.3116883109375 0.492831540625 0.35064934999999997 0.49462365625000004 0.30519480468750004 0.47491039375 0.2207792203125 0.456989246875 0.29870129843750004 0.43369175625 0.240259740625 0.4480286734375 0.3701298703125
5 0.5931899640625 0.49350649375 0.6129032265625 0.5259740265625 0.6164874546875 0.5909090906250001 0.6076698453125 0.6374590265625 0.5908608203125 0.653502090625 0.593514875 0.6791709734375 0.6032464515625 0.698422596875 0.62724014375 0.6298701296875 0.620940190625 0.4834460390625 0.5882067671875 0.464194415625 0.5899761906250001 0.387187921875 0.62624829375 0.4064395453125 0.62724014375 0.3701298703125 0.576705928125 0.3294330515625 0.573476703125 0.5519480515625 0.5820140328125001 0.5668697921875 0.5931899640625 0.49350649375
0 0.6510193937500001 0.5604525328125 0.6648745515625001 0.6103896109375 0.6774193546875 0.6038961031250001 0.6784445484375 0.53799235 0.660750975 0.4609858578125 0.6501347671875 0.44815149375 0.6510193937500001 0.5604525328125
0 0.7383512546875 0.5 0.7191401296875 0.4000224421875 0.6971326171875 0.3766233765625 0.6943688640625 0.4577773109375 0.69892473125 0.5389610390625 0.7085239171875 0.5797041562499999 0.7275985656249999 0.5909090906250001 0.7377184953125 0.5444096109375 0.7383512546875 0.5
46 0.7590477953125 0.5732812468749999 0.7688172046874999 0.5584415578125 0.7678946625 0.4417284421875 0.7795698921875001 0.415584415625 0.7926657671874999 0.44493698750000005 0.7908964265625 0.473814428125 0.7917811359375 0.52515218125 0.7908964265625 0.5668639875 0.800627925 0.5668639875 0.8068207390625 0.4417284421875 0.8209757124999999 0.428894078125 0.8253991078125 0.512317675 0.8324765515625 0.5829070515625 0.8475162359375 0.5668639875 0.8422939062499999 0.5649350656250001 0.8261648750000001 0.3896103890625 0.7917811359375 0.40001663593750003 0.7758568203125 0.3583046890625 0.763471190625 0.4032251953125 0.7537396921874999 0.3326359609375 0.7431234796874999 0.351887584375 0.7581630859375 0.48023168906249997 0.7590477953125 0.5732812468749999
40 0.8607864984375 0.48985749375000004 0.8678639421875 0.5989499734375 0.8873270218749999 0.5700725453125 0.8924731187500001 0.6688311687499999 0.8156676062500001 0.7690060265625001 0.78558831875 0.7914662078125 0.788530465625 0.85064935 0.7917811359375 0.884515765625 0.8333612609375001 0.9230190125 0.8678639421875 0.948687896875 0.8970586015625001 0.9968169484375 0.9175627234375 0.99350649375 0.910394265625 0.6948051953125 0.9946236562499999 0.5324675328125 1 0.44805194843749996 0.9545629609375 0.5636554281249999 0.9086021499999999 0.6493506499999999 0.9023667062499999 0.6470790390625 0.8882116515625 0.40001663593750003 0.8799283156250001 0.3766233765625 0.8669792328125 0.40643375312499996 0.8607864984375 0.48985749375000004