26 0.11140745 0.2769275390625 0.0902315953125 0.45843981562499997 0.05982373125 0.5006348468749999 0.0593165546875 0.5433335171875 0.0853827359375 0.5598278125 0.0736760875 0.682214846875 0.0828820515625 0.68181303125 0.103343503125 0.5484421234375 0.147309528125 0.5557001234375 0.1613672984375 0.553398696875 0.163389203125 0.5194671421875 0.1060229546875 0.4927171640625 0.1055062671875 0.455731359375 0.1326690328125 0.42533312343749996 0.156212765625 0.381595121875 0.1963159953125 0.2460909171875 0.1912035765625 0.1921228421875 0.16859788125 0.1566557171875 0.1440479546875 0.1854955515625 0.127377428125 0.1893553765625 0.11140745 0.2769275390625
42 0.17465651875 0.5664790187500001 0.189288715625 0.5845644484375 0.199536165625 0.4016710296875 0.17465651875 0.5664790187500001
42 0.20326555000000002 0.3140356109375 0.2167385859375 0.3159291234375 0.21594055 0.2116284078125 0.20326555000000002 0.3140356109375
55 0.24911933749999998 0.48878453593750004 0.23495749375 0.4306926875 0.2376035 0.6073836578125 0.3148884421875 0.2896506625 0.24911933749999998 0.48878453593750004
48 0.2995388203125 0.3846304265625 0.27338595625 0.54829651875 0.2992820921875 0.5839940015625 0.3259004796875 0.443473890625 0.2995388203125 0.3846304265625
53 0.342322228125 0.5232295796875001 0.335283003125 0.6211116171875 0.3248582703125 0.7517321078125 0.33666061875 0.73350829375 0.3622196625 0.45331724375000004 0.3864077203125 0.43105476875 0.370725496875 0.3732501046875 0.3897123890625 0.12384738125000001 0.3842346046875 0.1142529515625 0.362534740625 0.320775203125 0.35846350312499997 0.37580369999999996 0.33607119218750003 0.39831855 0.3328977609375 0.4534734359375 0.35200697187499996 0.434774084375 0.3513901296875 0.42613336874999996 0.354673228125 0.42231786875 0.3467294265625 0.48535613906249997 0.342322228125 0.5232295796875001
51 0.4281074046875 0.47386714531249996 0.4441506640625 0.37193332031250004 0.4003633 0.36577940781249996 0.372224621875 0.578216396875 0.3768612703125 0.6429840718750001 0.40836820625000003 0.431020459375 0.4313528765625 0.588791053125 0.4411173296875 0.549945259375 0.43696371875000006 0.5664693640625 0.43669189218750004 0.5472041578125 0.4281074046875 0.47386714531249996
42 0.47236512187499996 0.44001463906250005 0.4606239125 0.4372082671875 0.4415854484375 0.5791528625 0.4418939828125 0.5817940125 0.45017843593749995 0.5897115312500001 0.45085373593750006 0.60529600625 0.47236512187499996 0.44001463906250005
42 0.470089265625 0.24607442499999999 0.481453409375 0.24092929999999999 0.482864471875 0.1209100453125 0.470089265625 0.24607442499999999
45 0.5322291906250001 0.11181879374999999 0.461176965625 0.702920896875 0.471281740625 0.7043410296875 0.5340771609375 0.1842090515625 0.5322291906250001 0.11181879374999999
0 0.548314784375 0.5228192093749999 0.5481660859375 0.6035601374999999 0.5792014171875 0.565152128125 0.5930428562500001 0.448960284375 0.5931286890624999 0.36181443281250003 0.5831899796875 0.311328975 0.5623470312500001 0.3788731203125 0.55083905625 0.4542414265625 0.548314784375 0.5228192093749999
5 0.7128133265625001 0.3055028359375 0.667287221875 0.27506104531250003 0.63683021875 0.455114196875 0.665044678125 0.5231955171875 0.6456331609375 0.6246559656249999 0.6304213828125 0.598474575 0.6441128703125 0.6965728437500001 0.6773585515625 0.508897109375 0.6513531890625 0.42509724843749996 0.67192386875 0.33982871875 0.7128133265625001 0.3055028359375
46 0.7987585390625 0.3416251609375 0.79524225 0.291849021875 0.773549153125 0.36150899375 0.7646866640625001 0.2747237796875 0.7391484328125 0.36522812031249996 0.7395184031250001 0.25835566249999997 0.724898678125 0.27768596875 0.7183572359375 0.522673603125 0.7572894984375 0.36785508437500003 0.749830728125 0.5431259234375 0.7828638453125001 0.379925946875 0.7907201875000001 0.508800040625 0.7987585390625 0.3416251609375
40 1 0.3021269453125 0.986221865625 0.35194240468750004 0.8621424281250001 0.5749393125 0.878328359375 0.2886919328125 0.8132480624999999 0.54402414375 0.8485601656249999 0.5249434234375 0.8408829390625 0.6040095046875 0.67359571875 0.8289484593750001 0.7854687078125 1 0.8158190359375 1 0.8493582 0.6292441390625 1 0.359788421875 1 0.3021269453125