14 0.0552147234375 0.4302325578125 0.0552147234375 0.639534884375 0.064417178125 0.6744186046875 0.1226993859375 0.6627906984374999 0.1196319015625 0.6279069765624999 0.07361963125 0.6162790703125001 0.0766871171875 0.5348837203125 0.095092025 0.5348837203125 0.10122699375 0.558139534375 0.1104294484375 0.546511628125 0.1073619625 0.51162790625 0.0828220859375 0.51162790625 0.07361963125 0.4767441859375 0.1073619625 0.4651162796875 0.1073619625 0.4186046515625 0.0552147234375 0.4302325578125
12 0.171779140625 0.6627906984374999 0.16871165625 0.6279069765624999 0.1564417171875 0.6279069765624999 0.1472392640625 0.59302325625 0.1472392640625 0.5232558140625 0.1564417171875 0.48837209374999996 0.16871165625 0.48837209374999996 0.171779140625 0.45348837187499996 0.1441717796875 0.44186046562500003 0.134969325 0.5 0.134969325 0.6162790703125001 0.1564417171875 0.6744186046875 0.171779140625 0.6627906984374999
23 0.22699386562499999 0.45348837187499996 0.2177914109375 0.4186046515625 0.199386503125 0.4186046515625 0.1779141109375 0.5 0.17234366875 0.567103675 0.1785653859375 0.621062675 0.1963416375 0.6547870234375 0.2150067234375 0.6547870234375 0.2301166140625 0.60420041875 0.23100537499999999 0.5131445343750001 0.22699386562499999 0.45348837187499996
27 0.2423312890625 0.558139534375 0.23312883437499998 0.59302325625 0.2423312890625 0.651162790625 0.26993865 0.639534884375 0.2760736203125 0.6162790703125001 0.2760736203125 0.5697674421875 0.2576687109375 0.5 0.2576687109375 0.4767441859375 0.273006134375 0.4651162796875 0.2760736203125 0.4302325578125 0.2484662578125 0.4186046515625 0.239263803125 0.45348837187499996 0.239263803125 0.5232558140625 0.26380368125000003 0.59302325625 0.2546012265625 0.6046511625 0.2423312890625 0.558139534375
24 0.3220858890625 0.5813953484375001 0.33128834375 0.546511628125 0.33128834375 0.4767441859375 0.3220858890625 0.44186046562500003 0.2975460125 0.44186046562500003 0.2883435578125 0.4767441859375 0.2883435578125 0.6627906984374999 0.2975460125 0.6976744187499999 0.300613496875 0.6860465109375 0.300613496875 0.59302325625 0.3220858890625 0.5813953484375001
26 0.36503067499999997 0.5813953484375001 0.3834355828125 0.651162790625 0.39877300625 0.639534884375 0.374233128125 0.546511628125 0.3865030671875 0.5 0.3834355828125 0.4186046515625 0.3435582828125 0.4302325578125 0.3435582828125 0.6627906984374999 0.3558282203125 0.6627906984374999 0.35889570625 0.5813953484375001 0.36503067499999997 0.5813953484375001
18 0.41411042968749995 0.44186046562500003 0.404907975 0.4767441859375 0.404907975 0.639534884375 0.4176562640625 0.675021675 0.41854510468750006 0.55024141875 0.41411042968749995 0.44186046562500003
22 0.4447852765625 0.558139534375 0.47009633125 0.6649043484375 0.4798732515625 0.6649043484375 0.477206809375 0.5907107203125 0.47852760781250003 0.5 0.47546012343750005 0.44186046562500003 0.46625766874999997 0.4767441859375 0.463190184375 0.558139534375 0.4539877296875 0.5232558140625 0.4539877296875 0.5 0.4447852765625 0.4651162796875 0.43865030625 0.4651162796875 0.435582821875 0.639534884375 0.4417177921875 0.639534884375 0.4447852765625 0.558139534375
8 0.5521472390625 0.6162790703125001 0.56134969375 0.651162790625 0.5889570546875 0.639534884375 0.595092025 0.6162790703125001 0.5963078281249999 0.583965790625 0.5829756203125 0.5266343953125 0.595092025 0.5 0.595092025 0.4302325578125 0.57675398125 0.38499190625 0.5545336078124999 0.401854 0.5465342890625 0.42546118593750004 0.543867846875 0.46255792968750004 0.5456454421875 0.5063997437500001 0.5625329328124999 0.5333791859375 0.5521472390625 0.6162790703125001
1 0.6345268468749999 0.42883358125 0.6229722390625 0.411971325 0.6194170421875 0.641297325 0.6354156875 0.6615319765625001 0.6345268468749999 0.42883358125
46 0.6809815953125 0.5 0.6993865031250001 0.5232558140625 0.6993865031250001 0.5697674421875 0.693251534375 0.59302325625 0.7024539875 0.6279069765624999 0.705521471875 0.6162790703125001 0.7074096015625 0.55024141875 0.712742484375 0.61431774375 0.727852375 0.6278076046875001 0.728741134375 0.573848465625 0.7465174593749999 0.6109453484375 0.7429620984375 0.503027209375 0.72607469375 0.519889465625 0.722519490625 0.48953751093750003 0.7136312453125 0.5063997437500001 0.7024539875 0.4651162796875 0.6840490796875 0.4651162796875 0.6809815953125 0.5
40 0.773006134375 0.6162790703125001 0.773006134375 0.709302325 0.7423312890625 0.8023255812500001 0.7423312890625 0.8953488374999999 0.7589607484374999 0.9380720468750001 0.7760736203125 1 0.7914110421875 0.98837209375 0.7914110421875 0.941860465625 0.7852760734374999 0.9186046515624999 0.7852760734374999 0.755813953125 0.7914110421875 0.7325581390625 0.7914110421875 0.59302325625 0.80368098125 0.546511628125 0.80368098125 0.5 0.794478528125 0.4651162796875 0.7699386500000001 0.4651162796875 0.7546012265625001 0.5232558140625 0.7546012265625001 0.5697674421875 0.773006134375 0.6162790703125001